chrom	start	end	strand	score	score_type	src_coverage	coverage	ref_base	five_mer_raw	center_status	drach
chr1	31235	31236	-	0.738462	mod_ratio	65	124	T	GGTCT	ok	True
chr1	31421	31422	-	0.398374	mod_ratio	123	145	T	GGTCC	ok	True
chr1	32457	32458	-	0.642105	mod_ratio	95	123	T	GGTCC	ok	True
chr1	32657	32658	-	0.558824	mod_ratio	102	124	T	AGTTT	ok	True
chr1	33878	33879	-	0.729167	mod_ratio	96	120	T	TGTTC	ok	True
chr1	33898	33899	-	0.537634	mod_ratio	93	125	T	AGTCT	ok	True
chr1	34052	34053	-	0.188525	mod_ratio	122	139	T	TGTTT	ok	True
chr1	34120	34121	-	0.963964	mod_ratio	111	143	T	TGTCT	ok	True
chr1	34125	34126	-	0.733333	mod_ratio	105	129	T	CGTTT	ok	False
chr1	34143	34144	-	0.201754	mod_ratio	114	140	T	TGTTC	ok	True
chr1	34635	34636	-	0.386139	mod_ratio	101	115	T	TGTTT	ok	True
chr1	35443	35444	-	0.557143	mod_ratio	70	84	T	GGTCT	ok	True
chr1	35566	35567	-	0.65	mod_ratio	40	61	T	ACTTT	ok	False
chr1	35885	35886	-	0.942029	mod_ratio	69	79	T	CGTTT	ok	False
chr1	35913	35914	-	0.706897	mod_ratio	58	78	T	TGTCC	ok	True
chr1	36673	36674	-	0.645161	mod_ratio	62	78	T	TGTCC	ok	True
chr1	45463	45464	-	0.851852	mod_ratio	54	64	T	TGTCC	ok	True
chr1	45725	45726	-	0.5	mod_ratio	52	75	T	GGTCT	ok	True
chr1	46045	46046	-	0.590164	mod_ratio	61	70	T	TGTTC	ok	True
chr1	46080	46081	-	0.619048	mod_ratio	63	69	T	AGTTT	ok	True
chr1	46392	46393	-	0.384615	mod_ratio	65	70	T	AGTTC	ok	True
chr1	46669	46670	-	0.6	mod_ratio	40	62	T	AGTTT	ok	True
chr1	47577	47578	-	0.885714	mod_ratio	35	57	T	AGTTT	ok	True
chr1	47764	47765	-	0.384615	mod_ratio	104	120	T	GGTCC	ok	True
chr1	48345	48346	-	0.774648	mod_ratio	71	79	T	AGTTT	ok	True
chr1	48398	48399	-	0.378788	mod_ratio	66	75	T	AGTTC	ok	True
chr1	48441	48442	-	0.52381	mod_ratio	63	71	T	TGTTT	ok	True
chr1	50190	50191	-	0.628378	mod_ratio	592	794	T	AGTCC	ok	True
chr1	50240	50241	-	0.389831	mod_ratio	59	604	T	AGTCT	ok	True
chr1	50242	50243	-	0.33237	mod_ratio	346	1123	T	TCTCC	ok	False
chr1	50249	50250	-	0.191057	mod_ratio	246	1042	T	TATCC	ok	False
chr1	50282	50283	-	0.761741	mod_ratio	873	1029	T	CGTTT	ok	False
chr1	50518	50519	-	0.110119	mod_ratio	1008	1122	T	CGTTC	ok	False
chr1	50544	50545	-	0.388611	mod_ratio	1001	1105	T	CGTTT	ok	False
chr1	50901	50902	-	0.402299	mod_ratio	87	1079	T	CGTCC	ok	False
chr1	57680	57681	-	0.863636	mod_ratio	44	49	T	CGTCT	ok	False
chr1	57956	57957	-	0.837838	mod_ratio	37	46	T	CGTCT	ok	False
chr1	58106	58107	-	0.766667	mod_ratio	30	37	T	AGTTT	ok	True
chr1	58336	58337	-	0.888889	mod_ratio	27	40	T	GGTTT	ok	True
chr1	73669	73670	+	0.956522	mod_ratio	23	27	A	AGACC	ok	True
chr1	73994	73995	-	0.346667	mod_ratio	75	158	T	AGTTC	ok	True
chr1	74061	74062	-	0.261905	mod_ratio	168	207	T	CGTTC	ok	False
chr1	74175	74176	-	0.144654	mod_ratio	159	205	T	GGTTC	ok	True
chr1	89256	89257	+	0.705882	mod_ratio	34	38	A	AAACT	ok	True
chr1	121579	121580	-	0.412698	mod_ratio	63	71	T	TGTTT	ok	True
chr1	121772	121773	-	0.842105	mod_ratio	57	63	T	CGTTT	ok	False
chr1	122166	122167	-	0.76087	mod_ratio	46	53	T	GGTCC	ok	True
chr1	122202	122203	-	0.787234	mod_ratio	47	53	T	GGTCC	ok	True
chr1	123362	123363	-	0.962963	mod_ratio	27	30	T	TGTCT	ok	True
chr1	156825	156826	-	0.903226	mod_ratio	62	68	T	CGTTT	ok	False
chr1	156877	156878	-	0.606557	mod_ratio	61	73	T	GGTCC	ok	True
chr1	157169	157170	-	0.685714	mod_ratio	70	77	T	TGTTT	ok	True
chr1	157583	157584	-	0.52381	mod_ratio	42	67	T	GGTCT	ok	True
chr1	157638	157639	-	0.52	mod_ratio	50	64	T	GGTTT	ok	True
chr1	172272	172273	-	0.583333	mod_ratio	108	125	T	GGTCT	ok	True
chr1	172321	172322	-	0.702128	mod_ratio	94	120	T	AGTTT	ok	True
chr1	172412	172413	-	0.633663	mod_ratio	101	123	T	TGTCC	ok	True
chr1	172430	172431	-	0.44086	mod_ratio	93	125	T	CGTCT	ok	False
chr1	172743	172744	-	0.712871	mod_ratio	101	114	T	CGTCC	ok	False
chr1	172763	172764	-	0.413793	mod_ratio	87	111	T	GGTTT	ok	True
chr1	172781	172782	-	0.417582	mod_ratio	91	105	T	AGTTT	ok	True
chr1	172840	172841	-	0.264368	mod_ratio	87	104	T	TGTTT	ok	True
chr1	180727	180728	-	0.676471	mod_ratio	34	65	T	GGTCC	ok	True
chr1	191886	191887	+	0.923077	mod_ratio	26	29	A	AGACG	ok	False
chr1	192145	192146	+	0.956522	mod_ratio	23	28	A	AAACG	ok	False
chr1	197812	197813	+	0.793103	mod_ratio	29	32	A	AAACG	ok	False
chr1	198074	198075	+	0.611111	mod_ratio	36	37	A	AAACG	ok	False
chr1	200645	200646	+	0.723684	mod_ratio	76	97	A	AGACC	ok	True
chr1	200719	200720	+	0.428571	mod_ratio	77	101	A	AAACA	ok	True
chr1	200976	200977	+	0.891304	mod_ratio	92	109	A	AGACA	ok	True
chr1	201131	201132	+	0.365385	mod_ratio	104	114	A	AGACC	ok	True
chr1	201207	201208	+	0.852941	mod_ratio	102	122	A	AAACG	ok	False
chr1	201255	201256	+	0.212963	mod_ratio	108	122	A	GAACG	ok	False
chr1	201285	201286	+	0.5875	mod_ratio	80	127	A	AGACG	ok	False
chr1	201337	201338	+	0.242991	mod_ratio	107	123	A	AAACT	ok	True
chr1	201578	201579	+	0.726496	mod_ratio	117	135	A	AAACT	ok	True
chr1	221808	221809	-	0.851852	mod_ratio	27	36	T	AGTTT	ok	True
chr1	225882	225883	-	0.134241	mod_ratio	514	667	T	AGTCC	ok	True
chr1	225964	225965	-	0.212264	mod_ratio	212	724	T	GTTTT	ok	False
chr1	226063	226064	-	0.515702	mod_ratio	605	756	T	GGTCC	ok	True
chr1	226177	226178	-	0.473765	mod_ratio	648	736	T	CGTCC	ok	False
chr1	226189	226190	-	0.105691	mod_ratio	492	732	T	GGTCC	ok	True
chr1	226241	226242	-	0.23937	mod_ratio	635	720	T	TGTTC	ok	True
chr1	226541	226542	-	0.37613	mod_ratio	553	646	T	AGTTT	ok	True
chr1	226678	226679	-	0.168096	mod_ratio	583	639	T	GGTTT	ok	True
chr1	226937	226938	-	0.359855	mod_ratio	553	620	T	TGTTT	ok	True
chr1	227087	227088	-	0.275926	mod_ratio	540	597	T	AGTCT	ok	True
chr1	227097	227098	-	0.534799	mod_ratio	546	599	T	CGTCT	ok	False
chr1	227192	227193	-	0.294118	mod_ratio	527	573	T	CGTTC	ok	False
chr1	229337	229338	+	0.927273	mod_ratio	55	60	A	AAACT	ok	True
chr1	229477	229478	+	0.480769	mod_ratio	52	61	A	GGACA	ok	True
chr1	230610	230611	+	0.545455	mod_ratio	66	79	A	AGACG	ok	False
chr1	269540	269541	+	0.793103	mod_ratio	58	75	A	AAACG	ok	False
chr1	269552	269553	+	0.9	mod_ratio	50	74	A	AAACG	ok	False
chr1	269586	269587	+	0.365079	mod_ratio	63	74	A	AGACC	ok	True
chr1	269688	269689	+	0.444444	mod_ratio	63	74	A	GGACG	ok	False
chr1	290221	290222	+	0.911765	mod_ratio	34	40	A	AGACG	ok	False
chr1	293632	293633	+	0.373333	mod_ratio	75	82	A	AGACT	ok	True
chr1	294282	294283	+	0.363636	mod_ratio	77	88	A	AAACT	ok	True
chr1	294818	294819	+	0.651685	mod_ratio	89	106	A	AAACT	ok	True
chr1	294989	294990	+	0.378049	mod_ratio	82	92	A	AAACT	ok	True
chr1	296500	296501	-	0.882353	mod_ratio	34	41	T	CGTTT	ok	False
chr1	296631	296632	-	0.657143	mod_ratio	35	41	T	TGTTT	ok	True
chr1	296835	296836	-	0.787879	mod_ratio	33	38	T	CGTCC	ok	False
chr1	297707	297708	-	0.9375	mod_ratio	32	34	T	GGTCT	ok	True
chr1	389594	389595	-	0.916667	mod_ratio	24	26	T	GGTTT	ok	True
chr1	400938	400939	-	0.6	mod_ratio	40	47	T	AGTTT	ok	True
chr1	403258	403259	-	0.546875	mod_ratio	64	99	T	GGTTC	ok	True
chr1	403269	403270	-	0.597015	mod_ratio	67	111	T	GGTTC	ok	True
chr1	404335	404336	-	0.384615	mod_ratio	104	123	T	TGTCC	ok	True
chr1	409728	409729	+	0.5	mod_ratio	46	53	A	AAACT	ok	True
chr1	410035	410036	+	0.534884	mod_ratio	43	59	A	AAACG	ok	False
chr1	410361	410362	+	0.360656	mod_ratio	61	67	A	GAACA	ok	True
chr1	410394	410395	+	0.648148	mod_ratio	54	66	A	AGACC	ok	True
chr1	448684	448685	-	0.302752	mod_ratio	109	119	T	TGTCT	ok	True
chr1	448838	448839	-	0.245098	mod_ratio	102	113	T	AGTTT	ok	True
chr1	448941	448942	-	0.35	mod_ratio	100	106	T	AGTTC	ok	True
chr1	449061	449062	-	0.5625	mod_ratio	96	104	T	CGTCC	ok	False
chr1	449266	449267	-	0.868421	mod_ratio	38	98	T	GTTTT	ok	False
chr1	449301	449302	-	0.391304	mod_ratio	69	85	T	AGTTT	ok	True
chr1	449823	449824	-	0.815789	mod_ratio	76	88	T	GGTCT	ok	True
chr1	450376	450377	-	0.647059	mod_ratio	51	60	T	CGTTT	ok	False
chr1	456347	456348	+	0.672727	mod_ratio	55	59	A	AAACG	ok	False
chr1	456521	456522	+	0.777778	mod_ratio	54	62	A	AAACC	ok	True
chr1	457584	457585	+	0.5625	mod_ratio	64	78	A	AAACT	ok	True
chr1	457734	457735	+	0.6	mod_ratio	60	70	A	GAACC	ok	True
chr1	457915	457916	+	0.84375	mod_ratio	64	79	A	AGACA	ok	True
chr1	457974	457975	+	0.637931	mod_ratio	58	79	A	AAACA	ok	True
chr1	464515	464516	-	0.8125	mod_ratio	32	40	T	AGTTT	ok	True
chr1	514139	514140	-	0.507937	mod_ratio	63	67	T	CGTTC	ok	False
chr1	519085	519086	+	0.433526	mod_ratio	173	182	A	AGACA	ok	True
chr1	519134	519135	+	0.349693	mod_ratio	163	184	A	GAACA	ok	True
chr1	519165	519166	+	0.81457	mod_ratio	151	176	A	AGACA	ok	True
chr1	519177	519178	+	0.196429	mod_ratio	168	184	A	AGACC	ok	True
chr1	519340	519341	+	0.468927	mod_ratio	177	196	A	AGACA	ok	True
chr1	519435	519436	+	0.128655	mod_ratio	171	200	A	AAACC	ok	True
chr1	519530	519531	+	0.308571	mod_ratio	175	202	A	AGACC	ok	True
chr1	519633	519634	+	0.171598	mod_ratio	169	204	A	AAACT	ok	True
chr1	519709	519710	+	0.78836	mod_ratio	189	211	A	AGACG	ok	False
chr1	519856	519857	+	0.148515	mod_ratio	202	231	A	AGACC	ok	True
chr1	519896	519897	+	0.769634	mod_ratio	191	235	A	AGACA	ok	True
chr1	520008	520009	+	0.401163	mod_ratio	172	251	A	AGACT	ok	True
chr1	520024	520025	+	0.271493	mod_ratio	221	258	A	AGACA	ok	True
chr1	520067	520068	+	0.383621	mod_ratio	232	258	A	AGACC	ok	True
chr1	520128	520129	+	0.540984	mod_ratio	61	262	A	AAACT	ok	True
chr1	520142	520143	+	0.105932	mod_ratio	236	256	A	GGACA	ok	True
chr1	520201	520202	+	0.612565	mod_ratio	191	261	A	GGACA	ok	True
chr1	520205	520206	+	0.528384	mod_ratio	229	265	A	AAACC	ok	True
chr1	520253	520254	+	0.346405	mod_ratio	153	261	A	AAACC	ok	True
chr1	537956	537957	+	0.914286	mod_ratio	35	204	A	GAACG	ok	False
chr1	537961	537962	+	0.142077	mod_ratio	183	203	A	GAACT	ok	True
chr1	538287	538288	+	0.264045	mod_ratio	178	218	A	GGACA	ok	True
chr1	538469	538470	+	0.247312	mod_ratio	186	234	A	GGACA	ok	True
chr1	539282	539283	+	0.488789	mod_ratio	223	254	A	GAACC	ok	True
chr1	539411	539412	+	0.302128	mod_ratio	235	268	A	AAACT	ok	True
chr1	539461	539462	+	0.273504	mod_ratio	234	272	A	AAACC	ok	True
chr1	539644	539645	+	0.909449	mod_ratio	254	284	A	AAACG	ok	False
chr1	539689	539690	+	0.504	mod_ratio	250	288	A	AAACC	ok	True
chr1	539924	539925	+	0.489796	mod_ratio	147	291	A	AAACT	ok	True
chr1	539950	539951	+	0.784314	mod_ratio	51	260	A	AGACC	ok	True
chr1	607943	607944	-	0.726392	mod_ratio	413	634	T	GGTCT	ok	True
chr1	608004	608005	-	0.19964	mod_ratio	556	859	T	TGTTC	ok	True
chr1	608070	608071	-	0.211356	mod_ratio	951	1078	T	AGTCT	ok	True
chr1	608931	608932	-	0.198381	mod_ratio	494	601	T	TGTTT	ok	True
chr1	608932	608933	-	0.187023	mod_ratio	262	874	T	GTTTT	ok	False
chr1	622089	622090	+	0.935484	mod_ratio	31	64	A	AAACG	ok	False
chr1	622114	622115	+	0.559322	mod_ratio	59	64	A	AAACC	ok	True
chr1	622284	622285	+	0.678571	mod_ratio	56	59	A	AAACA	ok	True
chr1	623920	623921	-	0.292079	mod_ratio	202	261	T	GGTTT	ok	True
chr1	623921	623922	-	0.448598	mod_ratio	107	382	T	GTTTT	ok	False
chr1	623945	623946	-	0.318681	mod_ratio	364	396	T	TGTTC	ok	True
chr1	624015	624016	-	0.301818	mod_ratio	275	338	T	GGTTT	ok	True
chr1	624108	624109	-	0.827273	mod_ratio	220	246	T	CGTTT	ok	False
chr1	624109	624110	-	0.890625	mod_ratio	128	397	T	GTTTT	ok	False
chr1	624133	624134	-	0.323899	mod_ratio	318	393	T	CGTCT	ok	False
chr1	624242	624243	-	0.32	mod_ratio	350	384	T	CGTTC	ok	False
chr1	624309	624310	-	0.438486	mod_ratio	317	374	T	GGTTT	ok	True
chr1	624317	624318	-	0.429104	mod_ratio	268	320	T	GGTTT	ok	True
chr1	624326	624327	-	0.153846	mod_ratio	169	229	T	AGTTT	ok	True
chr1	624327	624328	-	0.356164	mod_ratio	146	375	T	GTTTT	ok	False
chr1	624361	624362	-	0.366337	mod_ratio	303	373	T	AGTTT	ok	True
chr1	624370	624371	-	0.103896	mod_ratio	308	383	T	GGTTC	ok	True
chr1	624430	624431	-	0.634146	mod_ratio	328	377	T	CGTCC	ok	False
chr1	629638	629639	+	0.333333	mod_ratio	69	79	A	AAACA	ok	True
chr1	629673	629674	+	0.358209	mod_ratio	67	80	A	GAACG	ok	False
chr1	632301	632302	+	0.846154	mod_ratio	26	30	A	AAACC	ok	True
chr1	632894	632895	+	0.8125	mod_ratio	32	34	A	GGACG	ok	False
chr1	637714	637715	-	0.967742	mod_ratio	31	35	T	TGTCT	ok	True
chr1	654089	654090	-	0.804878	mod_ratio	41	53	T	CGTTT	ok	False
chr1	661288	661289	-	0.588235	mod_ratio	51	54	T	AGTTT	ok	True
chr1	661747	661748	-	0.613636	mod_ratio	44	51	T	TGTCT	ok	True
chr1	753422	753423	-	0.43021	mod_ratio	523	585	T	AGTTC	ok	True
chr1	753484	753485	-	0.695811	mod_ratio	549	688	T	TGTTT	ok	True
chr1	753485	753486	-	0.211921	mod_ratio	151	866	T	GTTTT	ok	False
chr1	753489	753490	-	0.440341	mod_ratio	704	895	T	TGTTT	ok	True
chr1	753493	753494	-	0.771102	mod_ratio	699	912	T	TGTCT	ok	True
chr1	753600	753601	-	0.376704	mod_ratio	807	901	T	TGTTT	ok	True
chr1	753605	753606	-	0.208805	mod_ratio	795	922	T	AGTCC	ok	True
chr1	753770	753771	-	0.580468	mod_ratio	727	852	T	AGTTT	ok	True
chr1	753846	753847	-	0.127688	mod_ratio	744	832	T	AGTTC	ok	True
chr1	753930	753931	-	0.540084	mod_ratio	711	810	T	TGTTT	ok	True
chr1	753936	753937	-	0.412181	mod_ratio	706	820	T	GGTCT	ok	True
chr1	754004	754005	-	0.135747	mod_ratio	221	797	T	GTTTT	ok	False
chr1	754024	754025	-	0.340726	mod_ratio	496	674	T	GGTTT	ok	True
chr1	754025	754026	-	0.567568	mod_ratio	74	786	T	GTTTT	ok	False
chr1	754076	754077	-	0.605067	mod_ratio	671	750	T	AGTTT	ok	True
chr1	754144	754145	-	0.371287	mod_ratio	202	726	T	AGTTT	ok	True
chr1	787545	787546	+	0.488889	mod_ratio	45	54	A	AGACG	ok	False
chr1	787681	787682	+	0.622642	mod_ratio	53	58	A	GGACG	ok	False
chr1	787832	787833	+	0.928571	mod_ratio	56	62	A	AAACG	ok	False
chr1	788405	788406	+	0.742424	mod_ratio	66	76	A	AAACT	ok	True
chr1	788476	788477	+	0.342466	mod_ratio	73	82	A	AAACT	ok	True
chr1	818266	818267	-	0.410959	mod_ratio	73	91	T	AGTTT	ok	True
chr1	819045	819046	-	0.305556	mod_ratio	72	90	T	TGTCC	ok	True
chr1	869109	869110	-	0.686869	mod_ratio	99	135	T	AGTTT	ok	True
chr1	869113	869114	-	0.666667	mod_ratio	36	132	T	TGTCT	ok	True
chr1	869367	869368	-	0.3	mod_ratio	120	144	T	GGTTT	ok	True
chr1	870510	870511	-	0.545455	mod_ratio	99	135	T	TGTCT	ok	True
chr1	870689	870690	-	0.691057	mod_ratio	123	134	T	GGTTT	ok	True
chr1	870792	870793	-	0.287037	mod_ratio	108	129	T	CGTCC	ok	False
chr1	870897	870898	-	0.923077	mod_ratio	117	124	T	TGTCT	ok	True
chr1	870919	870920	-	0.536842	mod_ratio	95	119	T	AGTCT	ok	True
chr1	870998	870999	-	0.410714	mod_ratio	112	117	T	CGTTC	ok	False
chr1	871003	871004	-	0.772277	mod_ratio	101	115	T	AGTTT	ok	True
chr1	871055	871056	-	0.316832	mod_ratio	101	116	T	GGTTT	ok	True
chr1	898950	898951	+	0.537698	mod_ratio	504	595	A	AAACC	ok	True
chr1	898971	898972	+	0.555882	mod_ratio	340	589	A	AAACC	ok	True
chr1	899444	899445	+	0.250493	mod_ratio	507	696	A	AAACT	ok	True
chr1	899530	899531	+	0.125673	mod_ratio	557	711	A	AAACT	ok	True
chr1	907903	907904	+	0.537879	mod_ratio	132	147	A	AAACC	ok	True
chr1	908034	908035	+	0.192593	mod_ratio	135	153	A	GAACA	ok	True
chr1	908049	908050	+	0.204082	mod_ratio	147	158	A	AAACC	ok	True
chr1	908370	908371	+	0.213836	mod_ratio	159	172	A	GAACA	ok	True
chr1	908467	908468	+	0.578231	mod_ratio	147	176	A	GAACC	ok	True
chr1	908541	908542	+	0.552632	mod_ratio	152	178	A	AAACG	ok	False
chr1	908741	908742	+	0.893617	mod_ratio	141	198	A	AAACA	ok	True
chr1	908792	908793	+	0.144444	mod_ratio	180	201	A	AGACA	ok	True
chr1	908835	908836	+	0.188172	mod_ratio	186	204	A	AGACG	ok	False
chr1	909138	909139	+	0.340206	mod_ratio	194	217	A	GAACA	ok	True
chr1	909205	909206	+	0.295	mod_ratio	200	217	A	AAACT	ok	True
chr1	909320	909321	+	0.296512	mod_ratio	172	199	A	AGACT	ok	True
chr1	916906	916907	-	0.159851	mod_ratio	269	325	T	AGTCT	ok	True
chr1	916985	916986	-	0.122302	mod_ratio	278	315	T	AGTTC	ok	True
chr1	917142	917143	-	0.328829	mod_ratio	222	344	T	AGTTT	ok	True
chr1	917181	917182	-	0.128617	mod_ratio	311	340	T	AGTTC	ok	True
chr1	977256	977257	-	0.771429	mod_ratio	35	41	T	TGTCT	ok	True
chr1	979379	979380	-	0.974359	mod_ratio	39	55	T	TGTCC	ok	True
chr1	979412	979413	-	0.350649	mod_ratio	77	85	T	AGTTT	ok	True
chr1	979456	979457	-	0.755556	mod_ratio	45	84	T	CGTCT	ok	False
chr1	979769	979770	-	0.690141	mod_ratio	71	89	T	TGTCC	ok	True
chr1	979953	979954	-	0.391892	mod_ratio	74	86	T	CGTTC	ok	False
chr1	980240	980241	-	0.353846	mod_ratio	65	81	T	GGTTT	ok	True
chr1	982922	982923	-	0.218182	mod_ratio	110	144	T	GGTTT	ok	True
chr1	982926	982927	-	0.44186	mod_ratio	129	148	T	TGTTT	ok	True
chr1	982961	982962	-	0.243902	mod_ratio	123	147	T	TGTCT	ok	True
chr1	983053	983054	-	0.508333	mod_ratio	120	134	T	AGTTT	ok	True
chr1	983081	983082	-	0.365079	mod_ratio	126	137	T	GGTTT	ok	True
chr1	983095	983096	-	0.616071	mod_ratio	112	136	T	GGTTT	ok	True
chr1	983195	983196	-	0.3	mod_ratio	100	129	T	TGTTT	ok	True
chr1	992451	992452	+	0.582278	mod_ratio	79	87	A	AAACC	ok	True
chr1	992605	992606	+	0.947368	mod_ratio	76	91	A	AAACG	ok	False
chr1	992659	992660	+	0.304878	mod_ratio	82	91	A	GAACG	ok	False
chr1	992881	992882	+	0.775862	mod_ratio	58	94	A	GGACA	ok	True
chr1	992921	992922	+	0.4	mod_ratio	80	92	A	AGACA	ok	True
chr1	1042710	1042711	-	0.287129	mod_ratio	101	114	T	TGTTT	ok	True
chr1	1043463	1043464	-	0.449438	mod_ratio	89	106	T	CGTCC	ok	False
chr1	1043674	1043675	-	0.552941	mod_ratio	85	99	T	CGTCT	ok	False
chr1	1043745	1043746	-	0.395604	mod_ratio	91	96	T	TGTTC	ok	True
chr1	1043809	1043810	-	0.282051	mod_ratio	78	94	T	GGTTC	ok	True
chr1	1043820	1043821	-	0.325	mod_ratio	80	91	T	TGTTT	ok	True
chr1	1051054	1051055	-	0.846154	mod_ratio	26	30	T	AGTTT	ok	True
chr1	1055929	1055930	+	0.735294	mod_ratio	34	42	A	GGACG	ok	False
chr1	1097897	1097898	+	0.57377	mod_ratio	61	71	A	AGACC	ok	True
chr1	1098477	1098478	+	0.568627	mod_ratio	51	71	A	AAACG	ok	False
chr1	1098878	1098879	+	0.626866	mod_ratio	67	75	A	AAACC	ok	True
chr1	1099152	1099153	+	0.348485	mod_ratio	66	78	A	GAACA	ok	True
chr1	1099201	1099202	+	0.305556	mod_ratio	72	78	A	GAACA	ok	True
chr1	1099211	1099212	+	0.80597	mod_ratio	67	79	A	GGACC	ok	True
chr1	1099290	1099291	+	0.315068	mod_ratio	73	83	A	GAACT	ok	True
chr1	1099560	1099561	+	0.493151	mod_ratio	73	90	A	AAACT	ok	True
chr1	1099669	1099670	+	0.482143	mod_ratio	56	73	A	GAACC	ok	True
chr1	1129150	1129151	-	0.7	mod_ratio	40	49	T	TGTTT	ok	True
chr1	1137489	1137490	+	0.225564	mod_ratio	133	156	A	AGACT	ok	True
chr1	1138514	1138515	+	0.170543	mod_ratio	129	172	A	GAACT	ok	True
chr1	1138534	1138535	+	0.523364	mod_ratio	107	146	A	AGACA	ok	True
chr1	1138566	1138567	+	0.638889	mod_ratio	108	136	A	GAACA	ok	True
chr1	1141988	1141989	-	0.186813	mod_ratio	728	963	T	AGTCT	ok	True
chr1	1142857	1142858	-	0.158621	mod_ratio	580	899	T	GGTTC	ok	True
chr1	1165346	1165347	+	0.681818	mod_ratio	44	56	A	AGACG	ok	False
chr1	1165584	1165585	+	0.5	mod_ratio	52	58	A	AAACG	ok	False
chr1	1165737	1165738	+	0.596154	mod_ratio	52	60	A	AGACT	ok	True
chr1	1166066	1166067	+	0.649123	mod_ratio	57	64	A	AGACA	ok	True
chr1	1185614	1185615	-	0.814815	mod_ratio	27	50	T	TGTTT	ok	True
chr1	1185925	1185926	-	0.741379	mod_ratio	58	62	T	GGTTT	ok	True
chr1	1186461	1186462	-	0.690476	mod_ratio	42	53	T	TGTCC	ok	True
chr1	1189260	1189261	-	0.422	mod_ratio	500	662	T	GGTTT	ok	True
chr1	1189319	1189320	-	0.18913	mod_ratio	460	668	T	TGTTT	ok	True
chr1	1189416	1189417	-	0.355263	mod_ratio	608	689	T	GGTTT	ok	True
chr1	1189812	1189813	-	0.477823	mod_ratio	496	630	T	AGTTC	ok	True
chr1	1189934	1189935	-	0.537525	mod_ratio	493	603	T	CGTCC	ok	False
chr1	1190038	1190039	-	0.175676	mod_ratio	518	598	T	CGTCC	ok	False
chr1	1190143	1190144	-	0.255765	mod_ratio	477	565	T	CGTTC	ok	False
chr1	1190187	1190188	-	0.623441	mod_ratio	401	551	T	TGTCC	ok	True
chr1	1190793	1190794	-	0.447727	mod_ratio	440	492	T	CGTTC	ok	False
chr1	1190903	1190904	-	0.592308	mod_ratio	390	478	T	TGTCC	ok	True
chr1	1192249	1192250	+	0.571429	mod_ratio	49	89	A	AAACG	ok	False
chr1	1192541	1192542	+	0.310345	mod_ratio	87	99	A	GAACT	ok	True
chr1	1192760	1192761	+	0.757143	mod_ratio	70	101	A	AAACG	ok	False
chr1	1193296	1193297	+	0.398058	mod_ratio	103	116	A	GAACG	ok	False
chr1	1193807	1193808	+	0.201835	mod_ratio	109	126	A	GAACT	ok	True
chr1	1193849	1193850	+	0.557895	mod_ratio	95	120	A	GAACG	ok	False
chr1	1193874	1193875	+	0.47541	mod_ratio	61	82	A	GGACC	ok	True
chr1	1199288	1199289	+	0.578947	mod_ratio	38	39	A	GAACA	ok	True
chr1	1199725	1199726	+	0.641026	mod_ratio	39	41	A	GAACG	ok	False
chr1	1200029	1200030	+	0.756757	mod_ratio	37	47	A	AGACC	ok	True
chr1	1200154	1200155	+	0.536585	mod_ratio	41	49	A	AAACC	ok	True
chr1	1200159	1200160	+	0.581395	mod_ratio	43	47	A	AAACT	ok	True
chr1	1201026	1201027	+	0.641509	mod_ratio	53	58	A	AGACA	ok	True
chr1	1201087	1201088	+	0.814815	mod_ratio	54	58	A	AGACC	ok	True
chr1	1201215	1201216	+	0.755556	mod_ratio	45	55	A	AGACA	ok	True
chr1	1234381	1234382	-	0.378049	mod_ratio	82	102	T	TGTTT	ok	True
chr1	1234718	1234719	-	0.855556	mod_ratio	90	104	T	TGTCT	ok	True
chr1	1235014	1235015	-	0.45	mod_ratio	80	101	T	TGTCC	ok	True
chr1	1235066	1235067	-	0.815789	mod_ratio	76	99	T	CGTTT	ok	False
chr1	1241312	1241313	+	0.647059	mod_ratio	34	42	A	AGACG	ok	False
chr1	1289749	1289750	-	0.916667	mod_ratio	24	44	T	GTTTT	ok	False
chr1	1289807	1289808	-	0.590909	mod_ratio	44	57	T	TGTCT	ok	True
chr1	1292152	1292153	+	0.886364	mod_ratio	44	54	A	AAACG	ok	False
chr1	1292605	1292606	+	0.641509	mod_ratio	53	57	A	AAACT	ok	True
chr1	1293228	1293229	+	0.735294	mod_ratio	34	48	A	GGACA	ok	True
chr1	1304003	1304004	-	0.705882	mod_ratio	34	41	T	TGTCT	ok	True
chr1	1305188	1305189	-	0.884615	mod_ratio	26	30	T	CGTTT	ok	False
chr1	1313987	1313988	+	0.823529	mod_ratio	34	43	A	AAACG	ok	False
chr1	1314625	1314626	+	0.742857	mod_ratio	35	45	A	GAACA	ok	True
chr1	1314785	1314786	+	0.9	mod_ratio	40	48	A	AGACA	ok	True
chr1	1314894	1314895	+	0.857143	mod_ratio	35	48	A	AGACA	ok	True
chr1	1315398	1315399	+	0.547619	mod_ratio	42	53	A	AAACG	ok	False
chr1	1315421	1315422	+	0.75	mod_ratio	36	50	A	AAACC	ok	True
chr1	1315581	1315582	+	0.704545	mod_ratio	44	55	A	AGACA	ok	True
chr1	1331739	1331740	-	0.435484	mod_ratio	62	91	T	TGTCT	ok	True
chr1	1331944	1331945	-	0.302326	mod_ratio	86	105	T	TGTTC	ok	True
chr1	1331984	1331985	-	0.241758	mod_ratio	91	101	T	TGTTC	ok	True
chr1	1332502	1332503	-	0.792208	mod_ratio	77	91	T	AGTTT	ok	True
chr1	1333462	1333463	-	0.887097	mod_ratio	62	78	T	CGTCT	ok	False
chr1	1337368	1337369	-	0.892857	mod_ratio	28	30	T	TGTCT	ok	True
chr1	1348456	1348457	-	0.6875	mod_ratio	32	38	T	CGTTT	ok	False
chr1	1356313	1356314	-	0.643411	mod_ratio	129	163	T	GGTTT	ok	True
chr1	1356314	1356315	-	0.857143	mod_ratio	35	202	T	GTTTT	ok	False
chr1	1356348	1356349	-	0.612676	mod_ratio	142	208	T	GTTTT	ok	False
chr1	1356570	1356571	-	0.914286	mod_ratio	140	197	T	CGTTT	ok	False
chr1	1356634	1356635	-	0.532847	mod_ratio	137	188	T	AGTTT	ok	True
chr1	1357004	1357005	-	0.328671	mod_ratio	143	169	T	GGTTT	ok	True
chr1	1357268	1357269	-	0.371429	mod_ratio	140	156	T	TGTTC	ok	True
chr1	1357388	1357389	-	0.251908	mod_ratio	131	145	T	AGTCT	ok	True
chr1	1357497	1357498	-	0.817391	mod_ratio	115	149	T	GGTCT	ok	True
chr1	1357586	1357587	-	0.445312	mod_ratio	128	140	T	TGTTC	ok	True
chr1	1357690	1357691	-	0.267857	mod_ratio	112	140	T	GGTTT	ok	True
chr1	1358314	1358315	-	0.732673	mod_ratio	101	119	T	CGTTT	ok	False
chr1	1365288	1365289	-	0.578947	mod_ratio	38	44	T	AGTTT	ok	True
chr1	1365357	1365358	-	0.674419	mod_ratio	43	53	T	TGTTC	ok	True
chr1	1365368	1365369	-	0.688889	mod_ratio	45	49	T	AGTTT	ok	True
chr1	1365932	1365933	-	0.820513	mod_ratio	39	50	T	GGTCT	ok	True
chr1	1408029	1408030	-	0.806452	mod_ratio	31	33	T	AGTCC	ok	True
chr1	1416613	1416614	-	0.877551	mod_ratio	49	57	T	TGTCT	ok	True
chr1	1416628	1416629	-	0.666667	mod_ratio	51	57	T	CGTCT	ok	False
chr1	1416661	1416662	-	0.631579	mod_ratio	38	43	T	GGTTT	ok	True
chr1	1416694	1416695	-	0.780488	mod_ratio	41	45	T	GGTTT	ok	True
chr1	1431350	1431351	-	0.183575	mod_ratio	207	279	T	AGTTT	ok	True
chr1	1431436	1431437	-	0.682028	mod_ratio	217	281	T	GGTCC	ok	True
chr1	1431490	1431491	-	0.133047	mod_ratio	233	277	T	GGTTC	ok	True
chr1	1431523	1431524	-	0.4	mod_ratio	210	264	T	AGTTT	ok	True
chr1	1431672	1431673	-	0.704545	mod_ratio	220	255	T	TGTCT	ok	True
chr1	1431691	1431692	-	0.355856	mod_ratio	222	255	T	TGTTC	ok	True
chr1	1431906	1431907	-	0.416667	mod_ratio	192	232	T	CGTCT	ok	False
chr1	1432003	1432004	-	0.47644	mod_ratio	191	223	T	GGTTC	ok	True
chr1	1432125	1432126	-	0.217143	mod_ratio	175	210	T	AGTCT	ok	True
chr1	1432138	1432139	-	0.245714	mod_ratio	175	208	T	CGTTC	ok	False
chr1	1432411	1432412	-	0.140449	mod_ratio	178	202	T	TGTTC	ok	True
chr1	1432483	1432484	-	0.621622	mod_ratio	148	198	T	TGTCC	ok	True
chr1	1432720	1432721	-	0.489933	mod_ratio	149	182	T	GGTTT	ok	True
chr1	1483663	1483664	+	0.666667	mod_ratio	42	51	A	AAACA	ok	True
chr1	1483752	1483753	+	0.688889	mod_ratio	45	50	A	AAACG	ok	False
chr1	1502391	1502392	-	0.539924	mod_ratio	263	422	T	GGTTC	ok	True
chr1	1502415	1502416	-	0.162791	mod_ratio	387	526	T	AATCC	ok	False
chr1	1502849	1502850	-	0.303855	mod_ratio	441	529	T	CGTCC	ok	False
chr1	1502995	1502996	-	0.577889	mod_ratio	398	490	T	AGTTT	ok	True
chr1	1503004	1503005	-	0.598361	mod_ratio	122	172	T	GGTTT	ok	True
chr1	1503005	1503006	-	0.508772	mod_ratio	114	283	T	GTTTT	ok	False
chr1	1503006	1503007	-	0.474227	mod_ratio	194	484	T	TTTTT	ok	False
chr1	1503184	1503185	-	0.46506	mod_ratio	415	481	T	GGTCT	ok	True
chr1	1509723	1509724	-	0.577778	mod_ratio	45	48	T	AGTTT	ok	True
chr1	1509743	1509744	-	0.933333	mod_ratio	45	49	T	TGTCT	ok	True
chr1	1529810	1529811	+	0.76	mod_ratio	50	57	A	AAACC	ok	True
chr1	1529968	1529969	+	0.630435	mod_ratio	46	60	A	AAACC	ok	True
chr1	1530172	1530173	+	0.555556	mod_ratio	54	61	A	AAACT	ok	True
chr1	1530481	1530482	+	0.762712	mod_ratio	59	67	A	AAACG	ok	False
chr1	1530945	1530946	+	0.762712	mod_ratio	59	68	A	GGACA	ok	True
chr1	1629029	1629030	+	0.916667	mod_ratio	24	30	A	AAACG	ok	False
chr1	1766676	1766677	-	0.64375	mod_ratio	160	224	T	GGTTT	ok	True
chr1	1766723	1766724	-	0.183784	mod_ratio	370	432	T	AGTTC	ok	True
chr1	1766874	1766875	-	0.620513	mod_ratio	390	428	T	GGTTT	ok	True
chr1	1766880	1766881	-	0.201044	mod_ratio	383	437	T	TGTTC	ok	True
chr1	1766902	1766903	-	0.850467	mod_ratio	321	427	T	CGTTT	ok	False
chr1	1766907	1766908	-	0.202899	mod_ratio	345	433	T	GGTCC	ok	True
chr1	1767022	1767023	-	0.149051	mod_ratio	369	419	T	CGTTC	ok	False
chr1	1767175	1767176	-	0.799107	mod_ratio	224	283	T	CGTTT	ok	False
chr1	1767199	1767200	-	0.453184	mod_ratio	267	380	T	GGTTC	ok	True
chr1	1767247	1767248	-	0.302251	mod_ratio	311	361	T	AGTTC	ok	True
chr1	1767374	1767375	-	0.743506	mod_ratio	308	379	T	CGTCC	ok	False
chr1	1767735	1767736	-	0.75	mod_ratio	112	133	T	CGTTT	ok	False
chr1	1767778	1767779	-	0.581994	mod_ratio	311	363	T	TGTCC	ok	True
chr1	1767854	1767855	-	0.258278	mod_ratio	302	359	T	AGTCC	ok	True
chr1	1767942	1767943	-	0.699301	mod_ratio	286	352	T	CGTCT	ok	False
chr1	1768029	1768030	-	0.93007	mod_ratio	143	178	T	CGTTT	ok	False
chr1	1772842	1772843	-	0.875	mod_ratio	48	55	T	CGTCT	ok	False
chr1	1820308	1820309	-	0.923077	mod_ratio	26	41	T	TGTCT	ok	True
chr1	1820648	1820649	-	0.510204	mod_ratio	49	62	T	TGTCC	ok	True
chr1	1820701	1820702	-	0.479167	mod_ratio	48	55	T	AGTTT	ok	True
chr1	1820850	1820851	-	0.619048	mod_ratio	42	54	T	AGTTT	ok	True
chr1	1828486	1828487	-	0.423729	mod_ratio	59	72	T	TGTTC	ok	True
chr1	1828604	1828605	-	0.573718	mod_ratio	312	361	T	GGTTT	ok	True
chr1	1828611	1828612	-	0.10757	mod_ratio	251	356	T	TGTTT	ok	True
chr1	1828714	1828715	-	0.795833	mod_ratio	240	363	T	GGTCT	ok	True
chr1	1828757	1828758	-	0.283154	mod_ratio	279	354	T	GGTTT	ok	True
chr1	1828857	1828858	-	0.458472	mod_ratio	301	349	T	TGTCT	ok	True
chr1	1829254	1829255	-	0.106383	mod_ratio	282	320	T	AGTCC	ok	True
chr1	1829548	1829549	-	0.1875	mod_ratio	240	290	T	AGTTT	ok	True
chr1	1829689	1829690	-	0.346341	mod_ratio	205	281	T	GGTTT	ok	True
chr1	1829726	1829727	-	0.324786	mod_ratio	234	270	T	GGTTT	ok	True
chr1	1829737	1829738	-	0.127119	mod_ratio	236	271	T	AGTCT	ok	True
chr1	1892305	1892306	-	0.814815	mod_ratio	27	38	T	CGTCC	ok	False
chr1	1893610	1893611	-	0.735294	mod_ratio	34	42	T	TGTCT	ok	True
chr1	1894546	1894547	-	0.555556	mod_ratio	45	59	T	AGTTT	ok	True
chr1	1894673	1894674	-	0.469388	mod_ratio	49	70	T	CGTCC	ok	False
chr1	1925899	1925900	+	0.866667	mod_ratio	30	34	A	AGACC	ok	True
chr1	1949770	1949771	+	0.875	mod_ratio	32	38	A	GAACT	ok	True
chr1	1950194	1950195	+	0.694444	mod_ratio	36	42	A	AAACG	ok	False
chr1	1950383	1950384	+	0.709677	mod_ratio	31	42	A	AGACG	ok	False
chr1	1950409	1950410	+	0.666667	mod_ratio	33	42	A	AAACA	ok	True
chr1	1951045	1951046	-	0.857143	mod_ratio	63	83	T	TGTCT	ok	True
chr1	1951263	1951264	-	0.708333	mod_ratio	72	79	T	CGTCT	ok	False
chr1	1951327	1951328	-	0.883721	mod_ratio	43	54	T	TGTTT	ok	True
chr1	1951386	1951387	-	0.470588	mod_ratio	68	76	T	TGTTT	ok	True
chr1	1958302	1958303	+	1	mod_ratio	35	38	A	AGACA	ok	True
chr1	1960084	1960085	-	0.38961	mod_ratio	77	109	T	AGTTT	ok	True
chr1	1960412	1960413	-	0.812121	mod_ratio	165	209	T	TGTCT	ok	True
chr1	1960531	1960532	-	0.52459	mod_ratio	183	200	T	GGTCC	ok	True
chr1	1960783	1960784	-	0.854167	mod_ratio	144	170	T	TGTTT	ok	True
chr1	1960893	1960894	-	0.339869	mod_ratio	153	171	T	TGTTC	ok	True
chr1	1961036	1961037	-	0.172932	mod_ratio	133	162	T	TGTTC	ok	True
chr1	1961134	1961135	-	0.298507	mod_ratio	134	158	T	CGTTC	ok	False
chr1	1961263	1961264	-	0.547445	mod_ratio	137	153	T	CGTCT	ok	False
chr1	1961394	1961395	-	0.377953	mod_ratio	127	148	T	GGTCT	ok	True
chr1	1961884	1961885	-	0.2	mod_ratio	110	126	T	TGTTT	ok	True
chr1	1961889	1961890	-	0.376147	mod_ratio	109	125	T	GGTTC	ok	True
chr1	1962241	1962242	-	0.875	mod_ratio	88	111	T	TGTCT	ok	True
chr1	1962366	1962367	-	0.56383	mod_ratio	94	106	T	AGTTT	ok	True
chr1	1962437	1962438	-	0.629213	mod_ratio	89	103	T	TGTCC	ok	True
chr1	1962468	1962469	-	0.849462	mod_ratio	93	105	T	TGTTT	ok	True
chr1	1967289	1967290	-	0.621622	mod_ratio	37	45	T	GGTTT	ok	True
chr1	1968529	1968530	-	0.892857	mod_ratio	28	38	T	TGTCT	ok	True
chr1	2003775	2003776	-	0.378788	mod_ratio	66	84	T	AGTTT	ok	True
chr1	2003782	2003783	-	0.638889	mod_ratio	36	70	T	GTTTT	ok	False
chr1	2003820	2003821	-	0.65625	mod_ratio	64	84	T	GGTCT	ok	True
chr1	2004000	2004001	-	0.704918	mod_ratio	61	82	T	TGTTT	ok	True
chr1	2004211	2004212	-	0.372881	mod_ratio	59	79	T	TGTCT	ok	True
chr1	2005437	2005438	-	0.459016	mod_ratio	61	67	T	CGTTC	ok	False
chr1	2012029	2012030	-	0.9375	mod_ratio	64	75	T	TGTTT	ok	True
chr1	2012043	2012044	-	0.384615	mod_ratio	78	87	T	AGTCT	ok	True
chr1	2012573	2012574	-	0.746479	mod_ratio	71	81	T	CGTCT	ok	False
chr1	2013120	2013121	-	0.708333	mod_ratio	48	57	T	GGTTT	ok	True
chr1	2032428	2032429	+	0.882353	mod_ratio	68	77	A	AGACG	ok	False
chr1	2032448	2032449	+	0.402778	mod_ratio	72	77	A	GGACT	ok	True
chr1	2032505	2032506	+	0.380282	mod_ratio	71	79	A	GAACT	ok	True
chr1	2032520	2032521	+	0.787879	mod_ratio	66	79	A	AAACC	ok	True
chr1	2032534	2032535	+	0.541667	mod_ratio	72	78	A	GGACC	ok	True
chr1	2032551	2032552	+	0.763889	mod_ratio	72	79	A	AGACG	ok	False
chr1	2032591	2032592	+	0.381579	mod_ratio	76	80	A	GGACG	ok	False
chr1	2033530	2033531	+	0.53012	mod_ratio	83	96	A	AAACG	ok	False
chr1	2033624	2033625	+	0.493333	mod_ratio	75	98	A	AAACC	ok	True
chr1	2033645	2033646	+	0.662791	mod_ratio	86	100	A	GGACC	ok	True
chr1	2037035	2037036	+	0.6875	mod_ratio	32	43	A	AGACC	ok	True
chr1	2048087	2048088	+	0.846154	mod_ratio	52	3948	A	TAACT	ok	True
chr1	2048299	2048300	+	0.597222	mod_ratio	144	4144	A	AAACG	ok	False
chr1	2048319	2048320	+	0.110818	mod_ratio	3790	4198	A	AGACG	ok	False
chr1	2048323	2048324	+	0.156099	mod_ratio	3517	3932	A	GAACA	ok	True
chr1	2048325	2048326	+	0.417021	mod_ratio	235	4173	A	ACACA	ok	False
chr1	2048329	2048330	+	0.278659	mod_ratio	3847	4215	A	AGACT	ok	True
chr1	2048383	2048384	+	0.313514	mod_ratio	3700	4294	A	GAACC	ok	True
chr1	2048431	2048432	+	0.511719	mod_ratio	256	4362	A	AGACA	ok	True
chr1	2048500	2048501	+	0.236967	mod_ratio	211	4314	A	TTACG	ok	False
chr1	2048623	2048624	+	0.672414	mod_ratio	58	4371	A	TAATT	ok	False
chr1	2048626	2048627	+	0.476744	mod_ratio	86	4263	A	TTACC	ok	False
chr1	2048935	2048936	+	0.640625	mod_ratio	64	4565	A	TGACA	ok	True
chr1	2048959	2048960	+	0.508065	mod_ratio	372	4644	A	AAACA	ok	True
chr1	2048996	2048997	+	0.53012	mod_ratio	83	4806	A	AAACC	ok	True
chr1	2049021	2049022	+	0.468085	mod_ratio	47	4803	A	TGACA	ok	True
chr1	2049040	2049041	+	0.357771	mod_ratio	341	4867	A	AGACG	ok	False
chr1	2049118	2049119	+	0.232643	mod_ratio	821	4920	A	AGACA	ok	True
chr1	2049258	2049259	+	0.660267	mod_ratio	4115	4935	A	AAACT	ok	True
chr1	2049273	2049274	+	0.170178	mod_ratio	617	4593	A	GAACT	ok	True
chr1	2049326	2049327	+	0.203107	mod_ratio	1738	2501	A	AGACT	ok	True
chr1	2049352	2049353	+	0.171266	mod_ratio	1232	1630	A	AAACA	ok	True
chr1	2049774	2049775	-	0.522727	mod_ratio	44	57	T	GGTTT	ok	True
chr1	2052827	2052828	-	0.761905	mod_ratio	63	66	T	GGTCT	ok	True
chr1	2053039	2053040	-	0.868852	mod_ratio	61	67	T	TGTTT	ok	True
chr1	2053274	2053275	-	0.826087	mod_ratio	46	59	T	TGTCC	ok	True
chr1	2054017	2054018	-	0.72093	mod_ratio	43	48	T	TGTTT	ok	True
chr1	2076563	2076564	-	0.410853	mod_ratio	129	172	T	AGTCC	ok	True
chr1	2076841	2076842	-	0.623188	mod_ratio	138	153	T	CGTTT	ok	False
chr1	2076842	2076843	-	0.684211	mod_ratio	76	235	T	GTTTT	ok	False
chr1	2076860	2076861	-	0.320442	mod_ratio	181	236	T	GGTCT	ok	True
chr1	2076980	2076981	-	0.681319	mod_ratio	182	218	T	GGTTT	ok	True
chr1	2077058	2077059	-	0.311765	mod_ratio	170	217	T	GGTTT	ok	True
chr1	2077175	2077176	-	0.228916	mod_ratio	166	210	T	AGTCT	ok	True
chr1	2077511	2077512	-	0.538012	mod_ratio	171	195	T	CGTCC	ok	False
chr1	2130186	2130187	-	0.605263	mod_ratio	38	47	T	AGTTT	ok	True
chr1	2130790	2130791	-	0.909091	mod_ratio	44	48	T	TGTCT	ok	True
chr1	2153295	2153296	+	0.666667	mod_ratio	48	60	A	GGACG	ok	False
chr1	2153767	2153768	+	0.706897	mod_ratio	58	67	A	AGACA	ok	True
chr1	2153867	2153868	+	0.758621	mod_ratio	58	72	A	GGACA	ok	True
chr1	2153901	2153902	+	0.508197	mod_ratio	61	72	A	AGACA	ok	True
chr1	2153932	2153933	+	0.656716	mod_ratio	67	75	A	AAACC	ok	True
chr1	2154089	2154090	+	0.393939	mod_ratio	66	75	A	AGACC	ok	True
chr1	2154445	2154446	+	0.471429	mod_ratio	70	81	A	GAACA	ok	True
chr1	2154781	2154782	+	0.442623	mod_ratio	61	89	A	AGACC	ok	True
chr1	2155064	2155065	+	0.378788	mod_ratio	66	95	A	AGACA	ok	True
chr1	2168662	2168663	+	0.510638	mod_ratio	47	51	A	GGACG	ok	False
chr1	2169351	2169352	+	0.54	mod_ratio	50	57	A	AAACC	ok	True
chr1	2169549	2169550	+	0.58	mod_ratio	50	57	A	AAACT	ok	True
chr1	2170748	2170749	+	0.297872	mod_ratio	94	105	A	GAACA	ok	True
chr1	2171755	2171756	+	0.753247	mod_ratio	77	117	A	AAACG	ok	False
chr1	2171809	2171810	+	0.655172	mod_ratio	116	119	A	GAACG	ok	False
chr1	2172014	2172015	+	0.672727	mod_ratio	55	95	A	AAACC	ok	True
chr1	2178328	2178329	-	0.469388	mod_ratio	49	57	T	AGTTT	ok	True
chr1	2178383	2178384	-	0.46	mod_ratio	50	58	T	CGTTT	ok	False
chr1	2179179	2179180	-	0.442308	mod_ratio	52	59	T	CGTCC	ok	False
chr1	2179348	2179349	-	0.568182	mod_ratio	44	57	T	GGTCC	ok	True
chr1	2181917	2181918	-	0.589744	mod_ratio	39	40	T	TGTTT	ok	True
chr1	2192491	2192492	-	0.915254	mod_ratio	59	93	T	GTTTT	ok	False
chr1	2200970	2200971	+	0.854167	mod_ratio	48	55	A	AAACT	ok	True
chr1	2201011	2201012	+	0.673469	mod_ratio	49	56	A	AAACG	ok	False
chr1	2204429	2204430	+	0.432099	mod_ratio	81	101	A	AAACC	ok	True
chr1	2204483	2204484	+	0.522727	mod_ratio	88	103	A	AAACC	ok	True
chr1	2204871	2204872	+	0.211538	mod_ratio	104	117	A	AAACT	ok	True
chr1	2205249	2205250	+	0.252525	mod_ratio	99	118	A	AAACT	ok	True
chr1	2206454	2206455	+	0.325	mod_ratio	120	157	A	AAACA	ok	True
chr1	2206705	2206706	+	0.183673	mod_ratio	147	163	A	AAACC	ok	True
chr1	2206756	2206757	+	0.384	mod_ratio	125	157	A	GGACA	ok	True
chr1	2206876	2206877	+	0.570248	mod_ratio	121	157	A	GAACA	ok	True
chr1	2249273	2249274	+	0.612	mod_ratio	250	268	A	AAACC	ok	True
chr1	2249293	2249294	+	0.126168	mod_ratio	214	258	A	AAACT	ok	True
chr1	2249397	2249398	+	0.210526	mod_ratio	247	276	A	AGACC	ok	True
chr1	2249457	2249458	+	0.129187	mod_ratio	209	285	A	GGACC	ok	True
chr1	2249527	2249528	+	0.659176	mod_ratio	267	294	A	AAACC	ok	True
chr1	2249546	2249547	+	0.470588	mod_ratio	85	288	A	AAACT	ok	True
chr1	2249617	2249618	+	0.194946	mod_ratio	277	307	A	AGACC	ok	True
chr1	2249753	2249754	+	0.304636	mod_ratio	302	324	A	AGACT	ok	True
chr1	2249867	2249868	+	0.160772	mod_ratio	311	339	A	GAACC	ok	True
chr1	2249891	2249892	+	0.211039	mod_ratio	308	338	A	GGACA	ok	True
chr1	2249916	2249917	+	0.301639	mod_ratio	305	343	A	GAACG	ok	False
chr1	2250014	2250015	+	0.5	mod_ratio	310	352	A	AGACG	ok	False
chr1	2258161	2258162	-	0.474576	mod_ratio	59	70	T	TGTCC	ok	True
chr1	2286494	2286495	-	0.543478	mod_ratio	46	55	T	GGTTT	ok	True
chr1	2287362	2287363	-	0.675676	mod_ratio	37	49	T	GGTCT	ok	True
chr1	2338910	2338911	-	0.90625	mod_ratio	32	7619	T	AGTTA	ok	True
chr1	2338916	2338917	-	0.512123	mod_ratio	6393	7841	T	AGTTT	ok	True
chr1	2338934	2338935	-	0.519593	mod_ratio	5793	7788	T	AGTTT	ok	True
chr1	2338970	2338971	-	0.534884	mod_ratio	86	5680	T	TGTAG	ok	False
chr1	2339307	2339308	-	0.636364	mod_ratio	55	7511	T	AGTTA	ok	True
chr1	2339357	2339358	-	0.318777	mod_ratio	229	7301	T	AGTTT	ok	True
chr1	2341833	2341834	+	0.506365	mod_ratio	707	993	A	AAACT	ok	True
chr1	2341888	2341889	+	0.736782	mod_ratio	870	1010	A	AAACC	ok	True
chr1	2341952	2341953	+	0.211628	mod_ratio	860	1009	A	AGACT	ok	True
chr1	2380608	2380609	+	0.588235	mod_ratio	85	98	A	AGACA	ok	True
chr1	2380650	2380651	+	0.530864	mod_ratio	81	99	A	AAACT	ok	True
chr1	2380727	2380728	+	0.255556	mod_ratio	90	100	A	AAACT	ok	True
chr1	2381041	2381042	+	0.619565	mod_ratio	92	105	A	AAACG	ok	False
chr1	2381199	2381200	+	0.275	mod_ratio	80	106	A	GAACA	ok	True
chr1	2381246	2381247	+	0.56	mod_ratio	75	100	A	AGACA	ok	True
chr1	2407654	2407655	+	0.491803	mod_ratio	122	152	A	AAACC	ok	True
chr1	2407737	2407738	+	0.259259	mod_ratio	135	173	A	AGACG	ok	False
chr1	2407780	2407781	+	0.3	mod_ratio	140	174	A	AGACC	ok	True
chr1	2408254	2408255	-	0.369863	mod_ratio	73	103	T	AGTCT	ok	True
chr1	2408342	2408343	-	0.57079	mod_ratio	671	777	T	AGTTT	ok	True
chr1	2408343	2408344	-	0.406061	mod_ratio	165	957	T	GTTTC	ok	False
chr1	2408470	2408471	-	0.124122	mod_ratio	854	972	T	GGTCC	ok	True
chr1	2408683	2408684	-	0.841379	mod_ratio	725	963	T	TGTCT	ok	True
chr1	2408706	2408707	-	0.13758	mod_ratio	785	957	T	AGTCC	ok	True
chr1	2408765	2408766	-	0.18456	mod_ratio	829	944	T	TGTTC	ok	True
chr1	2408777	2408778	-	0.554787	mod_ratio	867	953	T	CGTTC	ok	False
chr1	2409008	2409009	-	0.55796	mod_ratio	647	911	T	CGTTT	ok	False
chr1	2413087	2413088	+	0.533333	mod_ratio	45	58	A	AAACC	ok	True
chr1	2413149	2413150	+	0.525424	mod_ratio	59	68	A	AAACC	ok	True
chr1	2413356	2413357	+	0.491228	mod_ratio	57	69	A	AAACT	ok	True
chr1	2413405	2413406	+	0.766667	mod_ratio	60	71	A	AGACG	ok	False
chr1	2413443	2413444	+	0.54717	mod_ratio	53	67	A	AAACA	ok	True
chr1	2421229	2421230	-	0.257812	mod_ratio	128	134	T	TGTTC	ok	True
chr1	2421756	2421757	-	0.285714	mod_ratio	84	94	T	AGTTT	ok	True
chr1	2422644	2422645	+	0.857143	mod_ratio	28	30	A	GGACG	ok	False
chr1	2437550	2437551	+	0.35518	mod_ratio	473	577	A	AAACA	ok	True
chr1	2438014	2438015	+	0.190654	mod_ratio	535	649	A	GAACT	ok	True
chr1	2438226	2438227	+	0.379573	mod_ratio	656	713	A	GAACT	ok	True
chr1	2438265	2438266	+	0.205397	mod_ratio	667	723	A	GAACA	ok	True
chr1	2438335	2438336	+	0.919561	mod_ratio	547	710	A	GGACC	ok	True
chr1	2438936	2438937	+	0.311782	mod_ratio	696	804	A	GGACG	ok	False
chr1	2438976	2438977	+	0.163009	mod_ratio	638	791	A	GGACA	ok	True
chr1	2438983	2438984	+	0.131148	mod_ratio	732	812	A	AAACC	ok	True
chr1	2439149	2439150	+	0.576071	mod_ratio	677	844	A	GGACG	ok	False
chr1	2439526	2439527	+	0.128269	mod_ratio	803	895	A	GAACT	ok	True
chr1	2439559	2439560	+	0.308271	mod_ratio	133	887	A	GGATT	ok	False
chr1	2439597	2439598	+	0.212389	mod_ratio	678	840	A	GAACA	ok	True
chr1	2439625	2439626	+	0.654991	mod_ratio	571	799	A	AGACA	ok	True
chr1	2455739	2455740	+	0.695652	mod_ratio	184	221	A	GGACA	ok	True
chr1	2455801	2455802	+	0.624277	mod_ratio	173	185	A	AGACC	ok	True
chr1	2455954	2455955	+	0.379808	mod_ratio	208	237	A	AGACC	ok	True
chr1	2456342	2456343	+	0.663507	mod_ratio	211	262	A	AGACA	ok	True
chr1	2456395	2456396	+	0.452282	mod_ratio	241	274	A	GAACG	ok	False
chr1	2456409	2456410	+	0.796791	mod_ratio	187	275	A	GGACG	ok	False
chr1	2456419	2456420	+	0.377593	mod_ratio	241	280	A	AGACT	ok	True
chr1	2456657	2456658	+	0.160428	mod_ratio	187	288	A	GAACC	ok	True
chr1	2456880	2456881	+	0.590106	mod_ratio	283	346	A	GGACG	ok	False
chr1	2456897	2456898	+	0.2	mod_ratio	255	341	A	GGACA	ok	True
chr1	2456948	2456949	+	0.699324	mod_ratio	296	357	A	GGACC	ok	True
chr1	2457013	2457014	+	0.299107	mod_ratio	224	319	A	AAACT	ok	True
chr1	2457211	2457212	+	0.496324	mod_ratio	272	357	A	GAACT	ok	True
chr1	2459087	2459088	+	0.160494	mod_ratio	162	207	A	GGACA	ok	True
chr1	2459194	2459195	+	0.672131	mod_ratio	183	228	A	GGACA	ok	True
chr1	2459256	2459257	+	0.666667	mod_ratio	180	200	A	AGACC	ok	True
chr1	2459409	2459410	+	0.482301	mod_ratio	226	253	A	AGACC	ok	True
chr1	2459799	2459800	+	0.705882	mod_ratio	238	289	A	AGACA	ok	True
chr1	2459852	2459853	+	0.411985	mod_ratio	267	300	A	GAACG	ok	False
chr1	2459866	2459867	+	0.796209	mod_ratio	211	302	A	GGACG	ok	False
chr1	2459876	2459877	+	0.435897	mod_ratio	273	303	A	AGACT	ok	True
chr1	2460114	2460115	+	0.185792	mod_ratio	183	304	A	GAACC	ok	True
chr1	2460337	2460338	+	0.661184	mod_ratio	304	372	A	GGACG	ok	False
chr1	2460405	2460406	+	0.73871	mod_ratio	310	383	A	GGACC	ok	True
chr1	2460473	2460474	+	0.264151	mod_ratio	318	377	A	AAACT	ok	True
chr1	2460498	2460499	+	0.32493	mod_ratio	357	395	A	AAACA	ok	True
chr1	2460568	2460569	+	0.336134	mod_ratio	357	395	A	GAACT	ok	True
chr1	2460582	2460583	+	0.147399	mod_ratio	346	394	A	GAACT	ok	True
chr1	2460653	2460654	+	0.337121	mod_ratio	264	383	A	GAACC	ok	True
chr1	2463132	2463133	-	0.294798	mod_ratio	173	314	T	GGTTC	ok	True
chr1	2463308	2463309	-	0.26	mod_ratio	300	341	T	AGTCC	ok	True
chr1	2463333	2463334	-	0.194737	mod_ratio	190	231	T	AGTTT	ok	True
chr1	2463334	2463335	-	0.432	mod_ratio	125	361	T	GTTTT	ok	False
chr1	2463341	2463342	-	0.158683	mod_ratio	334	359	T	TGTTC	ok	True
chr1	2463401	2463402	-	0.605351	mod_ratio	299	355	T	GGTCC	ok	True
chr1	2463452	2463453	-	0.196078	mod_ratio	255	328	T	TGTCC	ok	True
chr1	2463469	2463470	-	0.567376	mod_ratio	282	337	T	CGTCC	ok	False
chr1	2463692	2463693	-	0.131579	mod_ratio	190	275	T	GGTTC	ok	True
chr1	2463930	2463931	-	0.407725	mod_ratio	233	266	T	AGTCT	ok	True
chr1	2463940	2463941	-	0.814815	mod_ratio	189	264	T	CGTCC	ok	False
chr1	2463954	2463955	-	0.543103	mod_ratio	232	260	T	CGTTC	ok	False
chr1	2464007	2464008	-	0.654028	mod_ratio	211	257	T	TGTCT	ok	True
chr1	2464395	2464396	-	0.359813	mod_ratio	214	239	T	GGTCT	ok	True
chr1	2464548	2464549	-	0.600985	mod_ratio	203	228	T	GGTCT	ok	True
chr1	2464610	2464611	-	0.687831	mod_ratio	189	222	T	TGTCC	ok	True
chr1	2466214	2466215	-	0.958333	mod_ratio	24	28	T	CGTTT	ok	False
chr1	2469036	2469037	+	0.578947	mod_ratio	38	40	A	AGACG	ok	False
chr1	2536411	2536412	+	0.538462	mod_ratio	91	104	A	GGACC	ok	True
chr1	2536921	2536922	+	0.571429	mod_ratio	98	108	A	GGACA	ok	True
chr1	2537408	2537409	+	0.222222	mod_ratio	108	117	A	AAACC	ok	True
chr1	2537413	2537414	+	0.961538	mod_ratio	104	116	A	AAACG	ok	False
chr1	2537597	2537598	+	0.40367	mod_ratio	109	119	A	AGACT	ok	True
chr1	2537606	2537607	+	0.257732	mod_ratio	97	105	A	GAACT	ok	True
chr1	2537637	2537638	+	0.411215	mod_ratio	107	117	A	AGACT	ok	True
chr1	2537646	2537647	+	0.284091	mod_ratio	88	97	A	GAACT	ok	True
chr1	2537677	2537678	+	0.554545	mod_ratio	110	117	A	AGACT	ok	True
chr1	2537805	2537806	+	0.528302	mod_ratio	106	119	A	GAACA	ok	True
chr1	2572541	2572542	+	0.914286	mod_ratio	35	38	A	AGACA	ok	True
chr1	2572665	2572666	+	0.794118	mod_ratio	34	40	A	AGACG	ok	False
chr1	2574022	2574023	-	0.486486	mod_ratio	111	137	T	AGTTT	ok	True
chr1	2574138	2574139	-	0.572289	mod_ratio	166	194	T	TGTTT	ok	True
chr1	2574170	2574171	-	0.554286	mod_ratio	175	195	T	GGTTT	ok	True
chr1	2574238	2574239	-	0.592593	mod_ratio	162	190	T	TGTTT	ok	True
chr1	2574364	2574365	-	0.247126	mod_ratio	174	199	T	GGTTC	ok	True
chr1	2574710	2574711	-	0.723684	mod_ratio	152	178	T	TGTCT	ok	True
chr1	2574729	2574730	-	0.574324	mod_ratio	148	177	T	TGTTT	ok	True
chr1	2575141	2575142	-	0.738255	mod_ratio	149	171	T	GGTCC	ok	True
chr1	2575159	2575160	-	0.458904	mod_ratio	146	168	T	GGTCT	ok	True
chr1	2575902	2575903	-	0.327103	mod_ratio	107	122	T	AGTTT	ok	True
chr1	2576577	2576578	-	0.348837	mod_ratio	129	146	T	CGTCC	ok	False
chr1	2636219	2636220	+	0.705263	mod_ratio	285	380	A	AGACA	ok	True
chr1	2636713	2636714	+	0.454545	mod_ratio	374	427	A	AAACG	ok	False
chr1	2636729	2636730	+	0.177249	mod_ratio	378	419	A	AGACT	ok	True
chr1	2637151	2637152	+	0.204489	mod_ratio	401	452	A	AAACT	ok	True
chr1	2637490	2637491	+	0.339667	mod_ratio	421	477	A	AAACA	ok	True
chr1	2637672	2637673	+	0.735632	mod_ratio	261	329	A	GGACC	ok	True
chr1	2637675	2637676	+	0.744898	mod_ratio	98	466	A	CCACC	ok	False
chr1	2637726	2637727	+	0.494331	mod_ratio	441	477	A	AGACA	ok	True
chr1	2637759	2637760	+	0.767016	mod_ratio	382	476	A	AGACA	ok	True
chr1	2637772	2637773	+	0.834783	mod_ratio	230	495	A	AAACA	ok	True
chr1	2637820	2637821	+	0.491803	mod_ratio	61	476	A	GGATA	ok	False
chr1	2637856	2637857	+	0.290598	mod_ratio	117	375	A	GGATT	ok	False
chr1	2640933	2640934	-	0.340909	mod_ratio	1936	2477	T	TGTTT	ok	True
chr1	2640934	2640935	-	0.397355	mod_ratio	1739	4366	T	GTTTT	ok	False
chr1	2641020	2641021	-	0.577408	mod_ratio	3727	4487	T	AGTCC	ok	True
chr1	2641042	2641043	-	0.423338	mod_ratio	3685	4601	T	TGTCC	ok	True
chr1	2641143	2641144	-	0.307771	mod_ratio	3925	4537	T	AGTTC	ok	True
chr1	2641170	2641171	-	0.542254	mod_ratio	142	4563	T	CGTCA	ok	False
chr1	2641241	2641242	-	0.223066	mod_ratio	4084	4483	T	CGTTC	ok	False
chr1	2641523	2641524	-	0.249198	mod_ratio	3740	4324	T	AGTCT	ok	True
chr1	2641533	2641534	-	0.193954	mod_ratio	3738	4307	T	GGTTC	ok	True
chr1	2641553	2641554	-	0.512786	mod_ratio	3011	3759	T	GGTTT	ok	True
chr1	2641554	2641555	-	0.542199	mod_ratio	391	4221	T	GTTTT	ok	False
chr1	2641673	2641674	-	0.1429	mod_ratio	3352	3767	T	GGTTT	ok	True
chr1	2641674	2641675	-	0.254692	mod_ratio	373	4142	T	GTTTG	ok	False
chr1	2684440	2684441	+	0.794326	mod_ratio	141	165	A	AAACG	ok	False
chr1	2684512	2684513	+	0.666667	mod_ratio	135	152	A	GGACC	ok	True
chr1	2685290	2685291	+	0.337838	mod_ratio	148	176	A	GGACC	ok	True
chr1	2685339	2685340	+	0.723077	mod_ratio	130	171	A	GGACA	ok	True
chr1	2685411	2685412	+	0.809524	mod_ratio	168	184	A	AAACG	ok	False
chr1	2685490	2685491	+	0.22293	mod_ratio	157	183	A	AGACT	ok	True
chr1	2685505	2685506	+	0.403727	mod_ratio	161	178	A	AAACT	ok	True
chr1	2685529	2685530	+	0.347518	mod_ratio	141	180	A	GAACA	ok	True
chr1	2688227	2688228	-	0.923077	mod_ratio	26	29	T	TGTCT	ok	True
chr1	2696647	2696648	+	0.964286	mod_ratio	28	31	A	AAACG	ok	False
chr1	2699864	2699865	+	0.511628	mod_ratio	43	68	A	AAACG	ok	False
chr1	2699886	2699887	+	0.829268	mod_ratio	41	50	A	AAACT	ok	True
chr1	2700892	2700893	+	0.846154	mod_ratio	52	84	A	AAACA	ok	True
chr1	2713079	2713080	+	0.816667	mod_ratio	120	174	A	AAACG	ok	False
chr1	2713257	2713258	+	0.437126	mod_ratio	167	194	A	AGACG	ok	False
chr1	2713546	2713547	+	0.674286	mod_ratio	175	194	A	AGACA	ok	True
chr1	2713564	2713565	+	0.794521	mod_ratio	146	195	A	GGACA	ok	True
chr1	2713830	2713831	+	0.142012	mod_ratio	169	207	A	GAACC	ok	True
chr1	2714119	2714120	+	0.642487	mod_ratio	193	225	A	GGACC	ok	True
chr1	2714173	2714174	+	0.103774	mod_ratio	212	230	A	GAACT	ok	True
chr1	2714238	2714239	+	0.339367	mod_ratio	221	242	A	AAACC	ok	True
chr1	2714288	2714289	+	0.661417	mod_ratio	127	238	A	AAACA	ok	True
chr1	2714313	2714314	+	0.4	mod_ratio	205	241	A	AGACT	ok	True
chr1	2714322	2714323	+	0.544186	mod_ratio	215	246	A	AAACA	ok	True
chr1	2714491	2714492	+	0.309524	mod_ratio	210	262	A	AAACC	ok	True
chr1	2715209	2715210	-	0.641026	mod_ratio	39	61	T	CGTTT	ok	False
chr1	2715486	2715487	-	0.744681	mod_ratio	47	69	T	AGTTT	ok	True
chr1	2749762	2749763	-	0.324675	mod_ratio	77	100	T	GGTTT	ok	True
chr1	2749780	2749781	-	0.857143	mod_ratio	70	86	T	CGTTT	ok	False
chr1	2751153	2751154	-	0.942857	mod_ratio	70	78	T	CGTTT	ok	False
chr1	2827724	2827725	+	0.4	mod_ratio	80	106	A	GAACA	ok	True
chr1	2827891	2827892	+	0.480519	mod_ratio	77	105	A	GAACA	ok	True
chr1	2828524	2828525	+	0.62766	mod_ratio	94	114	A	AAACT	ok	True
chr1	2829106	2829107	+	0.606061	mod_ratio	99	123	A	AGACC	ok	True
chr1	2829151	2829152	+	0.421875	mod_ratio	64	113	A	AAACC	ok	True
chr1	2829191	2829192	+	0.931034	mod_ratio	87	123	A	AGACA	ok	True
chr1	2846936	2846937	-	0.585366	mod_ratio	41	58	T	TGTTT	ok	True
chr1	2846965	2846966	-	0.349398	mod_ratio	83	93	T	AGTTC	ok	True
chr1	2846985	2846986	-	0.306122	mod_ratio	98	138	T	CGTTC	ok	False
chr1	2847099	2847100	-	0.310811	mod_ratio	148	162	T	AGTTC	ok	True
chr1	2847282	2847283	-	0.246032	mod_ratio	126	151	T	CGTTC	ok	False
chr1	2847651	2847652	-	0.384615	mod_ratio	91	127	T	TGTTC	ok	True
chr1	2847719	2847720	-	0.462963	mod_ratio	108	122	T	AGTTT	ok	True
chr1	2927880	2927881	+	0.504348	mod_ratio	115	135	A	GGACG	ok	False
chr1	2927921	2927922	+	0.327731	mod_ratio	119	136	A	AAACC	ok	True
chr1	2928032	2928033	+	0.413223	mod_ratio	121	143	A	AAACC	ok	True
chr1	2928399	2928400	+	0.274194	mod_ratio	124	160	A	GAACC	ok	True
chr1	2928584	2928585	+	0.253521	mod_ratio	142	168	A	AAACC	ok	True
chr1	2928814	2928815	+	0.216783	mod_ratio	143	166	A	GAACG	ok	False
chr1	2928927	2928928	+	0.712329	mod_ratio	73	83	A	AAACA	ok	True
chr1	2939647	2939648	-	0.827586	mod_ratio	29	41	T	TGTTC	ok	True
chr1	2940546	2940547	-	0.515152	mod_ratio	99	112	T	AGTTC	ok	True
chr1	2941216	2941217	-	0.483333	mod_ratio	60	82	T	CGTTT	ok	False
chr1	2942774	2942775	-	0.7	mod_ratio	40	59	T	CGTCC	ok	False
chr1	2945417	2945418	-	0.585366	mod_ratio	41	46	T	CGTCC	ok	False
chr1	2948895	2948896	+	0.725	mod_ratio	40	44	A	GAACG	ok	False
chr1	2971683	2971684	-	0.212766	mod_ratio	188	221	T	GGTTC	ok	True
chr1	2971891	2971892	-	0.391304	mod_ratio	161	184	T	GGTTT	ok	True
chr1	2971996	2971997	-	0.231579	mod_ratio	190	208	T	AGTTC	ok	True
chr1	2972003	2972004	-	0.284946	mod_ratio	186	209	T	GGTCT	ok	True
chr1	2972157	2972158	-	0.868571	mod_ratio	175	196	T	TGTTT	ok	True
chr1	2973545	2973546	-	0.847059	mod_ratio	85	100	T	CGTCC	ok	False
chr1	2973878	2973879	-	0.493827	mod_ratio	81	94	T	TGTTT	ok	True
chr1	2974981	2974982	-	0.823529	mod_ratio	51	58	T	GGTTT	ok	True
chr1	2975018	2975019	-	0.577778	mod_ratio	45	58	T	CGTCC	ok	False
chr1	2975221	2975222	-	0.653846	mod_ratio	52	58	T	GGTCC	ok	True
chr1	2975357	2975358	-	0.659574	mod_ratio	47	56	T	AGTTT	ok	True
chr1	2997481	2997482	+	0.648649	mod_ratio	37	41	A	AAACC	ok	True
chr1	2997591	2997592	+	0.935484	mod_ratio	31	41	A	AAACA	ok	True
chr1	2997642	2997643	+	0.685714	mod_ratio	35	43	A	GGACA	ok	True
chr1	3009078	3009079	+	0.92	mod_ratio	25	1139	A	AGACA	ok	True
chr1	3009087	3009088	+	0.241486	mod_ratio	323	1159	A	AAACT	ok	True
chr1	3009102	3009103	+	0.177734	mod_ratio	1024	1211	A	AAACA	ok	True
chr1	3009342	3009343	+	0.360538	mod_ratio	1115	1366	A	GAACC	ok	True
chr1	3009366	3009367	+	0.563771	mod_ratio	1082	1371	A	AGACC	ok	True
chr1	3009449	3009450	+	0.135135	mod_ratio	1221	1435	A	GAACC	ok	True
chr1	3009530	3009531	+	0.189069	mod_ratio	1354	1507	A	GAACC	ok	True
chr1	3009545	3009546	+	0.215483	mod_ratio	1253	1510	A	GAACC	ok	True
chr1	3009560	3009561	+	0.165533	mod_ratio	1323	1520	A	GAACC	ok	True
chr1	3009708	3009709	+	0.15288	mod_ratio	1354	1530	A	GAACA	ok	True
chr1	3009826	3009827	+	0.290076	mod_ratio	131	822	A	AAACT	ok	True
chr1	3009848	3009849	+	0.597222	mod_ratio	72	105	A	AAACT	ok	True
chr1	3016285	3016286	+	0.386765	mod_ratio	680	797	A	AAACA	ok	True
chr1	3016476	3016477	+	0.212598	mod_ratio	127	842	A	AGACA	ok	True
chr1	3016485	3016486	+	0.134387	mod_ratio	759	829	A	GGACT	ok	True
chr1	3016705	3016706	+	0.77304	mod_ratio	727	811	A	AAACT	ok	True
chr1	3017089	3017090	+	0.364486	mod_ratio	107	909	A	AGACT	ok	True
chr1	3017165	3017166	+	0.71875	mod_ratio	32	918	A	TTACA	ok	False
chr1	3017228	3017229	+	0.367232	mod_ratio	885	960	A	AAACT	ok	True
chr1	3017899	3017900	+	0.633333	mod_ratio	60	1065	A	GGATG	ok	False
chr1	3017966	3017967	+	0.396498	mod_ratio	971	1075	A	GAACA	ok	True
chr1	3018019	3018020	+	0.105538	mod_ratio	957	1071	A	AAACT	ok	True
chr1	3018104	3018105	+	0.552306	mod_ratio	889	1048	A	GAACT	ok	True
chr1	3018138	3018139	+	0.125506	mod_ratio	247	675	A	GGATT	ok	False
chr1	3018176	3018177	+	0.49115	mod_ratio	226	271	A	GGACG	ok	False
chr1	3044710	3044711	+	0.4375	mod_ratio	64	78	A	AGACT	ok	True
chr1	3045038	3045039	+	0.396825	mod_ratio	63	81	A	GGACG	ok	False
chr1	3045114	3045115	+	0.357143	mod_ratio	70	79	A	AAACT	ok	True
chr1	3045144	3045145	+	0.553191	mod_ratio	47	80	A	AAACT	ok	True
chr1	3045179	3045180	+	0.659091	mod_ratio	44	79	A	AGACG	ok	False
chr1	3064740	3064741	+	0.766667	mod_ratio	30	40	A	AGACG	ok	False
chr1	3065091	3065092	+	0.944444	mod_ratio	36	47	A	AAACG	ok	False
chr1	3065427	3065428	+	0.75	mod_ratio	40	52	A	GGACG	ok	False
chr1	3094295	3094296	+	0.313953	mod_ratio	86	97	A	AAACC	ok	True
chr1	3094605	3094606	+	0.482759	mod_ratio	87	110	A	AAACA	ok	True
chr1	3095554	3095555	-	0.92	mod_ratio	25	30	T	TGTCT	ok	True
chr1	3106744	3106745	+	0.380531	mod_ratio	339	391	A	GAACG	ok	False
chr1	3106781	3106782	+	0.37464	mod_ratio	347	398	A	AAACA	ok	True
chr1	3107355	3107356	+	0.368421	mod_ratio	76	399	A	GAACA	ok	True
chr1	3107445	3107446	+	0.205993	mod_ratio	267	411	A	AAACG	ok	False
chr1	3107483	3107484	+	0.812317	mod_ratio	341	410	A	AGACC	ok	True
chr1	3107512	3107513	+	0.6313	mod_ratio	377	417	A	GGACC	ok	True
chr1	3107518	3107519	+	0.4273	mod_ratio	337	418	A	AAACC	ok	True
chr1	3107628	3107629	+	0.120321	mod_ratio	374	411	A	GAACT	ok	True
chr1	3107654	3107655	+	0.276596	mod_ratio	94	404	A	AGACT	ok	True
chr1	3107660	3107661	+	0.530612	mod_ratio	49	408	A	AAAAC	ok	False
chr1	3107661	3107662	+	0.560284	mod_ratio	282	408	A	AAACT	ok	True
chr1	3113048	3113049	-	0.631579	mod_ratio	38	48	T	TGTCC	ok	True
chr1	3113432	3113433	-	0.594595	mod_ratio	37	45	T	CGTCC	ok	False
chr1	3120816	3120817	+	0.780702	mod_ratio	114	127	A	GAACG	ok	False
chr1	3121219	3121220	+	0.211009	mod_ratio	109	125	A	GAACA	ok	True
chr1	3121253	3121254	+	0.41	mod_ratio	100	133	A	GGACA	ok	True
chr1	3121387	3121388	+	0.676471	mod_ratio	102	118	A	AAACT	ok	True
chr1	3121415	3121416	+	0.674603	mod_ratio	126	142	A	AAACA	ok	True
chr1	3121561	3121562	+	0.231884	mod_ratio	138	154	A	GAACC	ok	True
chr1	3121624	3121625	+	0.336066	mod_ratio	122	154	A	AAACA	ok	True
chr1	3121781	3121782	+	0.270677	mod_ratio	133	149	A	GGACA	ok	True
chr1	3122009	3122010	+	0.552632	mod_ratio	152	182	A	GGACG	ok	False
chr1	3122132	3122133	+	0.797468	mod_ratio	158	186	A	GGACG	ok	False
chr1	3122263	3122264	+	0.166667	mod_ratio	144	183	A	AGACT	ok	True
chr1	3122296	3122297	+	0.8375	mod_ratio	80	156	A	GGACA	ok	True
chr1	3123159	3123160	+	0.785714	mod_ratio	28	38	A	AGACA	ok	True
chr1	3124149	3124150	+	0.69697	mod_ratio	33	43	A	AGACA	ok	True
chr1	3136305	3136306	-	0.850575	mod_ratio	174	283	T	TGTTT	ok	True
chr1	3136306	3136307	-	0.39	mod_ratio	400	684	T	GTTTC	ok	False
chr1	3136317	3136318	-	0.340909	mod_ratio	88	689	T	TATCT	ok	False
chr1	3136493	3136494	-	0.404844	mod_ratio	578	690	T	GGTTT	ok	True
chr1	3136499	3136500	-	0.634029	mod_ratio	623	698	T	GGTCC	ok	True
chr1	3136528	3136529	-	0.824653	mod_ratio	576	684	T	GGTCT	ok	True
chr1	3137196	3137197	-	0.343003	mod_ratio	586	643	T	TGTTT	ok	True
chr1	3137223	3137224	-	0.849023	mod_ratio	563	647	T	CGTTT	ok	False
chr1	3137233	3137234	-	0.376991	mod_ratio	565	653	T	CGTTC	ok	False
chr1	3154687	3154688	+	0.734375	mod_ratio	64	70	A	AGACA	ok	True
chr1	3155809	3155810	+	0.694444	mod_ratio	72	85	A	AAACC	ok	True
chr1	3156166	3156167	+	0.38961	mod_ratio	77	86	A	AAACA	ok	True
chr1	3159754	3159755	-	0.418182	mod_ratio	55	58	T	TGTTC	ok	True
chr1	3159780	3159781	-	0.45098	mod_ratio	51	59	T	CGTCT	ok	False
chr1	3159969	3159970	-	0.471698	mod_ratio	53	58	T	AGTCT	ok	True
chr1	3165456	3165457	-	0.447368	mod_ratio	76	95	T	AGTCT	ok	True
chr1	3165507	3165508	-	0.546512	mod_ratio	86	104	T	AGTTT	ok	True
chr1	3165932	3165933	-	0.26506	mod_ratio	83	94	T	TGTTC	ok	True
chr1	3166411	3166412	-	0.9	mod_ratio	60	80	T	GGTCT	ok	True
chr1	3167017	3167018	-	0.627451	mod_ratio	51	69	T	GGTCC	ok	True
chr1	3167187	3167188	-	0.372881	mod_ratio	59	67	T	CGTTC	ok	False
chr1	3167370	3167371	-	0.785714	mod_ratio	56	67	T	CGTCT	ok	False
chr1	3167530	3167531	-	0.442308	mod_ratio	52	62	T	AGTCC	ok	True
chr1	3167754	3167755	-	0.882353	mod_ratio	51	61	T	GGTCT	ok	True
chr1	3189887	3189888	+	0.882353	mod_ratio	34	43	A	AGACA	ok	True
chr1	3224759	3224760	-	0.564103	mod_ratio	39	44	T	GGTTT	ok	True
chr1	3224811	3224812	-	0.733333	mod_ratio	30	45	T	TGTCT	ok	True
chr1	3225206	3225207	-	0.666667	mod_ratio	42	45	T	TGTCC	ok	True
chr1	3347717	3347718	-	0.888889	mod_ratio	27	31	T	TGTTT	ok	True
chr1	3381668	3381669	-	0.766667	mod_ratio	30	40	T	CGTTT	ok	False
chr1	3395593	3395594	-	0.589744	mod_ratio	39	61	T	TGTTT	ok	True
chr1	3395736	3395737	-	0.59322	mod_ratio	59	72	T	AGTTT	ok	True
chr1	3395806	3395807	-	0.546875	mod_ratio	64	76	T	GGTTT	ok	True
chr1	3395865	3395866	-	0.571429	mod_ratio	63	78	T	GGTCT	ok	True
chr1	3396660	3396661	-	0.446429	mod_ratio	56	66	T	GGTTT	ok	True
chr1	3397153	3397154	-	0.854342	mod_ratio	357	410	T	CGTTT	ok	False
chr1	3397326	3397327	-	0.156334	mod_ratio	371	448	T	AGTCT	ok	True
chr1	3397342	3397343	-	0.411429	mod_ratio	350	402	T	GGTTT	ok	True
chr1	3398024	3398025	-	0.182692	mod_ratio	312	378	T	GGTCC	ok	True
chr1	3398084	3398085	-	0.242623	mod_ratio	305	361	T	GGTTT	ok	True
chr1	3398127	3398128	-	0.475083	mod_ratio	301	364	T	GGTTT	ok	True
chr1	3398199	3398200	-	0.168919	mod_ratio	296	356	T	GGTTT	ok	True
chr1	3398308	3398309	-	0.324468	mod_ratio	188	334	T	CGTCT	ok	False
chr1	3442618	3442619	-	0.685714	mod_ratio	70	81	T	AGTTC	ok	True
chr1	3442905	3442906	-	0.560606	mod_ratio	66	75	T	AGTTT	ok	True
chr1	3442938	3442939	-	0.701754	mod_ratio	57	71	T	CGTTT	ok	False
chr1	3442953	3442954	-	0.44898	mod_ratio	49	73	T	AGTTT	ok	True
chr1	3442962	3442963	-	0.4	mod_ratio	60	72	T	GGTTT	ok	True
chr1	3460037	3460038	-	0.818182	mod_ratio	55	135	T	GGTTT	ok	True
chr1	3460077	3460078	-	0.705882	mod_ratio	85	133	T	TGTTT	ok	True
chr1	3460131	3460132	-	0.266055	mod_ratio	109	122	T	TGTTT	ok	True
chr1	3460197	3460198	-	0.39823	mod_ratio	113	138	T	GGTTT	ok	True
chr1	3460729	3460730	-	0.409091	mod_ratio	66	139	T	GGTCT	ok	True
chr1	3460789	3460790	-	0.284404	mod_ratio	109	127	T	TGTTT	ok	True
chr1	3461191	3461192	-	0.236364	mod_ratio	110	129	T	GGTTT	ok	True
chr1	3464803	3464804	+	0.923077	mod_ratio	26	33	A	AGACG	ok	False
chr1	3465437	3465438	+	0.709677	mod_ratio	31	37	A	GGACA	ok	True
chr1	3470145	3470146	+	0.75	mod_ratio	32	37	A	AAACA	ok	True
chr1	3502068	3502069	-	0.472727	mod_ratio	55	58	T	TGTCT	ok	True
chr1	3502301	3502302	-	0.888889	mod_ratio	36	137	T	GTTTT	ok	False
chr1	3502306	3502307	-	0.355372	mod_ratio	121	139	T	CGTTT	ok	False
chr1	3502798	3502799	-	0.396396	mod_ratio	111	128	T	AGTCT	ok	True
chr1	3502931	3502932	-	0.59375	mod_ratio	96	111	T	GGTCT	ok	True
chr1	3513019	3513020	-	0.491525	mod_ratio	59	62	T	AGTCT	ok	True
chr1	3513109	3513110	-	0.661765	mod_ratio	68	79	T	GGTCT	ok	True
chr1	3513587	3513588	-	0.666667	mod_ratio	69	81	T	CGTTT	ok	False
chr1	3513938	3513939	-	0.4	mod_ratio	65	76	T	TGTCC	ok	True
chr1	3514139	3514140	-	0.876923	mod_ratio	65	73	T	GGTCT	ok	True
chr1	3536139	3536140	+	0.347458	mod_ratio	118	132	A	AAACA	ok	True
chr1	3536204	3536205	+	0.70339	mod_ratio	118	139	A	AAACC	ok	True
chr1	3536409	3536410	+	0.595041	mod_ratio	121	141	A	GGACC	ok	True
chr1	3536433	3536434	+	0.211864	mod_ratio	118	144	A	GAACC	ok	True
chr1	3536543	3536544	+	0.840708	mod_ratio	113	149	A	GGACA	ok	True
chr1	3536655	3536656	+	0.661538	mod_ratio	130	149	A	AGACA	ok	True
chr1	3537078	3537079	+	0.304	mod_ratio	125	153	A	AAACT	ok	True
chr1	3537387	3537388	+	0.623377	mod_ratio	154	177	A	GGACA	ok	True
chr1	3537541	3537542	+	0.167742	mod_ratio	155	178	A	GAACT	ok	True
chr1	3537964	3537965	+	0.465517	mod_ratio	58	175	A	AAACT	ok	True
chr1	3538126	3538127	+	0.254098	mod_ratio	122	188	A	AAACT	ok	True
chr1	3538204	3538205	+	0.433333	mod_ratio	60	189	A	AAACT	ok	True
chr1	3545287	3545288	-	0.836364	mod_ratio	165	196	T	CGTTT	ok	False
chr1	3545354	3545355	-	0.165803	mod_ratio	193	221	T	GGTTC	ok	True
chr1	3545402	3545403	-	0.649123	mod_ratio	171	215	T	GGTTT	ok	True
chr1	3568634	3568635	-	0.833333	mod_ratio	30	31	T	TGTTT	ok	True
chr1	3607875	3607876	-	0.32967	mod_ratio	91	110	T	AGTCT	ok	True
chr1	3608043	3608044	-	0.368421	mod_ratio	76	99	T	AGTTT	ok	True
chr1	3608055	3608056	-	0.356322	mod_ratio	87	107	T	GGTTT	ok	True
chr1	3608112	3608113	-	0.59375	mod_ratio	96	109	T	GGTTT	ok	True
chr1	3608522	3608523	-	0.745098	mod_ratio	51	96	T	TGTTC	ok	True
chr1	3609471	3609472	-	0.642857	mod_ratio	84	91	T	GGTCT	ok	True
chr1	3609481	3609482	-	0.380282	mod_ratio	71	88	T	AGTTC	ok	True
chr1	3609870	3609871	-	0.8	mod_ratio	60	85	T	TGTCC	ok	True
chr1	3615062	3615063	-	0.534884	mod_ratio	43	49	T	GGTTT	ok	True
chr1	3664504	3664505	+	0.113924	mod_ratio	869	982	A	AGACA	ok	True
chr1	3664778	3664779	+	0.679666	mod_ratio	718	1122	A	GGACC	ok	True
chr1	3664793	3664794	+	0.223439	mod_ratio	913	1098	A	AGACG	ok	False
chr1	3664800	3664801	+	0.156885	mod_ratio	886	1130	A	GAACA	ok	True
chr1	3778983	3778984	+	0.711111	mod_ratio	45	51	A	AAACA	ok	True
chr1	3779200	3779201	+	0.571429	mod_ratio	42	58	A	AGACG	ok	False
chr1	3779292	3779293	+	0.48	mod_ratio	50	57	A	AAACC	ok	True
chr1	3780118	3780119	+	0.407895	mod_ratio	76	85	A	GAACG	ok	False
chr1	3801221	3801222	-	0.697674	mod_ratio	43	45	T	CGTCT	ok	False
chr1	3802582	3802583	-	0.964286	mod_ratio	28	31	T	TGTCT	ok	True
chr1	3839315	3839316	+	0.735294	mod_ratio	34	34	A	GAACG	ok	False
chr1	3847402	3847403	+	0.261538	mod_ratio	130	143	A	GAACA	ok	True
chr1	3847478	3847479	+	0.92437	mod_ratio	119	157	A	AAACG	ok	False
chr1	3848892	3848893	+	0.320755	mod_ratio	159	182	A	GAACA	ok	True
chr1	3848907	3848908	+	0.289157	mod_ratio	166	186	A	AGACA	ok	True
chr1	3848913	3848914	+	0.14557	mod_ratio	158	187	A	GAACC	ok	True
chr1	3848938	3848939	+	0.5	mod_ratio	104	172	A	AAACT	ok	True
chr1	3849057	3849058	+	0.328244	mod_ratio	131	186	A	GAACA	ok	True
chr1	3849096	3849097	+	0.462366	mod_ratio	93	156	A	GAACC	ok	True
chr1	3863585	3863586	+	0.758621	mod_ratio	87	137	A	GGACG	ok	False
chr1	3863794	3863795	+	0.528	mod_ratio	125	132	A	AGACA	ok	True
chr1	3863870	3863871	+	0.5	mod_ratio	50	139	A	AAACA	ok	True
chr1	3888742	3888743	+	0.945946	mod_ratio	37	44	A	AAACC	ok	True
chr1	3889195	3889196	+	0.520833	mod_ratio	48	52	A	AAACG	ok	False
chr1	3889657	3889658	+	0.745455	mod_ratio	55	58	A	AAACA	ok	True
chr1	3890120	3890121	+	0.693548	mod_ratio	62	71	A	AGACA	ok	True
chr1	3890269	3890270	+	0.333333	mod_ratio	66	75	A	GAACC	ok	True
chr1	3890615	3890616	+	0.353846	mod_ratio	65	81	A	AAACC	ok	True
chr1	3915529	3915530	+	0.232323	mod_ratio	99	113	A	AAACA	ok	True
chr1	3915576	3915577	+	0.597701	mod_ratio	87	113	A	AGACT	ok	True
chr1	3915609	3915610	+	0.278351	mod_ratio	97	122	A	AAACG	ok	False
chr1	3915614	3915615	+	0.54717	mod_ratio	106	123	A	AGACG	ok	False
chr1	3915685	3915686	+	0.516854	mod_ratio	89	122	A	AGACG	ok	False
chr1	3915747	3915748	+	0.494253	mod_ratio	87	127	A	GGACG	ok	False
chr1	3917467	3917468	+	0.318182	mod_ratio	132	157	A	GAACA	ok	True
chr1	3917504	3917505	+	0.194245	mod_ratio	139	154	A	GAACA	ok	True
chr1	3917508	3917509	+	0.178862	mod_ratio	123	159	A	AAACA	ok	True
chr1	3917775	3917776	+	0.221374	mod_ratio	131	158	A	GGACA	ok	True
chr1	3917781	3917782	+	0.191781	mod_ratio	146	161	A	GGACA	ok	True
chr1	3917886	3917887	+	0.75188	mod_ratio	133	162	A	GGACA	ok	True
chr1	3940695	3940696	+	0.818182	mod_ratio	33	50	A	AAACT	ok	True
chr1	3967659	3967660	+	0.355263	mod_ratio	76	85	A	GAACT	ok	True
chr1	3967797	3967798	+	0.676056	mod_ratio	71	86	A	AGACG	ok	False
chr1	3968420	3968421	+	0.758242	mod_ratio	91	97	A	AGACC	ok	True
chr1	3968801	3968802	+	0.465909	mod_ratio	88	104	A	GAACA	ok	True
chr1	3968912	3968913	+	0.387097	mod_ratio	93	108	A	AAACT	ok	True
chr1	3969239	3969240	+	0.444444	mod_ratio	81	106	A	GGACA	ok	True
chr1	3969548	3969549	+	0.383838	mod_ratio	99	110	A	GGACA	ok	True
chr1	3969607	3969608	+	0.234694	mod_ratio	98	113	A	GAACG	ok	False
chr1	3969669	3969670	+	0.956522	mod_ratio	46	89	A	AAACA	ok	True
chr1	3969682	3969683	+	0.818182	mod_ratio	44	100	A	AAACT	ok	True
chr1	3969687	3969688	+	0.6875	mod_ratio	48	106	A	AAACT	ok	True
chr1	3981514	3981515	+	0.916667	mod_ratio	24	25	A	AAACG	ok	False
chr1	3983381	3983382	+	1	mod_ratio	24	27	A	AGACA	ok	True
chr1	3991092	3991093	-	0.846154	mod_ratio	26	31	T	TGTTT	ok	True
chr1	3991256	3991257	-	0.842105	mod_ratio	38	45	T	TGTCC	ok	True
chr1	3992717	3992718	-	0.857143	mod_ratio	28	34	T	TGTTT	ok	True
chr1	3996042	3996043	+	0.143646	mod_ratio	181	231	A	AAACA	ok	True
chr1	3996324	3996325	+	0.565657	mod_ratio	198	253	A	GGACC	ok	True
chr1	3996331	3996332	+	0.525581	mod_ratio	215	253	A	AAACA	ok	True
chr1	3996471	3996472	+	0.465438	mod_ratio	217	254	A	GAACT	ok	True
chr1	3996606	3996607	+	0.504274	mod_ratio	234	263	A	AAACT	ok	True
chr1	3996698	3996699	+	0.491453	mod_ratio	234	271	A	GGACC	ok	True
chr1	3996747	3996748	+	0.568282	mod_ratio	227	268	A	GAACC	ok	True
chr1	3996903	3996904	+	0.245211	mod_ratio	261	286	A	AGACT	ok	True
chr1	3997550	3997551	+	0.155477	mod_ratio	283	328	A	AAACC	ok	True
chr1	3997684	3997685	+	0.328358	mod_ratio	67	325	A	AAAAC	ok	False
chr1	3997685	3997686	+	0.415888	mod_ratio	214	304	A	AAACT	ok	True
chr1	3997701	3997702	+	0.585859	mod_ratio	198	315	A	GGACC	ok	True
chr1	3997754	3997755	+	0.305882	mod_ratio	85	138	A	GGACG	ok	False
chr1	3997806	3997807	+	0.833333	mod_ratio	36	46	A	AGACG	ok	False
chr1	3999563	3999564	+	0.531915	mod_ratio	94	114	A	GAACG	ok	False
chr1	3999786	3999787	+	0.533333	mod_ratio	60	76	A	GAACG	ok	False
chr1	4001441	4001442	+	0.151229	mod_ratio	529	590	A	AGACT	ok	True
chr1	4001914	4001915	+	0.102479	mod_ratio	605	697	A	AGACT	ok	True
chr1	4002008	4002009	+	0.175911	mod_ratio	631	712	A	GGACT	ok	True
chr1	4002106	4002107	+	0.418874	mod_ratio	604	697	A	AGACA	ok	True
chr1	4002145	4002146	+	0.547226	mod_ratio	667	745	A	GAACT	ok	True
chr1	4002170	4002171	+	0.335505	mod_ratio	614	749	A	AAACG	ok	False
chr1	4002538	4002539	+	0.540582	mod_ratio	653	796	A	GGACA	ok	True
chr1	4002570	4002571	+	0.227554	mod_ratio	646	809	A	GGACT	ok	True
chr1	4002817	4002818	+	0.451187	mod_ratio	758	894	A	AGACA	ok	True
chr1	4002839	4002840	+	0.351285	mod_ratio	817	897	A	GGACT	ok	True
chr1	4002856	4002857	+	0.571429	mod_ratio	63	911	A	AAACG	ok	False
chr1	4002977	4002978	+	0.611041	mod_ratio	797	945	A	GGACC	ok	True
chr1	4003013	4003014	+	0.437223	mod_ratio	677	783	A	GGACC	ok	True
chr1	4003057	4003058	+	0.286713	mod_ratio	143	986	A	GAACA	ok	True
chr1	4003146	4003147	+	0.515607	mod_ratio	865	1001	A	AGACT	ok	True
chr1	4003152	4003153	+	0.400483	mod_ratio	829	969	A	GGACT	ok	True
chr1	4003181	4003182	+	0.403509	mod_ratio	57	1011	A	AAACC	ok	True
chr1	4003235	4003236	+	0.401048	mod_ratio	763	987	A	AAACC	ok	True
chr1	4011576	4011577	+	0.755102	mod_ratio	49	50	A	GGACG	ok	False
chr1	4011676	4011677	+	0.675676	mod_ratio	37	51	A	AAACT	ok	True
chr1	4011998	4011999	+	0.627907	mod_ratio	43	47	A	GGACG	ok	False
chr1	4012110	4012111	+	0.829268	mod_ratio	41	50	A	AAACA	ok	True
chr1	4013007	4013008	+	0.595238	mod_ratio	42	53	A	AGACT	ok	True
chr1	4016901	4016902	-	0.367521	mod_ratio	117	305	T	GTTTT	ok	False
chr1	4016908	4016909	-	0.178571	mod_ratio	140	203	T	GTTTT	ok	False
chr1	4016910	4016911	-	0.674419	mod_ratio	43	318	T	TTTTT	ok	False
chr1	4017079	4017080	-	0.115242	mod_ratio	269	305	T	TGTTC	ok	True
chr1	4017117	4017118	-	0.169291	mod_ratio	254	299	T	TGTTT	ok	True
chr1	4017145	4017146	-	0.12782	mod_ratio	266	309	T	TGTTC	ok	True
chr1	4017297	4017298	-	0.601852	mod_ratio	108	305	T	GGTCC	ok	True
chr1	4017698	4017699	-	0.144033	mod_ratio	243	286	T	AGTTC	ok	True
chr1	4017722	4017723	-	0.351562	mod_ratio	128	173	T	TGTTT	ok	True
chr1	4018023	4018024	-	0.682028	mod_ratio	217	260	T	GGTCT	ok	True
chr1	4018174	4018175	-	0.166667	mod_ratio	222	258	T	AGTCT	ok	True
chr1	4018218	4018219	-	0.166667	mod_ratio	192	239	T	GGTTT	ok	True
chr1	4019772	4019773	-	0.367742	mod_ratio	155	197	T	AGTCC	ok	True
chr1	4019855	4019856	-	0.285714	mod_ratio	154	192	T	CGTTC	ok	False
chr1	4028947	4028948	+	0.8	mod_ratio	30	34	A	AGACG	ok	False
chr1	4050480	4050481	-	0.390625	mod_ratio	64	68	T	AGTTC	ok	True
chr1	4051039	4051040	-	0.869565	mod_ratio	46	62	T	TGTCC	ok	True
chr1	4051092	4051093	-	0.76	mod_ratio	50	56	T	AGTTT	ok	True
chr1	4051263	4051264	-	0.578947	mod_ratio	38	44	T	GGTCT	ok	True
chr1	4051895	4051896	-	0.742857	mod_ratio	35	47	T	TGTTT	ok	True
chr1	4053655	4053656	-	0.888889	mod_ratio	27	34	T	CGTCC	ok	False
chr1	4073090	4073091	+	0.888889	mod_ratio	27	29	A	GGACG	ok	False
chr1	4075349	4075350	+	0.709677	mod_ratio	31	33	A	GGACC	ok	True
chr1	4090172	4090173	-	0.219436	mod_ratio	319	393	T	GGTTT	ok	True
chr1	4090173	4090174	-	0.278571	mod_ratio	280	715	T	GTTTT	ok	False
chr1	4090245	4090246	-	0.294025	mod_ratio	636	698	T	GGTTC	ok	True
chr1	4090316	4090317	-	0.292763	mod_ratio	608	702	T	AGTCC	ok	True
chr1	4090460	4090461	-	0.19788	mod_ratio	566	663	T	GGTTT	ok	True
chr1	4106310	4106311	+	0.612245	mod_ratio	49	64	A	GGACC	ok	True
chr1	4106324	4106325	+	0.642857	mod_ratio	56	63	A	AGACC	ok	True
chr1	4106440	4106441	+	0.740741	mod_ratio	54	66	A	GGACG	ok	False
chr1	4108527	4108528	+	0.412698	mod_ratio	63	73	A	AAACA	ok	True
chr1	4108621	4108622	+	0.391304	mod_ratio	69	74	A	AGACA	ok	True
chr1	4108770	4108771	+	0.482143	mod_ratio	56	74	A	AGACC	ok	True
chr1	4108845	4108846	+	0.542857	mod_ratio	70	80	A	AAACG	ok	False
chr1	4108885	4108886	+	0.565217	mod_ratio	69	79	A	AAACG	ok	False
chr1	4108962	4108963	+	0.523077	mod_ratio	65	83	A	GGACA	ok	True
chr1	4149297	4149298	+	0.763636	mod_ratio	55	63	A	AAACC	ok	True
chr1	4149458	4149459	+	0.413793	mod_ratio	58	64	A	AAACT	ok	True
chr1	4149818	4149819	+	0.439394	mod_ratio	66	68	A	AAACG	ok	False
chr1	4150444	4150445	+	0.558824	mod_ratio	68	81	A	AAACT	ok	True
chr1	4150574	4150575	+	0.589041	mod_ratio	73	81	A	GGACC	ok	True
chr1	4150659	4150660	+	0.629032	mod_ratio	62	83	A	AAACG	ok	False
chr1	4150777	4150778	+	0.533333	mod_ratio	45	85	A	GAACA	ok	True
chr1	4150864	4150865	+	0.396825	mod_ratio	63	74	A	AGACT	ok	True
chr1	4150878	4150879	+	0.4	mod_ratio	70	75	A	AGACT	ok	True
chr1	4150892	4150893	+	0.653846	mod_ratio	52	67	A	AAACC	ok	True
chr1	4153929	4153930	+	0.707317	mod_ratio	41	49	A	AAACA	ok	True
chr1	4154035	4154036	+	0.522727	mod_ratio	44	48	A	GAACA	ok	True
chr1	4155140	4155141	+	0.735294	mod_ratio	34	51	A	AAACG	ok	False
chr1	4156025	4156026	+	0.37931	mod_ratio	58	62	A	AAACT	ok	True
chr1	4156218	4156219	+	0.530303	mod_ratio	66	73	A	GGACG	ok	False
chr1	4156266	4156267	+	0.85	mod_ratio	60	75	A	AAACG	ok	False
chr1	4156765	4156766	+	0.704225	mod_ratio	71	84	A	AGACA	ok	True
chr1	4157088	4157089	+	0.583333	mod_ratio	60	93	A	AAACC	ok	True
chr1	4157267	4157268	+	0.597561	mod_ratio	82	99	A	GGACA	ok	True
chr1	4157562	4157563	+	0.641791	mod_ratio	67	82	A	AAACA	ok	True
chr1	4159393	4159394	+	0.796875	mod_ratio	64	79	A	AGACG	ok	False
chr1	4159857	4159858	+	0.868421	mod_ratio	38	56	A	AAACA	ok	True
chr1	4161101	4161102	+	0.448276	mod_ratio	87	100	A	GGACA	ok	True
chr1	4161105	4161106	+	0.536585	mod_ratio	82	101	A	AAACC	ok	True
chr1	4161162	4161163	+	0.588235	mod_ratio	85	100	A	AAACG	ok	False
chr1	4187724	4187725	-	0.414894	mod_ratio	94	119	T	TGTTT	ok	True
chr1	4187990	4187991	-	0.426471	mod_ratio	68	111	T	TGTTT	ok	True
chr1	4223868	4223869	+	0.236364	mod_ratio	110	144	A	AAACC	ok	True
chr1	4224025	4224026	+	0.569106	mod_ratio	123	149	A	GGACA	ok	True
chr1	4224030	4224031	+	0.349593	mod_ratio	123	146	A	AAACA	ok	True
chr1	4224287	4224288	+	0.490323	mod_ratio	155	166	A	GGACA	ok	True
chr1	4224655	4224656	+	0.471338	mod_ratio	157	177	A	AGACT	ok	True
chr1	4224896	4224897	+	0.73913	mod_ratio	115	144	A	AGACC	ok	True
chr1	4224899	4224900	+	0.928571	mod_ratio	28	172	A	CCACC	ok	False
chr1	4225068	4225069	+	0.888889	mod_ratio	36	55	A	AAACA	ok	True
chr1	4241802	4241803	-	0.349398	mod_ratio	83	94	T	AGTTT	ok	True
chr1	4241928	4241929	-	0.379747	mod_ratio	79	96	T	AGTTC	ok	True
chr1	4242130	4242131	-	0.318841	mod_ratio	69	89	T	GGTTT	ok	True
chr1	4242305	4242306	-	0.915254	mod_ratio	59	64	T	CGTTT	ok	False
chr1	4356774	4356775	-	0.6	mod_ratio	50	57	T	CGTCC	ok	False
chr1	4357437	4357438	-	0.8	mod_ratio	50	55	T	GGTCT	ok	True
chr1	4361978	4361979	-	0.587302	mod_ratio	63	91	T	AGTTT	ok	True
chr1	4362566	4362567	-	0.853333	mod_ratio	75	83	T	CGTTC	ok	False
chr1	4362711	4362712	-	0.736842	mod_ratio	76	81	T	GGTCT	ok	True
chr1	4363583	4363584	-	0.615385	mod_ratio	39	44	T	TGTTT	ok	True
chr1	4363788	4363789	-	0.462963	mod_ratio	54	60	T	TGTTC	ok	True
chr1	4363818	4363819	-	0.727273	mod_ratio	55	60	T	GGTCT	ok	True
chr1	4363951	4363952	-	0.470588	mod_ratio	51	58	T	GGTTT	ok	True
chr1	4364337	4364338	-	0.510638	mod_ratio	47	48	T	TGTTC	ok	True
chr1	4364497	4364498	-	0.536585	mod_ratio	41	43	T	GGTTT	ok	True
chr1	4365063	4365064	-	1	mod_ratio	32	34	T	TGTTT	ok	True
chr1	4365184	4365185	-	0.709677	mod_ratio	31	33	T	CGTCC	ok	False
chr1	4375985	4375986	+	0.544118	mod_ratio	68	80	A	GAACA	ok	True
chr1	4376826	4376827	+	0.419753	mod_ratio	81	88	A	AAACT	ok	True
chr1	4376860	4376861	+	0.614458	mod_ratio	83	89	A	GAACA	ok	True
chr1	4377353	4377354	+	0.255319	mod_ratio	94	108	A	GAACA	ok	True
chr1	4377778	4377779	+	0.300971	mod_ratio	103	113	A	GAACG	ok	False
chr1	4378347	4378348	+	0.306931	mod_ratio	101	118	A	GAACT	ok	True
chr1	4378411	4378412	+	0.65	mod_ratio	40	82	A	AGACA	ok	True
chr1	4392504	4392505	-	0.354518	mod_ratio	1306	2006	T	TGTTT	ok	True
chr1	4392515	4392516	-	0.409779	mod_ratio	1718	2110	T	AGTTT	ok	True
chr1	4392643	4392644	-	0.903226	mod_ratio	31	1997	T	AGTTA	ok	True
chr1	4392928	4392929	-	0.596601	mod_ratio	1765	2224	T	CGTTT	ok	False
chr1	4393030	4393031	-	0.306163	mod_ratio	2012	2156	T	TGTTC	ok	True
chr1	4393234	4393235	-	0.763158	mod_ratio	38	2050	T	GGTCA	ok	True
chr1	4393314	4393315	-	0.209189	mod_ratio	1850	2040	T	AGTTC	ok	True
chr1	4393617	4393618	-	0.218341	mod_ratio	229	1908	T	AGTCT	ok	True
chr1	4393628	4393629	-	0.580198	mod_ratio	1515	1788	T	GGTTT	ok	True
chr1	4393688	4393689	-	0.359681	mod_ratio	1632	1788	T	TGTTT	ok	True
chr1	4393707	4393708	-	0.975309	mod_ratio	81	1843	T	CGTTA	ok	False
chr1	4394051	4394052	-	0.21742	mod_ratio	1504	1665	T	AGTTT	ok	True
chr1	4394120	4394121	-	0.58427	mod_ratio	89	1692	T	GTTTC	ok	False
chr1	4394253	4394254	-	0.145224	mod_ratio	1026	1160	T	GGTTT	ok	True
chr1	4396375	4396376	-	0.705882	mod_ratio	34	51	T	TGTTT	ok	True
chr1	4396407	4396408	-	0.868421	mod_ratio	38	68	T	TGTCT	ok	True
chr1	4396830	4396831	-	0.654545	mod_ratio	55	61	T	TGTTT	ok	True
chr1	4396882	4396883	-	0.383333	mod_ratio	60	67	T	TGTCC	ok	True
chr1	4397162	4397163	-	0.589744	mod_ratio	39	49	T	AGTTT	ok	True
chr1	4397390	4397391	-	0.438596	mod_ratio	57	62	T	AGTTC	ok	True
chr1	4397402	4397403	-	0.735849	mod_ratio	53	62	T	TGTCC	ok	True
chr1	4397458	4397459	-	0.480769	mod_ratio	52	60	T	CGTTC	ok	False
chr1	4397686	4397687	-	0.714286	mod_ratio	49	56	T	TGTTT	ok	True
chr1	4397696	4397697	-	0.653846	mod_ratio	52	58	T	AGTTC	ok	True
chr1	4397811	4397812	-	0.622642	mod_ratio	53	58	T	AGTTT	ok	True
chr1	4454008	4454009	+	0.558824	mod_ratio	68	84	A	GGACG	ok	False
chr1	4454013	4454014	+	0.469697	mod_ratio	66	84	A	AAACT	ok	True
chr1	4454210	4454211	+	0.44	mod_ratio	75	88	A	GGACA	ok	True
chr1	4454561	4454562	+	0.432099	mod_ratio	81	94	A	GGACG	ok	False
chr1	4454566	4454567	+	0.513889	mod_ratio	72	94	A	AAACT	ok	True
chr1	4459276	4459277	+	0.675	mod_ratio	40	44	A	AAACA	ok	True
chr1	4459286	4459287	+	0.55	mod_ratio	40	44	A	AAACC	ok	True
chr1	4459774	4459775	+	0.666667	mod_ratio	45	54	A	GGACA	ok	True
chr1	4459812	4459813	+	0.666667	mod_ratio	45	56	A	AGACA	ok	True
chr1	4460265	4460266	+	0.460317	mod_ratio	63	72	A	AAACC	ok	True
chr1	4460303	4460304	+	0.433333	mod_ratio	60	68	A	GAACC	ok	True
chr1	4460506	4460507	+	0.80597	mod_ratio	67	75	A	GGACG	ok	False
chr1	4460662	4460663	+	0.57377	mod_ratio	61	74	A	GAACT	ok	True
chr1	4462327	4462328	+	0.925926	mod_ratio	27	36	A	AGACG	ok	False
chr1	4462920	4462921	+	0.638889	mod_ratio	36	42	A	GGACA	ok	True
chr1	4525677	4525678	-	0.704663	mod_ratio	193	225	T	GGTCT	ok	True
chr1	4546284	4546285	+	0.92	mod_ratio	25	29	A	AAACG	ok	False
chr1	4565609	4565610	-	0.733333	mod_ratio	30	34	T	CGTCC	ok	False
chr1	4608289	4608290	-	0.667255	mod_ratio	1133	1389	T	GGTTT	ok	True
chr1	4608290	4608291	-	0.376238	mod_ratio	101	1518	T	GTTTC	ok	False
chr1	4609302	4609303	-	0.131164	mod_ratio	1014	1349	T	AGTCC	ok	True
chr1	4609756	4609757	-	0.123457	mod_ratio	243	1211	T	TGTCC	ok	True
chr1	4609765	4609766	-	0.141602	mod_ratio	1024	1219	T	GGTTC	ok	True
chr1	4609902	4609903	-	0.220386	mod_ratio	363	472	T	AGTTT	ok	True
chr1	4609903	4609904	-	0.398852	mod_ratio	697	1181	T	GTTTT	ok	False
chr1	4662632	4662633	-	0.44898	mod_ratio	49	52	T	AGTTC	ok	True
chr1	4662767	4662768	-	0.306931	mod_ratio	101	130	T	CGTTC	ok	False
chr1	4662796	4662797	-	0.549296	mod_ratio	71	105	T	GGTTT	ok	True
chr1	4662886	4662887	-	0.628866	mod_ratio	97	127	T	AGTTT	ok	True
chr1	4662970	4662971	-	0.549451	mod_ratio	91	127	T	AGTTT	ok	True
chr1	4680910	4680911	-	0.702128	mod_ratio	47	57	T	TGTTC	ok	True
chr1	4681038	4681039	-	0.5	mod_ratio	54	58	T	GGTTC	ok	True
chr1	4681396	4681397	-	0.521739	mod_ratio	46	52	T	TGTCT	ok	True
chr1	4681445	4681446	-	0.733333	mod_ratio	45	49	T	TGTCT	ok	True
chr1	4736113	4736114	+	0.5	mod_ratio	54	59	A	AGACA	ok	True
chr1	4736415	4736416	+	0.8	mod_ratio	50	65	A	AGACA	ok	True
chr1	4736764	4736765	+	0.761905	mod_ratio	63	67	A	GGACG	ok	False
chr1	4737617	4737618	+	0.47619	mod_ratio	63	68	A	AGACC	ok	True
chr1	4761119	4761120	+	0.250482	mod_ratio	519	582	A	AAACT	ok	True
chr1	4761171	4761172	+	0.160232	mod_ratio	518	596	A	GAACC	ok	True
chr1	4761177	4761178	+	0.870283	mod_ratio	424	594	A	AAACA	ok	True
chr1	4761268	4761269	+	0.642147	mod_ratio	503	614	A	AGACA	ok	True
chr1	4761272	4761273	+	0.252427	mod_ratio	515	592	A	AAACT	ok	True
chr1	4761316	4761317	+	0.513308	mod_ratio	526	628	A	AGACG	ok	False
chr1	4796011	4796012	+	0.787879	mod_ratio	33	36	A	AGACA	ok	True
chr1	4796421	4796422	+	0.742857	mod_ratio	35	41	A	GAACG	ok	False
chr1	4806115	4806116	-	1	mod_ratio	26	28	T	CGTTT	ok	False
chr1	4840165	4840166	+	0.548148	mod_ratio	135	161	A	AAACA	ok	True
chr1	4840206	4840207	+	0.585938	mod_ratio	128	154	A	GGACC	ok	True
chr1	4840249	4840250	+	0.75	mod_ratio	128	165	A	AAACA	ok	True
chr1	4840551	4840552	+	0.704348	mod_ratio	115	171	A	GGACG	ok	False
chr1	4840684	4840685	+	0.604938	mod_ratio	81	148	A	GGACT	ok	True
chr1	4840736	4840737	+	0.55	mod_ratio	40	81	A	AAACA	ok	True
chr1	4857877	4857878	-	0.733333	mod_ratio	30	38	T	TGTTT	ok	True
chr1	4875914	4875915	-	0.666667	mod_ratio	39	48	T	TGTCC	ok	True
chr1	4876020	4876021	-	0.789474	mod_ratio	38	43	T	TGTCT	ok	True
chr1	4878755	4878756	+	0.636364	mod_ratio	44	50	A	AAACC	ok	True
chr1	4878996	4878997	+	0.594595	mod_ratio	37	51	A	AAACC	ok	True
chr1	4888264	4888265	+	0.124031	mod_ratio	516	668	A	AGACG	ok	False
chr1	4888874	4888875	+	0.106782	mod_ratio	693	852	A	AGACT	ok	True
chr1	4888933	4888934	+	0.609325	mod_ratio	622	872	A	GGACA	ok	True
chr1	4889356	4889357	+	0.124041	mod_ratio	782	923	A	GGACC	ok	True
chr1	4889419	4889420	+	0.245921	mod_ratio	858	947	A	GAACT	ok	True
chr1	4889517	4889518	+	0.730769	mod_ratio	182	456	A	GGACA	ok	True
chr1	4899291	4899292	+	0.55102	mod_ratio	98	130	A	AAACT	ok	True
chr1	4899369	4899370	+	0.247706	mod_ratio	109	134	A	AAACC	ok	True
chr1	4899655	4899656	+	0.611111	mod_ratio	162	172	A	GAACT	ok	True
chr1	4899882	4899883	+	0.6875	mod_ratio	80	104	A	AGACG	ok	False
chr1	4899896	4899897	+	0.893333	mod_ratio	75	99	A	AAACG	ok	False
chr1	4927129	4927130	-	0.603175	mod_ratio	63	141	T	GGTTT	ok	True
chr1	4927194	4927195	-	0.484127	mod_ratio	126	164	T	GTTTT	ok	False
chr1	4927304	4927305	-	0.192857	mod_ratio	140	174	T	AGTCC	ok	True
chr1	4927567	4927568	-	0.563636	mod_ratio	55	177	T	GTTTT	ok	False
chr1	4927578	4927579	-	0.45098	mod_ratio	153	177	T	TGTCC	ok	True
chr1	4927746	4927747	-	0.382114	mod_ratio	123	160	T	GGTTT	ok	True
chr1	4927782	4927783	-	0.412587	mod_ratio	143	163	T	AGTTT	ok	True
chr1	4928047	4928048	-	0.190141	mod_ratio	142	154	T	TGTCC	ok	True
chr1	4928080	4928081	-	0.217391	mod_ratio	138	153	T	GGTCT	ok	True
chr1	4928517	4928518	-	0.245902	mod_ratio	122	137	T	TGTTC	ok	True
chr1	4946274	4946275	-	0.705882	mod_ratio	34	71	T	AGTTT	ok	True
chr1	4946368	4946369	-	0.467391	mod_ratio	184	217	T	AGTTC	ok	True
chr1	4946460	4946461	-	0.104762	mod_ratio	210	234	T	AGTTC	ok	True
chr1	4946478	4946479	-	0.84375	mod_ratio	160	221	T	TGTTT	ok	True
chr1	4947357	4947358	-	0.360406	mod_ratio	197	232	T	TGTTC	ok	True
chr1	4947471	4947472	-	0.406593	mod_ratio	182	221	T	TGTCT	ok	True
chr1	4962038	4962039	-	0.95122	mod_ratio	41	50	T	TGTCT	ok	True
chr1	4962218	4962219	-	0.755556	mod_ratio	45	51	T	TGTTT	ok	True
chr1	4985594	4985595	+	0.925926	mod_ratio	27	29	A	GGACA	ok	True
chr1	4986923	4986924	+	0.757576	mod_ratio	33	37	A	AAACA	ok	True
chr1	5008420	5008421	-	0.758621	mod_ratio	29	30	T	AGTTT	ok	True
chr1	5008481	5008482	-	0.763158	mod_ratio	38	38	T	TGTCT	ok	True
chr1	5008878	5008879	-	0.933333	mod_ratio	30	33	T	CGTCT	ok	False
chr1	5060930	5060931	+	0.44898	mod_ratio	49	64	A	GGACA	ok	True
chr1	5061003	5061004	+	0.641509	mod_ratio	53	68	A	GGACG	ok	False
chr1	5066819	5066820	-	0.574074	mod_ratio	54	60	T	AGTTC	ok	True
chr1	5067273	5067274	-	0.87234	mod_ratio	47	51	T	CGTTT	ok	False
chr1	5067899	5067900	-	0.565217	mod_ratio	46	49	T	GGTCT	ok	True
chr1	5102676	5102677	-	0.280899	mod_ratio	89	102	T	GGTTC	ok	True
chr1	5102870	5102871	-	0.567901	mod_ratio	81	101	T	CGTCT	ok	False
chr1	5104411	5104412	-	0.478261	mod_ratio	46	70	T	CGTTT	ok	False
chr1	5104480	5104481	-	0.531915	mod_ratio	47	72	T	TGTCC	ok	True
chr1	5104602	5104603	-	0.460317	mod_ratio	63	69	T	GGTTT	ok	True
chr1	5107683	5107684	-	0.725	mod_ratio	40	43	T	TGTCT	ok	True
chr1	5107755	5107756	-	0.888889	mod_ratio	36	43	T	CGTTT	ok	False
chr1	5107798	5107799	-	0.585366	mod_ratio	41	47	T	CGTCC	ok	False
chr1	5128460	5128461	-	0.91358	mod_ratio	81	117	T	TGTCT	ok	True
chr1	5128491	5128492	-	0.359223	mod_ratio	103	125	T	TGTTC	ok	True
chr1	5128541	5128542	-	0.793103	mod_ratio	87	104	T	CGTTT	ok	False
chr1	5128865	5128866	-	0.679612	mod_ratio	103	127	T	TGTTT	ok	True
chr1	5138718	5138719	-	0.5	mod_ratio	44	74	T	CGTCC	ok	False
chr1	5139012	5139013	-	0.769231	mod_ratio	39	55	T	GGTTT	ok	True
chr1	5139143	5139144	-	0.939394	mod_ratio	33	41	T	CGTTT	ok	False
chr1	5165791	5165792	-	0.352	mod_ratio	250	347	T	GGTTC	ok	True
chr1	5165828	5165829	-	0.443038	mod_ratio	237	346	T	AGTCC	ok	True
chr1	5165963	5165964	-	0.220447	mod_ratio	313	383	T	CGTCC	ok	False
chr1	5166413	5166414	-	0.157407	mod_ratio	324	373	T	CGTCC	ok	False
chr1	5166433	5166434	-	0.692029	mod_ratio	276	369	T	GGTCC	ok	True
chr1	5166458	5166459	-	0.163462	mod_ratio	312	367	T	AGTTC	ok	True
chr1	5166587	5166588	-	0.481172	mod_ratio	239	297	T	GGTTT	ok	True
chr1	5166588	5166589	-	0.517241	mod_ratio	58	362	T	GTTTT	ok	False
chr1	5203887	5203888	+	0.72549	mod_ratio	306	348	A	AAACT	ok	True
chr1	5203980	5203981	+	0.363229	mod_ratio	223	337	A	GAACT	ok	True
chr1	5210608	5210609	-	0.88	mod_ratio	25	55	T	TGTTT	ok	True
chr1	5250780	5250781	-	0.203488	mod_ratio	172	361	T	TTTTT	ok	False
chr1	5251490	5251491	-	0.411594	mod_ratio	345	453	T	AGTCT	ok	True
chr1	5251886	5251887	-	0.241477	mod_ratio	352	450	T	GGTTT	ok	True
chr1	5252026	5252027	-	0.226471	mod_ratio	340	427	T	GGTTC	ok	True
chr1	5252041	5252042	-	0.139535	mod_ratio	344	423	T	GGTTC	ok	True
chr1	5257442	5257443	-	0.871795	mod_ratio	39	52	T	TGTCT	ok	True
chr1	5257757	5257758	-	0.911765	mod_ratio	34	45	T	CGTCC	ok	False
chr1	5258376	5258377	-	0.774194	mod_ratio	31	38	T	GGTCC	ok	True
chr1	5258554	5258555	-	0.758621	mod_ratio	29	34	T	CGTCT	ok	False
chr1	5258618	5258619	-	0.892857	mod_ratio	28	34	T	TGTCT	ok	True
chr1	5258630	5258631	-	0.903226	mod_ratio	31	34	T	GGTCT	ok	True
chr1	5288301	5288302	+	0.671429	mod_ratio	70	77	A	GAACG	ok	False
chr1	5288356	5288357	+	0.391304	mod_ratio	69	77	A	AAACC	ok	True
chr1	5295565	5295566	+	0.916667	mod_ratio	36	55	A	GGACA	ok	True
chr1	5295615	5295616	+	0.571429	mod_ratio	42	56	A	GGACC	ok	True
chr1	5296416	5296417	-	0.790323	mod_ratio	62	80	T	CGTTT	ok	False
chr1	5296613	5296614	-	0.435484	mod_ratio	62	68	T	GGTTT	ok	True
chr1	5296623	5296624	-	0.515152	mod_ratio	66	85	T	GGTCT	ok	True
chr1	5296650	5296651	-	0.591549	mod_ratio	71	86	T	GGTTT	ok	True
chr1	5296659	5296660	-	0.350649	mod_ratio	77	85	T	TGTTC	ok	True
chr1	5296740	5296741	-	0.388889	mod_ratio	72	83	T	AGTTC	ok	True
chr1	5326443	5326444	+	0.530612	mod_ratio	49	67	A	AAACC	ok	True
chr1	5326537	5326538	+	0.531915	mod_ratio	47	62	A	AAACT	ok	True
chr1	5327695	5327696	+	0.619048	mod_ratio	84	92	A	AAACC	ok	True
chr1	5327938	5327939	+	0.797753	mod_ratio	89	97	A	GAACG	ok	False
chr1	5328688	5328689	+	0.745283	mod_ratio	106	115	A	AGACG	ok	False
chr1	5328841	5328842	+	0.492308	mod_ratio	65	85	A	AAACT	ok	True
chr1	5399147	5399148	+	0.432432	mod_ratio	111	125	A	GGACG	ok	False
chr1	5399227	5399228	+	0.42	mod_ratio	100	122	A	AAACT	ok	True
chr1	5399834	5399835	+	0.647619	mod_ratio	105	137	A	GGACC	ok	True
chr1	5400141	5400142	+	0.27972	mod_ratio	143	160	A	AAACC	ok	True
chr1	5400484	5400485	+	0.525974	mod_ratio	154	181	A	GAACC	ok	True
chr1	5400498	5400499	+	0.138365	mod_ratio	159	182	A	GAACC	ok	True
chr1	5400593	5400594	+	0.348387	mod_ratio	155	190	A	GAACA	ok	True
chr1	5401593	5401594	+	0.380282	mod_ratio	142	264	A	AAACC	ok	True
chr1	5401598	5401599	+	0.211207	mod_ratio	232	264	A	AGACT	ok	True
chr1	5401711	5401712	+	0.545064	mod_ratio	233	273	A	AGACC	ok	True
chr1	5401874	5401875	+	0.526316	mod_ratio	247	274	A	GGACA	ok	True
chr1	5402010	5402011	+	0.68	mod_ratio	250	292	A	GGACC	ok	True
chr1	5402096	5402097	+	0.181818	mod_ratio	275	301	A	GAACA	ok	True
chr1	5402185	5402186	+	0.53876	mod_ratio	258	308	A	AAACT	ok	True
chr1	5402252	5402253	+	0.585821	mod_ratio	268	299	A	AAACT	ok	True
chr1	5402301	5402302	+	0.502703	mod_ratio	185	295	A	AAACC	ok	True
chr1	5402332	5402333	+	0.266667	mod_ratio	210	305	A	GAACC	ok	True
chr1	5402487	5402488	+	0.527778	mod_ratio	72	95	A	AGACA	ok	True
chr1	5408998	5408999	-	0.757576	mod_ratio	33	37	T	TGTTT	ok	True
chr1	5409205	5409206	-	0.833333	mod_ratio	30	33	T	CGTCT	ok	False
chr1	5413143	5413144	+	0.888889	mod_ratio	27	30	A	AGACA	ok	True
chr1	5414392	5414393	+	0.608696	mod_ratio	46	54	A	AAACT	ok	True
chr1	5415248	5415249	-	0.594595	mod_ratio	37	42	T	TGTTT	ok	True
chr1	5415290	5415291	-	0.837838	mod_ratio	37	41	T	CGTTT	ok	False
chr1	5415679	5415680	-	0.862069	mod_ratio	29	33	T	TGTTT	ok	True
chr1	5415791	5415792	-	0.903226	mod_ratio	31	34	T	TGTTT	ok	True
chr1	5416660	5416661	-	0.916667	mod_ratio	24	25	T	CGTTT	ok	False
chr1	5446498	5446499	-	0.622642	mod_ratio	318	390	T	TGTTT	ok	True
chr1	5446585	5446586	-	0.638848	mod_ratio	2708	3394	T	GGTTT	ok	True
chr1	5446633	5446634	-	0.349656	mod_ratio	2471	3176	T	GGTTT	ok	True
chr1	5446680	5446681	-	0.140553	mod_ratio	434	4752	T	GTTTT	ok	False
chr1	5446710	5446711	-	0.753521	mod_ratio	142	4448	T	CGTTT	ok	False
chr1	5446835	5446836	-	0.270652	mod_ratio	1840	2446	T	GGTTT	ok	True
chr1	5446901	5446902	-	0.240614	mod_ratio	586	4563	T	AGTTC	ok	True
chr1	5446920	5446921	-	0.335025	mod_ratio	197	4530	T	GGTCT	ok	True
chr1	5446984	5446985	-	0.221429	mod_ratio	140	4424	T	CGTTT	ok	False
chr1	5447019	5447020	-	0.237311	mod_ratio	3763	4369	T	GGTTC	ok	True
chr1	5447057	5447058	-	0.124374	mod_ratio	3795	4336	T	CGTCT	ok	False
chr1	5447189	5447190	-	0.128425	mod_ratio	3613	4143	T	GGTCT	ok	True
chr1	5447470	5447471	-	0.516667	mod_ratio	60	3979	T	GGTCA	ok	True
chr1	5447551	5447552	-	0.415094	mod_ratio	53	3903	T	TTTTC	ok	False
chr1	5447700	5447701	-	0.241277	mod_ratio	1347	1702	T	TGTTT	ok	True
chr1	5447701	5447702	-	0.20625	mod_ratio	320	2034	T	GTTTT	ok	False
chr1	5447702	5447703	-	0.176907	mod_ratio	1481	3549	T	TTTTT	ok	False
chr1	5447732	5447733	-	0.233743	mod_ratio	569	3113	T	TGTTT	ok	True
chr1	5456510	5456511	+	1	mod_ratio	33	36	A	AAACG	ok	False
chr1	5456811	5456812	+	0.806452	mod_ratio	31	39	A	AAACA	ok	True
chr1	5472762	5472763	+	0.433735	mod_ratio	415	488	A	AAACT	ok	True
chr1	5472859	5472860	+	0.458015	mod_ratio	393	493	A	GAACA	ok	True
chr1	5472886	5472887	+	0.247191	mod_ratio	356	418	A	AGACT	ok	True
chr1	5478821	5478822	+	0.321429	mod_ratio	84	121	A	GAACC	ok	True
chr1	5479903	5479904	+	0.527559	mod_ratio	127	155	A	GGACC	ok	True
chr1	5479909	5479910	+	0.381818	mod_ratio	110	153	A	GAACC	ok	True
chr1	5479969	5479970	+	0.177419	mod_ratio	124	151	A	AAACA	ok	True
chr1	5480185	5480186	+	0.1875	mod_ratio	144	159	A	GAACA	ok	True
chr1	5480257	5480258	+	0.866071	mod_ratio	112	147	A	GGACC	ok	True
chr1	5480416	5480417	+	0.352113	mod_ratio	142	162	A	GGACG	ok	False
chr1	5481715	5481716	+	0.422222	mod_ratio	135	166	A	GGACG	ok	False
chr1	5481724	5481725	+	0.156463	mod_ratio	147	167	A	GAACC	ok	True
chr1	5482000	5482001	+	0.581081	mod_ratio	148	172	A	AAACC	ok	True
chr1	5482059	5482060	+	0.45098	mod_ratio	102	164	A	AAACC	ok	True
chr1	5489364	5489365	+	0.902985	mod_ratio	134	147	A	AAACG	ok	False
chr1	5489387	5489388	+	0.463415	mod_ratio	123	149	A	AAACC	ok	True
chr1	5489412	5489413	+	0.453846	mod_ratio	130	150	A	AAACT	ok	True
chr1	5489545	5489546	+	0.326087	mod_ratio	138	161	A	AGACG	ok	False
chr1	5489558	5489559	+	0.387597	mod_ratio	129	149	A	AGACC	ok	True
chr1	5489660	5489661	+	0.538462	mod_ratio	143	164	A	AGACG	ok	False
chr1	5489898	5489899	+	0.506667	mod_ratio	150	178	A	AAACA	ok	True
chr1	5489904	5489905	+	0.619835	mod_ratio	121	171	A	AAACG	ok	False
chr1	5489950	5489951	+	0.205128	mod_ratio	156	181	A	GAACC	ok	True
chr1	5489977	5489978	+	0.282353	mod_ratio	170	183	A	GGACT	ok	True
chr1	5490156	5490157	+	0.616883	mod_ratio	154	188	A	AGACA	ok	True
chr1	5490776	5490777	+	0.816327	mod_ratio	196	219	A	GGACA	ok	True
chr1	5490882	5490883	+	0.162437	mod_ratio	197	226	A	AAACG	ok	False
chr1	5490909	5490910	+	0.263158	mod_ratio	190	226	A	AAACA	ok	True
chr1	5490942	5490943	+	0.822857	mod_ratio	175	227	A	AGACA	ok	True
chr1	5490946	5490947	+	0.285	mod_ratio	200	228	A	AAACC	ok	True
chr1	5491148	5491149	+	0.52968	mod_ratio	219	237	A	GAACT	ok	True
chr1	5491219	5491220	+	0.478873	mod_ratio	213	235	A	AAACA	ok	True
chr1	5514479	5514480	+	0.211382	mod_ratio	123	142	A	AAACC	ok	True
chr1	5514551	5514552	+	0.387387	mod_ratio	111	148	A	AAACT	ok	True
chr1	5514668	5514669	+	0.551724	mod_ratio	145	169	A	GGACC	ok	True
chr1	5515256	5515257	+	0.185897	mod_ratio	156	183	A	AAACT	ok	True
chr1	5515426	5515427	+	0.154321	mod_ratio	162	190	A	AGACT	ok	True
chr1	5515468	5515469	+	0.228758	mod_ratio	153	176	A	GGACT	ok	True
chr1	5515832	5515833	+	0.196078	mod_ratio	153	199	A	AAACT	ok	True
chr1	5541206	5541207	+	0.347222	mod_ratio	72	85	A	AGACT	ok	True
chr1	5542444	5542445	+	0.60396	mod_ratio	101	116	A	AAACC	ok	True
chr1	5542755	5542756	+	0.393939	mod_ratio	99	121	A	GAACA	ok	True
chr1	5546182	5546183	-	1	mod_ratio	25	42	T	TGTCT	ok	True
chr1	5546574	5546575	-	0.733333	mod_ratio	30	38	T	GGTTT	ok	True
chr1	5555169	5555170	-	0.608696	mod_ratio	46	61	T	TGTCT	ok	True
chr1	5555726	5555727	-	0.428571	mod_ratio	56	63	T	CGTCT	ok	False
chr1	5580998	5580999	+	0.56	mod_ratio	50	64	A	AAACC	ok	True
chr1	5581021	5581022	+	0.396552	mod_ratio	58	65	A	AAACC	ok	True
chr1	5581145	5581146	+	0.732143	mod_ratio	56	69	A	AGACA	ok	True
chr1	5581748	5581749	+	0.486111	mod_ratio	72	84	A	AAACC	ok	True
chr1	5591801	5591802	+	0.767442	mod_ratio	43	46	A	AGACA	ok	True
chr1	5592444	5592445	+	0.859649	mod_ratio	57	62	A	GAACG	ok	False
chr1	5609040	5609041	+	0.481481	mod_ratio	54	58	A	GAACT	ok	True
chr1	5609186	5609187	+	0.511111	mod_ratio	45	62	A	AGACG	ok	False
chr1	5609410	5609411	+	0.90625	mod_ratio	64	69	A	AGACG	ok	False
chr1	5609607	5609608	+	0.533333	mod_ratio	60	67	A	GAACG	ok	False
chr1	5609786	5609787	+	0.787879	mod_ratio	66	75	A	AAACG	ok	False
chr1	5609810	5609811	+	0.661972	mod_ratio	71	76	A	AGACG	ok	False
chr1	5610089	5610090	+	0.768116	mod_ratio	69	76	A	AGACA	ok	True
chr1	5610104	5610105	+	0.651515	mod_ratio	66	83	A	AAACT	ok	True
chr1	5610130	5610131	+	0.613333	mod_ratio	75	87	A	AAACA	ok	True
chr1	5610938	5610939	+	0.6125	mod_ratio	80	97	A	GGACG	ok	False
chr1	5611009	5611010	+	0.714286	mod_ratio	70	87	A	GGACC	ok	True
chr1	5611092	5611093	+	0.436782	mod_ratio	87	96	A	AAACC	ok	True
chr1	5611153	5611154	+	0.593407	mod_ratio	91	97	A	AAACG	ok	False
chr1	5611305	5611306	+	0.596774	mod_ratio	62	80	A	AAACA	ok	True
chr1	5611316	5611317	+	0.571429	mod_ratio	49	68	A	AAACA	ok	True
chr1	5619897	5619898	-	0.533333	mod_ratio	45	54	T	AGTCC	ok	True
chr1	5620092	5620093	-	0.931034	mod_ratio	29	49	T	TGTCC	ok	True
chr1	5624888	5624889	+	0.336735	mod_ratio	98	106	A	GAACT	ok	True
chr1	5625470	5625471	+	0.72093	mod_ratio	86	110	A	AGACC	ok	True
chr1	5668962	5668963	+	0.916667	mod_ratio	24	32	A	GGACA	ok	True
chr1	5669600	5669601	+	0.666667	mod_ratio	33	36	A	GGACA	ok	True
chr1	5710830	5710831	+	0.465909	mod_ratio	88	108	A	GAACG	ok	False
chr1	5711469	5711470	+	0.533981	mod_ratio	103	113	A	AAACT	ok	True
chr1	5723464	5723465	+	0.3	mod_ratio	100	119	A	GGACG	ok	False
chr1	5723489	5723490	+	0.354839	mod_ratio	93	121	A	GGACG	ok	False
chr1	5723580	5723581	+	0.364407	mod_ratio	118	126	A	AGACT	ok	True
chr1	5723644	5723645	+	0.4	mod_ratio	105	131	A	AAACG	ok	False
chr1	5723983	5723984	+	0.605263	mod_ratio	38	136	A	AGACC	ok	True
chr1	5724321	5724322	+	0.413043	mod_ratio	138	155	A	AAACT	ok	True
chr1	5725320	5725321	+	0.230769	mod_ratio	169	192	A	AAACA	ok	True
chr1	5725324	5725325	+	0.264045	mod_ratio	178	194	A	AGACT	ok	True
chr1	5725673	5725674	+	0.127907	mod_ratio	172	208	A	GAACC	ok	True
chr1	5725888	5725889	+	0.225806	mod_ratio	186	217	A	AAACA	ok	True
chr1	5726085	5726086	+	0.127907	mod_ratio	172	204	A	GAACT	ok	True
chr1	5726192	5726193	+	0.432927	mod_ratio	164	218	A	AGACA	ok	True
chr1	5726571	5726572	-	0.581395	mod_ratio	43	52	T	TGTCT	ok	True
chr1	5726976	5726977	-	0.941176	mod_ratio	34	50	T	TGTTT	ok	True
chr1	5728955	5728956	+	0.478261	mod_ratio	46	52	A	GGACC	ok	True
chr1	5756684	5756685	+	0.655172	mod_ratio	58	84	A	GGACC	ok	True
chr1	5756747	5756748	+	0.843137	mod_ratio	51	83	A	AAACG	ok	False
chr1	5773863	5773864	+	0.283654	mod_ratio	208	254	A	AGACG	ok	False
chr1	5773897	5773898	+	0.631068	mod_ratio	206	254	A	GGACA	ok	True
chr1	5773923	5773924	+	0.395745	mod_ratio	235	254	A	AAACC	ok	True
chr1	5774748	5774749	+	0.238095	mod_ratio	252	287	A	AAACT	ok	True
chr1	5775030	5775031	+	0.195652	mod_ratio	276	314	A	AAACA	ok	True
chr1	5775205	5775206	+	0.225275	mod_ratio	182	320	A	GAACC	ok	True
chr1	5775583	5775584	+	0.573913	mod_ratio	230	334	A	GGACC	ok	True
chr1	5775736	5775737	+	0.103679	mod_ratio	299	329	A	GGACT	ok	True
chr1	5776399	5776400	-	0.532847	mod_ratio	137	173	T	AGTCT	ok	True
chr1	5776453	5776454	-	0.522388	mod_ratio	67	180	T	GTTTT	ok	False
chr1	5776491	5776492	-	0.527027	mod_ratio	148	175	T	AGTTT	ok	True
chr1	5776905	5776906	-	0.319149	mod_ratio	141	173	T	AGTTC	ok	True
chr1	5778369	5778370	-	0.495327	mod_ratio	107	128	T	GGTTT	ok	True
chr1	5787382	5787383	-	0.875	mod_ratio	48	63	T	GGTCT	ok	True
chr1	5787786	5787787	-	0.45098	mod_ratio	51	57	T	TGTTT	ok	True
chr1	5829213	5829214	+	0.329114	mod_ratio	79	98	A	AAACT	ok	True
chr1	5829863	5829864	+	0.808081	mod_ratio	99	108	A	AAACA	ok	True
chr1	5829954	5829955	+	0.592233	mod_ratio	103	114	A	GAACG	ok	False
chr1	5830124	5830125	+	0.94	mod_ratio	100	116	A	AGACC	ok	True
chr1	5830356	5830357	+	0.96875	mod_ratio	96	117	A	AGACG	ok	False
chr1	5830765	5830766	+	0.663265	mod_ratio	98	127	A	AGACA	ok	True
chr1	5831269	5831270	+	0.313953	mod_ratio	86	123	A	AAACT	ok	True
chr1	5831276	5831277	+	0.53012	mod_ratio	83	134	A	AAACA	ok	True
chr1	5831319	5831320	+	0.4	mod_ratio	105	123	A	AAACA	ok	True
chr1	5840649	5840650	-	0.675	mod_ratio	80	93	T	GGTTT	ok	True
chr1	5840876	5840877	-	0.258824	mod_ratio	85	94	T	TGTCT	ok	True
chr1	5841337	5841338	-	0.386364	mod_ratio	88	93	T	AGTTT	ok	True
chr1	5844829	5844830	+	0.398148	mod_ratio	216	241	A	AGACC	ok	True
chr1	5844983	5844984	+	0.170732	mod_ratio	205	251	A	GAACC	ok	True
chr1	5845020	5845021	+	0.262376	mod_ratio	202	254	A	GAACC	ok	True
chr1	5845249	5845250	+	0.175732	mod_ratio	239	269	A	GAACC	ok	True
chr1	5845297	5845298	+	0.192157	mod_ratio	255	274	A	GAACT	ok	True
chr1	5845319	5845320	+	0.887255	mod_ratio	204	281	A	AGACA	ok	True
chr1	5845375	5845376	+	0.102041	mod_ratio	245	281	A	AGACT	ok	True
chr1	5845662	5845663	+	0.413793	mod_ratio	58	77	A	GAACA	ok	True
chr1	5870475	5870476	+	0.559322	mod_ratio	59	65	A	AAACT	ok	True
chr1	5870663	5870664	+	0.661017	mod_ratio	59	70	A	GAACG	ok	False
chr1	5872736	5872737	+	0.780488	mod_ratio	41	59	A	AAACA	ok	True
chr1	5872834	5872835	+	0.795918	mod_ratio	49	58	A	AAACT	ok	True
chr1	5878585	5878586	+	0.423729	mod_ratio	118	133	A	GAACT	ok	True
chr1	5878594	5878595	+	0.212389	mod_ratio	113	135	A	AGACA	ok	True
chr1	5879496	5879497	+	0.516393	mod_ratio	122	141	A	GGACC	ok	True
chr1	5886167	5886168	+	0.861111	mod_ratio	36	44	A	AGACC	ok	True
chr1	5886185	5886186	+	0.697674	mod_ratio	43	46	A	AGACC	ok	True
chr1	5886479	5886480	+	0.521739	mod_ratio	46	53	A	AGACG	ok	False
chr1	5886725	5886726	+	0.854167	mod_ratio	48	57	A	AGACC	ok	True
chr1	5886748	5886749	+	0.840909	mod_ratio	44	51	A	GGACC	ok	True
chr1	5886865	5886866	+	0.461538	mod_ratio	52	62	A	GGACA	ok	True
chr1	5889150	5889151	+	0.825	mod_ratio	80	105	A	AGACA	ok	True
chr1	5889374	5889375	+	0.716981	mod_ratio	53	121	A	AAACG	ok	False
chr1	5889800	5889801	+	0.360465	mod_ratio	86	137	A	AAACT	ok	True
chr1	5889832	5889833	+	0.854701	mod_ratio	117	137	A	AAACG	ok	False
chr1	5889846	5889847	+	0.55	mod_ratio	60	139	A	AAACG	ok	False
chr1	5890225	5890226	+	0.251799	mod_ratio	139	152	A	AGACT	ok	True
chr1	5917130	5917131	-	0.619048	mod_ratio	42	50	T	GGTTT	ok	True
chr1	5923751	5923752	+	0.714286	mod_ratio	42	45	A	GGACG	ok	False
chr1	5925813	5925814	+	0.928571	mod_ratio	56	69	A	AGACA	ok	True
chr1	5925880	5925881	+	0.944444	mod_ratio	54	70	A	AGACA	ok	True
chr1	5926076	5926077	+	0.483871	mod_ratio	62	74	A	GGACG	ok	False
chr1	6004170	6004171	+	0.692308	mod_ratio	52	59	A	GGACG	ok	False
chr1	6004365	6004366	+	0.45283	mod_ratio	53	61	A	GAACA	ok	True
chr1	6005586	6005587	+	0.888889	mod_ratio	63	82	A	AGACA	ok	True
chr1	6005610	6005611	+	0.631579	mod_ratio	57	83	A	GGACG	ok	False
chr1	6006102	6006103	+	0.7875	mod_ratio	80	93	A	AAACG	ok	False
chr1	6006123	6006124	+	0.92	mod_ratio	25	93	A	AGACA	ok	True
chr1	6006287	6006288	+	0.610169	mod_ratio	59	91	A	GAACA	ok	True
chr1	6027702	6027703	+	0.766667	mod_ratio	30	32	A	AAACG	ok	False
chr1	6070356	6070357	-	0.679245	mod_ratio	53	56	T	TGTCT	ok	True
chr1	6090926	6090927	-	0.578947	mod_ratio	57	74	T	GGTCC	ok	True
chr1	6091650	6091651	-	0.622222	mod_ratio	45	55	T	TGTTT	ok	True
chr1	6091929	6091930	-	0.795455	mod_ratio	44	56	T	TGTCT	ok	True
chr1	6149520	6149521	+	0.518519	mod_ratio	81	105	A	AAACT	ok	True
chr1	6149534	6149535	+	0.363636	mod_ratio	110	133	A	AAACC	ok	True
chr1	6149559	6149560	+	0.425	mod_ratio	120	136	A	AGACC	ok	True
chr1	6149701	6149702	+	0.412281	mod_ratio	114	141	A	AAACA	ok	True
chr1	6149944	6149945	+	0.157143	mod_ratio	140	173	A	AAACA	ok	True
chr1	6152540	6152541	-	0.366197	mod_ratio	71	154	T	TTTTT	ok	False
chr1	6152542	6152543	-	0.418605	mod_ratio	172	374	T	TTTTT	ok	False
chr1	6152543	6152544	-	0.446429	mod_ratio	56	441	T	TTTTT	ok	False
chr1	6152555	6152556	-	0.399027	mod_ratio	411	479	T	GGTCT	ok	True
chr1	6152615	6152616	-	0.545213	mod_ratio	376	463	T	AGTTT	ok	True
chr1	6152706	6152707	-	0.18267	mod_ratio	427	474	T	TGTTT	ok	True
chr1	6152718	6152719	-	0.202439	mod_ratio	410	466	T	TGTTC	ok	True
chr1	6152740	6152741	-	0.244681	mod_ratio	376	469	T	TGTCC	ok	True
chr1	6152749	6152750	-	0.339853	mod_ratio	409	472	T	TGTCT	ok	True
chr1	6152754	6152755	-	0.600601	mod_ratio	333	459	T	GGTCC	ok	True
chr1	6152979	6152980	-	0.328912	mod_ratio	377	458	T	GGTCT	ok	True
chr1	6153245	6153246	-	0.149254	mod_ratio	402	445	T	GGTCT	ok	True
chr1	6153878	6153879	-	0.215116	mod_ratio	344	389	T	GGTTC	ok	True
chr1	6153888	6153889	-	0.236593	mod_ratio	317	384	T	TGTTC	ok	True
chr1	6154610	6154611	-	0.766667	mod_ratio	30	38	T	CGTCT	ok	False
chr1	6211890	6211891	-	0.980583	mod_ratio	103	124	T	CGTTT	ok	False
chr1	6212167	6212168	-	0.295858	mod_ratio	169	186	T	GGTCT	ok	True
chr1	6212232	6212233	-	0.786207	mod_ratio	145	183	T	GGTCC	ok	True
chr1	6212253	6212254	-	0.648276	mod_ratio	145	173	T	TGTTC	ok	True
chr1	6212538	6212539	-	0.311594	mod_ratio	138	169	T	AGTTT	ok	True
chr1	6212675	6212676	-	0.170213	mod_ratio	141	167	T	TGTTC	ok	True
chr1	6212679	6212680	-	0.442953	mod_ratio	149	169	T	CGTCC	ok	False
chr1	6212705	6212706	-	0.546392	mod_ratio	97	163	T	CGTTT	ok	False
chr1	6212802	6212803	-	0.469388	mod_ratio	49	157	T	GTTTT	ok	False
chr1	6213207	6213208	-	0.35	mod_ratio	100	166	T	GGTTC	ok	True
chr1	6213790	6213791	-	0.655172	mod_ratio	58	76	T	AGTTT	ok	True
chr1	6213909	6213910	-	0.40625	mod_ratio	64	92	T	CGTTC	ok	False
chr1	6213953	6213954	-	0.92	mod_ratio	50	101	T	GGTCT	ok	True
chr1	6214025	6214026	-	0.320988	mod_ratio	81	99	T	GGTTT	ok	True
chr1	6214383	6214384	-	0.363636	mod_ratio	88	98	T	AGTTC	ok	True
chr1	6214652	6214653	-	0.506667	mod_ratio	75	98	T	TGTCT	ok	True
chr1	6215242	6215243	-	0.44	mod_ratio	75	85	T	TGTTC	ok	True
chr1	6215875	6215876	-	0.364865	mod_ratio	74	79	T	TGTTC	ok	True
chr1	6216034	6216035	-	0.901639	mod_ratio	61	70	T	AGTTT	ok	True
chr1	6216102	6216103	-	0.52381	mod_ratio	63	71	T	TGTTT	ok	True
chr1	6216449	6216450	-	0.62	mod_ratio	50	70	T	CGTTT	ok	False
chr1	6216479	6216480	-	0.833333	mod_ratio	42	53	T	TGTTT	ok	True
chr1	6222335	6222336	+	0.163424	mod_ratio	257	299	A	GGACT	ok	True
chr1	6222466	6222467	+	0.337037	mod_ratio	270	318	A	GGACG	ok	False
chr1	6222574	6222575	+	0.436823	mod_ratio	277	329	A	GGACG	ok	False
chr1	6222632	6222633	+	0.723164	mod_ratio	177	250	A	GGACA	ok	True
chr1	6222634	6222635	+	0.808511	mod_ratio	47	309	A	ACACA	ok	False
chr1	6222643	6222644	+	0.732342	mod_ratio	269	331	A	GGACG	ok	False
chr1	6222721	6222722	+	0.365854	mod_ratio	287	332	A	GAACA	ok	True
chr1	6222767	6222768	+	0.132	mod_ratio	250	332	A	GGACA	ok	True
chr1	6222841	6222842	+	0.563265	mod_ratio	245	353	A	GGACA	ok	True
chr1	6222846	6222847	+	0.205387	mod_ratio	297	350	A	AGACC	ok	True
chr1	6222862	6222863	+	0.134228	mod_ratio	298	354	A	GAACC	ok	True
chr1	6222871	6222872	+	0.53125	mod_ratio	320	354	A	GAACT	ok	True
chr1	6223088	6223089	+	0.293919	mod_ratio	296	385	A	GAACA	ok	True
chr1	6223108	6223109	+	0.670695	mod_ratio	331	386	A	GGACC	ok	True
chr1	6224010	6224011	+	0.652174	mod_ratio	46	381	A	GGATG	ok	False
chr1	6254350	6254351	+	0.666667	mod_ratio	36	40	A	AAACG	ok	False
chr1	6254479	6254480	+	0.727273	mod_ratio	33	43	A	AGACG	ok	False
chr1	6268472	6268473	-	1	mod_ratio	25	49	T	GTTTT	ok	False
chr1	6351801	6351802	+	0.69697	mod_ratio	33	35	A	AGACG	ok	False
chr1	6355589	6355590	+	0.604651	mod_ratio	43	48	A	AAACA	ok	True
chr1	6355742	6355743	+	0.765957	mod_ratio	47	51	A	AGACC	ok	True
chr1	6355908	6355909	+	0.897959	mod_ratio	49	54	A	AGACG	ok	False
chr1	6377367	6377368	-	0.255102	mod_ratio	392	456	T	AGTCT	ok	True
chr1	6377468	6377469	-	0.769063	mod_ratio	459	512	T	GGTTT	ok	True
chr1	6377561	6377562	-	0.209677	mod_ratio	124	540	T	GTTTT	ok	False
chr1	6377827	6377828	-	0.277778	mod_ratio	468	511	T	GGTTC	ok	True
chr1	6377855	6377856	-	0.647465	mod_ratio	434	498	T	CGTCT	ok	False
chr1	6377885	6377886	-	0.150776	mod_ratio	451	501	T	GGTCC	ok	True
chr1	6378317	6378318	-	0.134078	mod_ratio	358	478	T	CGTCT	ok	False
chr1	6398983	6398984	+	0.962963	mod_ratio	27	36	A	AAACG	ok	False
chr1	6399866	6399867	+	0.884615	mod_ratio	26	32	A	AAACT	ok	True
chr1	6419253	6419254	-	0.92	mod_ratio	25	36	T	TGTCC	ok	True
chr1	6424863	6424864	+	0.833333	mod_ratio	30	39	A	AGACA	ok	True
chr1	6425599	6425600	+	0.818182	mod_ratio	33	47	A	AAACT	ok	True
chr1	6425619	6425620	+	0.744186	mod_ratio	43	50	A	GGACC	ok	True
chr1	6457950	6457951	-	0.568627	mod_ratio	51	73	T	GGTCT	ok	True
chr1	6458320	6458321	-	0.661972	mod_ratio	71	82	T	TGTCT	ok	True
chr1	6458340	6458341	-	0.485294	mod_ratio	68	79	T	CGTTT	ok	False
chr1	6460783	6460784	+	0.393333	mod_ratio	150	176	A	GGACC	ok	True
chr1	6461032	6461033	+	0.484663	mod_ratio	163	192	A	AAACA	ok	True
chr1	6461365	6461366	+	0.123596	mod_ratio	178	202	A	GAACT	ok	True
chr1	6461386	6461387	+	0.606936	mod_ratio	173	203	A	AAACT	ok	True
chr1	6462058	6462059	+	0.544872	mod_ratio	156	199	A	GAACA	ok	True
chr1	6462110	6462111	+	0.657143	mod_ratio	70	203	A	AAACT	ok	True
chr1	6462129	6462130	+	0.584416	mod_ratio	77	164	A	AAACC	ok	True
chr1	6481346	6481347	-	0.885714	mod_ratio	35	46	T	TGTCT	ok	True
chr1	6560867	6560868	-	0.329114	mod_ratio	158	185	T	AGTTT	ok	True
chr1	6560868	6560869	-	0.767442	mod_ratio	43	230	T	GTTTT	ok	False
chr1	6561046	6561047	-	0.447368	mod_ratio	76	160	T	AGTTT	ok	True
chr1	6561087	6561088	-	0.315	mod_ratio	200	265	T	AGTTT	ok	True
chr1	6561118	6561119	-	0.252525	mod_ratio	99	123	T	TGTTT	ok	True
chr1	6561119	6561120	-	0.785047	mod_ratio	107	251	T	GTTTT	ok	False
chr1	6561124	6561125	-	0.159836	mod_ratio	244	279	T	TGTTC	ok	True
chr1	6561129	6561130	-	0.14557	mod_ratio	158	203	T	TGTTT	ok	True
chr1	6561174	6561175	-	0.281437	mod_ratio	167	202	T	AGTTT	ok	True
chr1	6561229	6561230	-	0.24878	mod_ratio	205	244	T	GGTTC	ok	True
chr1	6561246	6561247	-	0.497006	mod_ratio	167	230	T	TGTTT	ok	True
chr1	6561326	6561327	-	0.337079	mod_ratio	267	290	T	GGTTT	ok	True
chr1	6561406	6561407	-	0.125926	mod_ratio	270	292	T	TGTCT	ok	True
chr1	6561482	6561483	-	0.213974	mod_ratio	229	270	T	TGTTT	ok	True
chr1	6561567	6561568	-	0.479592	mod_ratio	98	123	T	AGTTT	ok	True
chr1	6561568	6561569	-	0.58209	mod_ratio	67	200	T	GTTTT	ok	False
chr1	6561569	6561570	-	0.433333	mod_ratio	60	269	T	TTTTT	ok	False
chr1	6561607	6561608	-	0.885167	mod_ratio	209	266	T	TGTCC	ok	True
chr1	6561624	6561625	-	0.716216	mod_ratio	222	263	T	GGTTT	ok	True
chr1	6561984	6561985	-	0.79703	mod_ratio	202	245	T	CGTCT	ok	False
chr1	6562038	6562039	-	0.358852	mod_ratio	209	235	T	GGTTC	ok	True
chr1	6562086	6562087	-	0.464646	mod_ratio	198	251	T	AGTCC	ok	True
chr1	6562103	6562104	-	0.293194	mod_ratio	191	221	T	AGTTT	ok	True
chr1	6562179	6562180	-	0.209091	mod_ratio	220	240	T	TGTCC	ok	True
chr1	6562470	6562471	-	0.897727	mod_ratio	176	216	T	CGTTT	ok	False
chr1	6562475	6562476	-	0.119403	mod_ratio	201	227	T	CGTTC	ok	False
chr1	6562562	6562563	-	0.267016	mod_ratio	191	208	T	TGTTC	ok	True
chr1	6562729	6562730	-	0.594595	mod_ratio	74	181	T	GTTTT	ok	False
chr1	6609234	6609235	+	0.833333	mod_ratio	36	42	A	AAACG	ok	False
chr1	6609767	6609768	-	0.733333	mod_ratio	30	37	T	CGTTT	ok	False
chr1	6612011	6612012	-	0.617021	mod_ratio	47	52	T	CGTCC	ok	False
chr1	6612995	6612996	+	0.194286	mod_ratio	175	204	A	GGACC	ok	True
chr1	6613409	6613410	+	0.505051	mod_ratio	198	230	A	AAACC	ok	True
chr1	6613430	6613431	+	0.252577	mod_ratio	194	230	A	GAACC	ok	True
chr1	6613460	6613461	+	0.522613	mod_ratio	199	235	A	AAACC	ok	True
chr1	6613526	6613527	+	0.193548	mod_ratio	217	242	A	GAACC	ok	True
chr1	6613561	6613562	+	0.190045	mod_ratio	221	242	A	GAACG	ok	False
chr1	6613565	6613566	+	0.544186	mod_ratio	215	242	A	GGACG	ok	False
chr1	6613852	6613853	+	0.268293	mod_ratio	205	238	A	GAACT	ok	True
chr1	6613942	6613943	+	0.273333	mod_ratio	150	179	A	AAACA	ok	True
chr1	6689665	6689666	+	0.871795	mod_ratio	78	99	A	AAACA	ok	True
chr1	6689710	6689711	+	0.535714	mod_ratio	84	100	A	AAACC	ok	True
chr1	6689747	6689748	+	0.434783	mod_ratio	92	100	A	AAACA	ok	True
chr1	6689771	6689772	+	0.982143	mod_ratio	56	102	A	AAACA	ok	True
chr1	6689993	6689994	+	0.725275	mod_ratio	91	104	A	AAACC	ok	True
chr1	6731845	6731846	-	0.563636	mod_ratio	55	65	T	AGTTT	ok	True
chr1	6732007	6732008	-	0.709091	mod_ratio	55	69	T	GGTCC	ok	True
chr1	6734058	6734059	-	0.725	mod_ratio	40	49	T	CGTCC	ok	False
chr1	6734502	6734503	-	0.868421	mod_ratio	38	44	T	TGTCT	ok	True
chr1	6734540	6734541	-	0.916667	mod_ratio	36	43	T	TGTCT	ok	True
chr1	6773379	6773380	-	0.613043	mod_ratio	230	337	T	GGTCC	ok	True
chr1	6773459	6773460	-	0.746914	mod_ratio	324	373	T	AGTTT	ok	True
chr1	6773511	6773512	-	0.240876	mod_ratio	274	379	T	GGTCT	ok	True
chr1	6773518	6773519	-	0.147541	mod_ratio	183	380	T	GTTTT	ok	False
chr1	6773743	6773744	-	0.191358	mod_ratio	324	355	T	TGTTC	ok	True
chr1	6773762	6773763	-	0.221865	mod_ratio	311	352	T	AGTCT	ok	True
chr1	6773781	6773782	-	0.282132	mod_ratio	319	350	T	TGTCC	ok	True
chr1	6773945	6773946	-	0.330935	mod_ratio	278	330	T	TGTCC	ok	True
chr1	6774148	6774149	-	0.516729	mod_ratio	269	321	T	GGTTT	ok	True
chr1	6776889	6776890	+	0.594595	mod_ratio	37	44	A	AAACC	ok	True
chr1	6777275	6777276	+	0.65	mod_ratio	40	47	A	AAACT	ok	True
chr1	6777305	6777306	+	0.621622	mod_ratio	37	46	A	GAACG	ok	False
chr1	6779134	6779135	+	0.547619	mod_ratio	42	47	A	GGACT	ok	True
chr1	6800108	6800109	-	0.414634	mod_ratio	82	127	T	TGTCC	ok	True
chr1	6800112	6800113	-	0.37931	mod_ratio	87	131	T	CGTTC	ok	False
chr1	6800384	6800385	-	0.72449	mod_ratio	98	122	T	CGTTT	ok	False
chr1	6801698	6801699	-	0.268041	mod_ratio	97	106	T	AGTTC	ok	True
chr1	6802192	6802193	-	0.947368	mod_ratio	76	90	T	TGTCT	ok	True
chr1	6803678	6803679	-	0.634615	mod_ratio	52	59	T	AGTTT	ok	True
chr1	6804108	6804109	-	0.709091	mod_ratio	55	63	T	GGTTT	ok	True
chr1	6804303	6804304	-	0.68	mod_ratio	50	61	T	GGTCT	ok	True
chr1	6810758	6810759	-	0.966667	mod_ratio	30	34	T	TGTCT	ok	True
chr1	6816836	6816837	-	0.92	mod_ratio	25	32	T	CGTTT	ok	False
chr1	6823107	6823108	-	0.694444	mod_ratio	36	44	T	TGTCT	ok	True
chr1	6824562	6824563	+	0.75	mod_ratio	44	55	A	AAACA	ok	True
chr1	6824939	6824940	+	0.431034	mod_ratio	58	68	A	GGACG	ok	False
chr1	6847397	6847398	+	0.888889	mod_ratio	27	31	A	AAACA	ok	True
chr1	6913343	6913344	+	0.273469	mod_ratio	245	285	A	AAACT	ok	True
chr1	6913520	6913521	+	0.174468	mod_ratio	235	302	A	GGACA	ok	True
chr1	6913564	6913565	+	0.480874	mod_ratio	183	306	A	AGACC	ok	True
chr1	6914424	6914425	+	0.417989	mod_ratio	189	342	A	AAACA	ok	True
chr1	6914465	6914466	+	0.232044	mod_ratio	181	311	A	AAACC	ok	True
chr1	6914684	6914685	-	0.73913	mod_ratio	92	110	T	GGTTT	ok	True
chr1	6914692	6914693	-	0.380952	mod_ratio	105	114	T	AGTTT	ok	True
chr1	6914802	6914803	-	0.360825	mod_ratio	97	110	T	AGTTT	ok	True
chr1	6915087	6915088	-	0.428571	mod_ratio	91	110	T	TGTTC	ok	True
chr1	6915636	6915637	-	0.453488	mod_ratio	86	92	T	TGTTC	ok	True
chr1	6915843	6915844	-	0.8	mod_ratio	60	86	T	TGTTT	ok	True
chr1	6916183	6916184	-	0.323529	mod_ratio	68	80	T	TGTTC	ok	True
chr1	6938018	6938019	-	0.676471	mod_ratio	34	40	T	TGTTT	ok	True
chr1	6942893	6942894	+	0.226027	mod_ratio	292	309	A	AAACT	ok	True
chr1	6943305	6943306	+	0.160305	mod_ratio	262	335	A	AAACA	ok	True
chr1	6943712	6943713	+	0.684543	mod_ratio	317	357	A	AAACC	ok	True
chr1	6944029	6944030	+	0.608696	mod_ratio	345	382	A	AAACG	ok	False
chr1	6944175	6944176	+	0.158683	mod_ratio	334	382	A	GGACA	ok	True
chr1	6944851	6944852	+	0.514925	mod_ratio	402	432	A	GAACG	ok	False
chr1	6944908	6944909	+	0.136729	mod_ratio	373	431	A	GAACA	ok	True
chr1	6944913	6944914	+	0.373711	mod_ratio	388	434	A	AAACT	ok	True
chr1	6949199	6949200	+	0.442857	mod_ratio	70	83	A	GAACC	ok	True
chr1	6949455	6949456	+	0.434211	mod_ratio	76	87	A	AAACT	ok	True
chr1	6949980	6949981	+	0.305882	mod_ratio	85	93	A	AAACT	ok	True
chr1	6950108	6950109	+	0.76	mod_ratio	75	97	A	AGACA	ok	True
chr1	6950149	6950150	+	0.556818	mod_ratio	88	97	A	AGACT	ok	True
chr1	6950267	6950268	+	0.5	mod_ratio	78	92	A	AAACT	ok	True
chr1	6968252	6968253	+	0.555556	mod_ratio	63	72	A	AAACC	ok	True
chr1	6968611	6968612	+	0.490196	mod_ratio	51	77	A	AAACC	ok	True
chr1	6968630	6968631	+	0.402778	mod_ratio	72	82	A	AAACC	ok	True
chr1	6968746	6968747	+	0.833333	mod_ratio	78	81	A	AAACG	ok	False
chr1	6970058	6970059	-	0.939394	mod_ratio	33	36	T	TGTCT	ok	True
chr1	6970080	6970081	-	0.705882	mod_ratio	34	38	T	TGTTC	ok	True
chr1	6970795	6970796	-	0.647059	mod_ratio	34	38	T	GGTTT	ok	True
chr1	7001407	7001408	-	0.816327	mod_ratio	49	51	T	TGTCT	ok	True
chr1	7001850	7001851	-	0.842105	mod_ratio	38	45	T	TGTCT	ok	True
chr1	7001865	7001866	-	0.625	mod_ratio	40	45	T	TGTCC	ok	True
chr1	7002885	7002886	-	0.685714	mod_ratio	35	40	T	GGTTT	ok	True
chr1	7008025	7008026	-	0.470588	mod_ratio	51	59	T	GGTTT	ok	True
chr1	7008501	7008502	-	0.825	mod_ratio	40	56	T	TGTTC	ok	True
chr1	7008573	7008574	-	0.5	mod_ratio	48	57	T	TGTCT	ok	True
chr1	7008767	7008768	-	0.76087	mod_ratio	46	56	T	CGTTT	ok	False
chr1	7017648	7017649	+	0.5	mod_ratio	60	68	A	AGACG	ok	False
chr1	7018056	7018057	+	0.844444	mod_ratio	45	67	A	GGACA	ok	True
chr1	7018255	7018256	+	0.4375	mod_ratio	64	71	A	GAACC	ok	True
chr1	7019276	7019277	+	0.376812	mod_ratio	69	90	A	GGACG	ok	False
chr1	7020300	7020301	+	0.387755	mod_ratio	98	110	A	AAACA	ok	True
chr1	7020337	7020338	+	0.272727	mod_ratio	88	111	A	GAACT	ok	True
chr1	7020363	7020364	+	0.277108	mod_ratio	83	112	A	AAACA	ok	True
chr1	7020459	7020460	+	0.354839	mod_ratio	93	109	A	AAACT	ok	True
chr1	7020507	7020508	+	0.784314	mod_ratio	51	81	A	AAACT	ok	True
chr1	7039035	7039036	-	0.628866	mod_ratio	97	116	T	GGTTT	ok	True
chr1	7039254	7039255	-	0.905263	mod_ratio	95	107	T	CGTCT	ok	False
chr1	7039396	7039397	-	0.461538	mod_ratio	91	104	T	GGTTT	ok	True
chr1	7039667	7039668	-	0.373333	mod_ratio	75	92	T	CGTCT	ok	False
chr1	7039687	7039688	-	0.547945	mod_ratio	73	92	T	GGTTT	ok	True
chr1	7039897	7039898	-	0.5	mod_ratio	62	72	T	TGTTT	ok	True
chr1	7039907	7039908	-	0.44	mod_ratio	75	84	T	TGTCT	ok	True
chr1	7042654	7042655	-	0.188084	mod_ratio	6747	8957	T	GGTCC	ok	True
chr1	7042658	7042659	-	0.661538	mod_ratio	65	8994	T	CATTC	ok	False
chr1	7042663	7042664	-	0.410714	mod_ratio	56	9184	T	GATTC	ok	False
chr1	7042736	7042737	-	0.105249	mod_ratio	7601	9279	T	AGTCC	ok	True
chr1	7042846	7042847	-	0.646067	mod_ratio	178	9218	T	GGTCA	ok	True
chr1	7042896	7042897	-	0.504077	mod_ratio	7481	9150	T	CGTCC	ok	False
chr1	7042938	7042939	-	0.275	mod_ratio	160	9029	T	CGTCT	ok	False
chr1	7042978	7042979	-	0.232704	mod_ratio	159	8900	T	GTTCT	ok	False
chr1	7043079	7043080	-	0.72524	mod_ratio	313	8443	T	CGTTT	ok	False
chr1	7043080	7043081	-	0.220472	mod_ratio	127	8595	T	GTTTC	ok	False
chr1	7043179	7043180	-	0.468594	mod_ratio	7021	8199	T	AGTTT	ok	True
chr1	7043260	7043261	-	0.408163	mod_ratio	98	8001	T	GGTTA	ok	True
chr1	7043309	7043310	-	0.489063	mod_ratio	640	6338	T	GGTTT	ok	True
chr1	7043310	7043311	-	0.505376	mod_ratio	93	6175	T	GTTTT	ok	False
chr1	7043316	7043317	-	0.3125	mod_ratio	208	936	T	AGTTT	ok	True
chr1	7043323	7043324	-	0.981172	mod_ratio	478	683	T	CGTTT	ok	False
chr1	7043334	7043335	-	0.216129	mod_ratio	310	624	T	GGTTC	ok	True
chr1	7043344	7043345	-	0.537975	mod_ratio	158	473	T	AGTTT	ok	True
chr1	7083320	7083321	-	0.695652	mod_ratio	46	57	T	TGTCT	ok	True
chr1	7084681	7084682	-	0.670659	mod_ratio	167	213	T	TGTCC	ok	True
chr1	7084765	7084766	-	0.169399	mod_ratio	183	211	T	GGTCT	ok	True
chr1	7084832	7084833	-	0.297872	mod_ratio	188	203	T	TGTTC	ok	True
chr1	7085059	7085060	-	0.891566	mod_ratio	166	188	T	TGTCT	ok	True
chr1	7085469	7085470	-	0.190476	mod_ratio	126	159	T	GGTTC	ok	True
chr1	7085526	7085527	-	0.356061	mod_ratio	132	148	T	GGTTT	ok	True
chr1	7085688	7085689	-	0.361345	mod_ratio	119	132	T	AGTTT	ok	True
chr1	7088362	7088363	-	0.873684	mod_ratio	95	109	T	TGTTT	ok	True
chr1	7088474	7088475	-	0.381579	mod_ratio	76	107	T	GGTTT	ok	True
chr1	7088540	7088541	-	0.837838	mod_ratio	37	74	T	GGTTT	ok	True
chr1	7088807	7088808	-	0.4	mod_ratio	75	95	T	AGTTT	ok	True
chr1	7088978	7088979	-	0.380282	mod_ratio	71	84	T	GGTTT	ok	True
chr1	7129102	7129103	+	0.402439	mod_ratio	82	91	A	GAACT	ok	True
chr1	7129941	7129942	+	0.348837	mod_ratio	86	93	A	AGACA	ok	True
chr1	7129951	7129952	+	0.373333	mod_ratio	75	90	A	AAACA	ok	True
chr1	7130483	7130484	+	0.438356	mod_ratio	73	99	A	AAACC	ok	True
chr1	7130488	7130489	+	0.639344	mod_ratio	61	100	A	AAACA	ok	True
chr1	7144593	7144594	+	0.364286	mod_ratio	140	160	A	AAACC	ok	True
chr1	7144634	7144635	+	0.191489	mod_ratio	141	161	A	AAACT	ok	True
chr1	7144672	7144673	+	0.513889	mod_ratio	144	163	A	GAACG	ok	False
chr1	7144688	7144689	+	0.594771	mod_ratio	153	164	A	AAACC	ok	True
chr1	7144914	7144915	+	0.77027	mod_ratio	148	170	A	AAACC	ok	True
chr1	7144958	7144959	+	0.155405	mod_ratio	148	168	A	GGACT	ok	True
chr1	7145363	7145364	+	0.22093	mod_ratio	172	206	A	GAACA	ok	True
chr1	7145392	7145393	+	0.467836	mod_ratio	171	212	A	AAACT	ok	True
chr1	7145447	7145448	+	0.585799	mod_ratio	169	216	A	AGACG	ok	False
chr1	7145508	7145509	+	0.55414	mod_ratio	157	214	A	GGACC	ok	True
chr1	7145754	7145755	+	0.484848	mod_ratio	198	240	A	AAACT	ok	True
chr1	7145774	7145775	+	0.232227	mod_ratio	211	241	A	GAACA	ok	True
chr1	7145908	7145909	+	0.611111	mod_ratio	216	250	A	AAACA	ok	True
chr1	7145919	7145920	+	0.557377	mod_ratio	61	251	A	AGACA	ok	True
chr1	7145943	7145944	+	0.781818	mod_ratio	220	254	A	AGACA	ok	True
chr1	7145952	7145953	+	0.434579	mod_ratio	214	256	A	AGACA	ok	True
chr1	7146150	7146151	+	0.685714	mod_ratio	210	269	A	GGACA	ok	True
chr1	7146156	7146157	+	0.122172	mod_ratio	221	262	A	AAACT	ok	True
chr1	7146173	7146174	+	0.423256	mod_ratio	215	266	A	GAACG	ok	False
chr1	7146339	7146340	+	0.208791	mod_ratio	182	232	A	AAACT	ok	True
chr1	7158596	7158597	-	0.694444	mod_ratio	36	39	T	AGTTT	ok	True
chr1	7177308	7177309	+	0.563218	mod_ratio	87	100	A	AAACC	ok	True
chr1	7177476	7177477	+	0.577778	mod_ratio	90	103	A	GGACC	ok	True
chr1	7178151	7178152	+	0.847826	mod_ratio	92	111	A	AAACG	ok	False
chr1	7178196	7178197	+	0.265306	mod_ratio	98	112	A	AAACT	ok	True
chr1	7178707	7178708	+	0.319149	mod_ratio	94	109	A	AAACG	ok	False
chr1	7179851	7179852	+	0.5	mod_ratio	52	63	A	AAACC	ok	True
chr1	7180054	7180055	+	0.578947	mod_ratio	57	67	A	AAACA	ok	True
chr1	7233530	7233531	+	0.846154	mod_ratio	26	61	A	GGACT	ok	True
chr1	7252566	7252567	+	0.657895	mod_ratio	38	46	A	AGACG	ok	False
chr1	7252607	7252608	+	0.594595	mod_ratio	37	48	A	GGACG	ok	False
chr1	7253101	7253102	+	0.803922	mod_ratio	51	57	A	AAACA	ok	True
chr1	7253126	7253127	+	0.520833	mod_ratio	48	57	A	AGACG	ok	False
chr1	7253528	7253529	+	0.458333	mod_ratio	48	59	A	AAACT	ok	True
chr1	7297545	7297546	-	0.62069	mod_ratio	58	69	T	CGTCT	ok	False
chr1	7297562	7297563	-	0.586207	mod_ratio	58	65	T	GGTTT	ok	True
chr1	7297717	7297718	-	0.766667	mod_ratio	60	67	T	CGTCC	ok	False
chr1	7297799	7297800	-	0.407407	mod_ratio	54	65	T	GGTTT	ok	True
chr1	7297840	7297841	-	0.877193	mod_ratio	57	64	T	TGTCT	ok	True
chr1	7298251	7298252	-	0.564103	mod_ratio	39	57	T	TGTCC	ok	True
chr1	7298624	7298625	-	0.895833	mod_ratio	48	53	T	TGTCT	ok	True
chr1	7299262	7299263	-	0.885714	mod_ratio	35	44	T	TGTTT	ok	True
chr1	7338008	7338009	+	0.815789	mod_ratio	38	43	A	GGACC	ok	True
chr1	7338372	7338373	+	0.615385	mod_ratio	39	49	A	AGACA	ok	True
chr1	7338890	7338891	+	0.45098	mod_ratio	51	64	A	AGACC	ok	True
chr1	7374452	7374453	+	0.54902	mod_ratio	51	202	A	AAACC	ok	True
chr1	7374861	7374862	+	0.2	mod_ratio	190	214	A	AGACT	ok	True
chr1	7374871	7374872	+	0.248677	mod_ratio	189	216	A	GAACA	ok	True
chr1	7375734	7375735	+	0.71223	mod_ratio	139	184	A	AAACC	ok	True
chr1	7379410	7379411	-	0.965517	mod_ratio	29	34	T	CGTTT	ok	False
chr1	7390502	7390503	-	1	mod_ratio	24	29	T	ACTTT	ok	False
chr1	7399557	7399558	-	0.972222	mod_ratio	36	40	T	ACTTT	ok	False
chr1	7399811	7399812	-	0.609756	mod_ratio	41	44	T	GGTCT	ok	True
chr1	7419863	7419864	-	0.755556	mod_ratio	45	67	T	GGTTT	ok	True
chr1	7419871	7419872	-	0.823529	mod_ratio	34	57	T	TGTTT	ok	True
chr1	7453412	7453413	-	0.495935	mod_ratio	123	163	T	AGTTT	ok	True
chr1	7453527	7453528	-	0.412281	mod_ratio	114	156	T	GGTTT	ok	True
chr1	7453532	7453533	-	0.571429	mod_ratio	126	158	T	CGTCT	ok	False
chr1	7453878	7453879	-	0.276596	mod_ratio	94	111	T	TGTTT	ok	True
chr1	7453962	7453963	-	0.37037	mod_ratio	81	96	T	TGTTT	ok	True
chr1	7477106	7477107	-	0.829787	mod_ratio	47	61	T	AGTTT	ok	True
chr1	7477368	7477369	-	0.535714	mod_ratio	56	66	T	TGTCT	ok	True
chr1	7493538	7493539	+	0.814815	mod_ratio	27	27	A	AGACA	ok	True
chr1	7495894	7495895	+	0.575	mod_ratio	40	42	A	AAACC	ok	True
chr1	7499387	7499388	+	0.714286	mod_ratio	49	58	A	AGACA	ok	True
chr1	7499476	7499477	+	0.48	mod_ratio	50	58	A	AAACC	ok	True
chr1	7502346	7502347	-	0.588235	mod_ratio	68	83	T	CGTTT	ok	False
chr1	7502811	7502812	-	0.578947	mod_ratio	76	81	T	CGTCT	ok	False
chr1	7502851	7502852	-	0.45	mod_ratio	60	78	T	AGTCC	ok	True
chr1	7512712	7512713	-	0.966667	mod_ratio	30	31	T	TGTTT	ok	True
chr1	7530026	7530027	-	0.212366	mod_ratio	372	442	T	GGTTT	ok	True
chr1	7530070	7530071	-	0.232258	mod_ratio	310	359	T	GGTTT	ok	True
chr1	7530106	7530107	-	0.359477	mod_ratio	306	427	T	AGTTT	ok	True
chr1	7530220	7530221	-	0.339233	mod_ratio	339	459	T	CGTCT	ok	False
chr1	7530260	7530261	-	0.250639	mod_ratio	391	456	T	CGTTC	ok	False
chr1	7530300	7530301	-	0.225146	mod_ratio	342	445	T	TGTCC	ok	True
chr1	7571492	7571493	-	0.958333	mod_ratio	48	53	T	CGTTT	ok	False
chr1	7626379	7626380	+	0.537313	mod_ratio	67	72	A	AAACC	ok	True
chr1	7626876	7626877	+	0.474359	mod_ratio	78	88	A	AAACT	ok	True
chr1	7627152	7627153	+	0.2875	mod_ratio	80	90	A	GGACT	ok	True
chr1	7627457	7627458	+	0.574713	mod_ratio	87	96	A	GAACT	ok	True
chr1	7627858	7627859	+	0.876404	mod_ratio	89	98	A	AGACA	ok	True
chr1	7646867	7646868	+	0.806452	mod_ratio	31	36	A	AAACT	ok	True
chr1	7647194	7647195	+	0.771429	mod_ratio	35	38	A	AAACA	ok	True
chr1	7648009	7648010	+	0.609756	mod_ratio	41	43	A	AAACT	ok	True
chr1	7651697	7651698	-	0.465517	mod_ratio	58	95	T	TGTTT	ok	True
chr1	7651796	7651797	-	0.794872	mod_ratio	39	134	T	GTTTT	ok	False
chr1	7651922	7651923	-	0.449438	mod_ratio	89	113	T	CGTTT	ok	False
chr1	7652036	7652037	-	0.252174	mod_ratio	115	130	T	TGTTC	ok	True
chr1	7652048	7652049	-	0.327586	mod_ratio	116	130	T	TGTTC	ok	True
chr1	7652205	7652206	-	0.431373	mod_ratio	102	125	T	CGTTC	ok	False
chr1	7652222	7652223	-	0.227723	mod_ratio	101	121	T	GGTTT	ok	True
chr1	7691280	7691281	-	0.545455	mod_ratio	44	52	T	TGTTT	ok	True
chr1	7691415	7691416	-	0.744186	mod_ratio	43	50	T	AGTTT	ok	True
chr1	7705164	7705165	-	0.97561	mod_ratio	41	47	T	TGTCT	ok	True
chr1	7705450	7705451	-	0.8	mod_ratio	30	34	T	TGTTT	ok	True
chr1	7713488	7713489	+	0.488889	mod_ratio	45	51	A	AAACA	ok	True
chr1	7714114	7714115	+	0.871795	mod_ratio	39	55	A	AAACG	ok	False
chr1	7714357	7714358	+	0.783784	mod_ratio	37	53	A	AAACT	ok	True
chr1	7815555	7815556	-	0.849057	mod_ratio	53	61	T	CGTTT	ok	False
chr1	7836277	7836278	+	0.428571	mod_ratio	56	65	A	AAACG	ok	False
chr1	7836477	7836478	+	0.527273	mod_ratio	55	73	A	AAACC	ok	True
chr1	7836504	7836505	+	0.894737	mod_ratio	57	70	A	AGACA	ok	True
chr1	7836574	7836575	+	0.352113	mod_ratio	71	77	A	GAACA	ok	True
chr1	7836745	7836746	+	0.758065	mod_ratio	62	79	A	AGACG	ok	False
chr1	7836816	7836817	+	0.836066	mod_ratio	61	80	A	AAACT	ok	True
chr1	7837055	7837056	+	0.516667	mod_ratio	60	84	A	GGACT	ok	True
chr1	7865798	7865799	+	0.42029	mod_ratio	69	79	A	AAACT	ok	True
chr1	7865861	7865862	+	0.414286	mod_ratio	70	81	A	GGACG	ok	False
chr1	7879010	7879011	-	0.251046	mod_ratio	239	273	T	AGTTC	ok	True
chr1	7879125	7879126	-	0.309804	mod_ratio	255	281	T	CGTTT	ok	False
chr1	7879652	7879653	-	0.312	mod_ratio	250	281	T	GGTCT	ok	True
chr1	7879706	7879707	-	0.141667	mod_ratio	240	278	T	TGTCT	ok	True
chr1	7879877	7879878	-	0.128571	mod_ratio	210	247	T	AGTTC	ok	True
chr1	7880121	7880122	-	0.357843	mod_ratio	204	256	T	CGTTC	ok	False
chr1	7881106	7881107	-	0.386139	mod_ratio	101	204	T	GTTTT	ok	False
chr1	7912189	7912190	+	0.430769	mod_ratio	65	76	A	AAACT	ok	True
chr1	7912490	7912491	+	0.371795	mod_ratio	78	94	A	GGACA	ok	True
chr1	7912979	7912980	+	0.459184	mod_ratio	98	115	A	GAACG	ok	False
chr1	7913695	7913696	+	0.95098	mod_ratio	102	126	A	AGACA	ok	True
chr1	7913992	7913993	+	0.528926	mod_ratio	121	149	A	GGACA	ok	True
chr1	7914693	7914694	+	0.339286	mod_ratio	112	175	A	GAACG	ok	False
chr1	7914750	7914751	+	0.633663	mod_ratio	101	169	A	AAACA	ok	True
chr1	7919861	7919862	+	0.727273	mod_ratio	33	39	A	AGACG	ok	False
chr1	7925470	7925471	+	0.418919	mod_ratio	74	105	A	AAACT	ok	True
chr1	7926052	7926053	+	0.59633	mod_ratio	109	117	A	AGACG	ok	False
chr1	7926184	7926185	+	0.504854	mod_ratio	103	119	A	AGACT	ok	True
chr1	7926244	7926245	+	0.365591	mod_ratio	93	120	A	AAACC	ok	True
chr1	7926410	7926411	+	0.91	mod_ratio	100	120	A	AGACA	ok	True
chr1	7926444	7926445	+	0.254545	mod_ratio	110	122	A	AAACC	ok	True
chr1	7926449	7926450	+	0.442308	mod_ratio	104	122	A	AAACA	ok	True
chr1	7926874	7926875	+	0.522124	mod_ratio	113	129	A	GAACG	ok	False
chr1	7926894	7926895	+	0.474576	mod_ratio	118	129	A	GAACA	ok	True
chr1	7926999	7927000	+	0.38835	mod_ratio	103	129	A	AAACC	ok	True
chr1	7953220	7953221	-	0.638298	mod_ratio	47	64	T	TGTCC	ok	True
chr1	7953264	7953265	-	0.561404	mod_ratio	57	62	T	TGTTT	ok	True
chr1	7981865	7981866	+	0.918919	mod_ratio	37	43	A	AAACG	ok	False
chr1	7982110	7982111	+	0.682927	mod_ratio	41	55	A	AGACG	ok	False
chr1	7983796	7983797	+	0.489796	mod_ratio	49	57	A	AGACG	ok	False
chr1	8003527	8003528	+	0.23622	mod_ratio	127	182	A	GAACC	ok	True
chr1	8004148	8004149	+	0.536585	mod_ratio	164	208	A	GAACA	ok	True
chr1	8004213	8004214	+	0.367742	mod_ratio	155	204	A	AAACA	ok	True
chr1	8006912	8006913	+	0.805556	mod_ratio	36	41	A	AAACC	ok	True
chr1	8027517	8027518	+	0.590164	mod_ratio	183	280	A	AAACT	ok	True
chr1	8027623	8027624	+	0.364341	mod_ratio	258	303	A	AGACG	ok	False
chr1	8027641	8027642	+	0.526316	mod_ratio	266	301	A	AAACT	ok	True
chr1	8027814	8027815	+	0.408088	mod_ratio	272	307	A	AGACA	ok	True
chr1	8027945	8027946	+	0.316602	mod_ratio	259	307	A	AAACT	ok	True
chr1	8027964	8027965	+	0.272727	mod_ratio	286	320	A	AGACT	ok	True
chr1	8028209	8028210	-	0.456311	mod_ratio	103	114	T	AGTTT	ok	True
chr1	8028295	8028296	-	0.242105	mod_ratio	95	124	T	GGTTC	ok	True
chr1	8028413	8028414	-	0.71	mod_ratio	100	118	T	TGTTT	ok	True
chr1	8028497	8028498	-	0.444444	mod_ratio	108	122	T	TGTTC	ok	True
chr1	8028711	8028712	-	0.373737	mod_ratio	99	117	T	CGTCC	ok	False
chr1	8029107	8029108	-	0.3125	mod_ratio	96	110	T	GGTCT	ok	True
chr1	8029205	8029206	-	0.25	mod_ratio	96	108	T	AGTTC	ok	True
chr1	8029235	8029236	-	0.323944	mod_ratio	71	106	T	GGTTC	ok	True
chr1	8029353	8029354	-	0.341176	mod_ratio	85	104	T	TGTTC	ok	True
chr1	8029850	8029851	-	0.369048	mod_ratio	84	94	T	TGTTT	ok	True
chr1	8030820	8030821	-	0.636364	mod_ratio	44	66	T	AGTTT	ok	True
chr1	8030870	8030871	-	0.833333	mod_ratio	48	55	T	TGTTT	ok	True
chr1	8031781	8031782	-	0.609756	mod_ratio	41	55	T	TGTTT	ok	True
chr1	8032104	8032105	-	0.85	mod_ratio	40	50	T	AGTTT	ok	True
chr1	8032222	8032223	-	0.911111	mod_ratio	45	56	T	CGTCC	ok	False
chr1	8051335	8051336	+	0.765957	mod_ratio	47	60	A	GGACC	ok	True
chr1	8052758	8052759	+	0.378788	mod_ratio	66	75	A	AAACA	ok	True
chr1	8068679	8068680	+	0.214925	mod_ratio	335	385	A	AGACT	ok	True
chr1	8069059	8069060	+	0.143695	mod_ratio	341	394	A	AAACC	ok	True
chr1	8069102	8069103	+	0.702703	mod_ratio	37	394	A	GGACA	ok	True
chr1	8069115	8069116	+	0.375	mod_ratio	168	365	A	AAACC	ok	True
chr1	8069123	8069124	+	0.462295	mod_ratio	305	395	A	GGACG	ok	False
chr1	8069260	8069261	+	0.595455	mod_ratio	220	366	A	AGACG	ok	False
chr1	8069298	8069299	+	0.216667	mod_ratio	120	248	A	AAACT	ok	True
chr1	8079490	8079491	+	0.354949	mod_ratio	293	330	A	AAACA	ok	True
chr1	8079975	8079976	+	0.599291	mod_ratio	282	329	A	GGACC	ok	True
chr1	8079986	8079987	+	0.897059	mod_ratio	272	334	A	AAACG	ok	False
chr1	8080236	8080237	+	0.225	mod_ratio	240	348	A	AGACC	ok	True
chr1	8080376	8080377	+	0.616279	mod_ratio	258	314	A	AAACT	ok	True
chr1	8080619	8080620	-	0.87	mod_ratio	100	121	T	CGTTT	ok	False
chr1	8080937	8080938	-	0.270833	mod_ratio	144	158	T	TGTTC	ok	True
chr1	8081406	8081407	-	0.5	mod_ratio	136	153	T	CGTCC	ok	False
chr1	8082015	8082016	-	0.371681	mod_ratio	113	140	T	AGTTC	ok	True
chr1	8082678	8082679	-	0.480392	mod_ratio	102	117	T	GGTTT	ok	True
chr1	8082696	8082697	-	0.23	mod_ratio	100	121	T	CGTTT	ok	False
chr1	8102167	8102168	+	0.472727	mod_ratio	55	61	A	AAACT	ok	True
chr1	8102945	8102946	+	0.9	mod_ratio	70	78	A	AAACG	ok	False
chr1	8103215	8103216	+	0.661017	mod_ratio	59	78	A	GGACA	ok	True
chr1	8103228	8103229	+	0.514286	mod_ratio	70	79	A	AAACA	ok	True
chr1	8103416	8103417	+	0.381579	mod_ratio	76	82	A	GAACC	ok	True
chr1	8121470	8121471	+	0.774194	mod_ratio	31	34	A	AAACA	ok	True
chr1	8121716	8121717	+	0.882353	mod_ratio	34	41	A	AAACA	ok	True
chr1	8122075	8122076	+	0.965517	mod_ratio	29	37	A	AAACG	ok	False
chr1	8200626	8200627	+	0.384762	mod_ratio	525	592	A	GAACT	ok	True
chr1	8200971	8200972	+	0.502868	mod_ratio	523	650	A	GGACG	ok	False
chr1	8201103	8201104	+	0.299308	mod_ratio	578	648	A	GAACT	ok	True
chr1	8219995	8219996	+	0.586957	mod_ratio	46	52	A	AAACC	ok	True
chr1	8221727	8221728	+	0.638298	mod_ratio	47	63	A	AGACA	ok	True
chr1	8223276	8223277	+	0.578947	mod_ratio	76	86	A	AAACT	ok	True
chr1	8223656	8223657	+	0.571429	mod_ratio	77	91	A	GGACG	ok	False
chr1	8223896	8223897	+	0.347826	mod_ratio	69	101	A	GAACT	ok	True
chr1	8223934	8223935	+	0.533333	mod_ratio	90	103	A	GAACA	ok	True
chr1	8224210	8224211	+	0.602273	mod_ratio	88	102	A	AAACC	ok	True
chr1	8224317	8224318	+	0.403509	mod_ratio	57	102	A	GAACA	ok	True
chr1	8224326	8224327	+	0.493506	mod_ratio	77	94	A	AGACT	ok	True
chr1	8234470	8234471	-	0.790698	mod_ratio	43	54	T	TGTTT	ok	True
chr1	8234765	8234766	-	0.733333	mod_ratio	45	48	T	CGTCT	ok	False
chr1	8242595	8242596	+	0.956522	mod_ratio	23	29	A	AGACG	ok	False
chr1	8263028	8263029	+	0.12178	mod_ratio	427	542	A	GAACA	ok	True
chr1	8263065	8263066	+	0.478166	mod_ratio	458	551	A	GGACG	ok	False
chr1	8263106	8263107	+	0.772727	mod_ratio	44	557	A	AAACG	ok	False
chr1	8263226	8263227	+	0.145631	mod_ratio	206	579	A	GAACC	ok	True
chr1	8263232	8263233	+	0.397291	mod_ratio	443	582	A	GGACA	ok	True
chr1	8263359	8263360	+	0.354406	mod_ratio	522	601	A	AAACC	ok	True
chr1	8263494	8263495	+	0.16307	mod_ratio	417	581	A	GAACT	ok	True
chr1	8263509	8263510	+	0.135678	mod_ratio	199	592	A	GGATT	ok	False
chr1	8268626	8268627	-	0.440529	mod_ratio	908	1365	T	GGTTT	ok	True
chr1	8268681	8268682	-	0.674419	mod_ratio	43	1753	T	AGTGT	ok	False
chr1	8268683	8268684	-	0.647059	mod_ratio	34	1923	T	TGTAG	ok	False
chr1	8268702	8268703	-	0.563584	mod_ratio	1384	1955	T	CGTTC	ok	False
chr1	8268832	8268833	-	0.295181	mod_ratio	166	1937	T	TGTCC	ok	True
chr1	8268941	8268942	-	0.627439	mod_ratio	1691	1973	T	TGTCC	ok	True
chr1	8269008	8269009	-	0.528269	mod_ratio	1698	1956	T	CGTCT	ok	False
chr1	8269028	8269029	-	0.173272	mod_ratio	1085	1281	T	TGTTT	ok	True
chr1	8269208	8269209	-	0.323792	mod_ratio	559	711	T	CGTTT	ok	False
chr1	8269209	8269210	-	0.372069	mod_ratio	981	1765	T	GTTTT	ok	False
chr1	8269385	8269386	-	0.655738	mod_ratio	183	1785	T	TGTCT	ok	True
chr1	8269690	8269691	-	0.701389	mod_ratio	144	1735	T	TGTCC	ok	True
chr1	8269908	8269909	-	0.298197	mod_ratio	1442	1652	T	TGTTC	ok	True
chr1	8269926	8269927	-	0.361702	mod_ratio	141	1658	T	CGTCT	ok	False
chr1	8269943	8269944	-	0.217323	mod_ratio	1270	1548	T	AGTTT	ok	True
chr1	8270010	8270011	-	0.256356	mod_ratio	472	1605	T	GGTTC	ok	True
chr1	8270193	8270194	-	0.241692	mod_ratio	331	1542	T	GTTTT	ok	False
chr1	8270741	8270742	-	0.587856	mod_ratio	1087	1275	T	TGTTT	ok	True
chr1	8270938	8270939	-	0.870886	mod_ratio	1185	1384	T	TGTCC	ok	True
chr1	8270954	8270955	-	0.245238	mod_ratio	420	1374	T	GGTTC	ok	True
chr1	8270963	8270964	-	0.174395	mod_ratio	992	1264	T	CGTTT	ok	False
chr1	8271289	8271290	-	0.712264	mod_ratio	212	1342	T	GTTTT	ok	False
chr1	8271309	8271310	-	0.34622	mod_ratio	1164	1345	T	AGTCT	ok	True
chr1	8271670	8271671	-	0.339907	mod_ratio	862	1133	T	AGTCT	ok	True
chr1	8271688	8271689	-	0.728625	mod_ratio	538	931	T	CGTTC	ok	False
chr1	8271693	8271694	-	0.43578	mod_ratio	218	685	T	GGTTC	ok	True
chr1	8309376	8309377	-	0.433333	mod_ratio	150	200	T	AGTTT	ok	True
chr1	8309496	8309497	-	0.363636	mod_ratio	165	237	T	AGTTT	ok	True
chr1	8309518	8309519	-	0.705584	mod_ratio	197	237	T	CGTTT	ok	False
chr1	8309578	8309579	-	0.802083	mod_ratio	192	230	T	CGTTT	ok	False
chr1	8309686	8309687	-	0.453608	mod_ratio	194	225	T	CGTTC	ok	False
chr1	8309733	8309734	-	0.485	mod_ratio	200	220	T	AGTTT	ok	True
chr1	8309747	8309748	-	0.92228	mod_ratio	193	221	T	CGTCT	ok	False
chr1	8309814	8309815	-	0.392157	mod_ratio	204	215	T	AGTTC	ok	True
chr1	8309936	8309937	-	0.533333	mod_ratio	60	211	T	CGTCC	ok	False
chr1	8310174	8310175	-	0.5	mod_ratio	156	183	T	CGTCC	ok	False
chr1	8310327	8310328	-	0.2	mod_ratio	145	161	T	TGTTC	ok	True
chr1	8310490	8310491	-	0.528926	mod_ratio	121	154	T	GGTTC	ok	True
chr1	8312460	8312461	-	0.848485	mod_ratio	33	37	T	CGTCT	ok	False
chr1	8312592	8312593	-	0.852941	mod_ratio	34	36	T	TGTCT	ok	True
chr1	8312780	8312781	-	0.666667	mod_ratio	33	36	T	GGTCT	ok	True
chr1	8322188	8322189	+	0.45098	mod_ratio	51	62	A	GAACT	ok	True
chr1	8323846	8323847	+	0.45	mod_ratio	60	71	A	AGACG	ok	False
chr1	8336791	8336792	+	0.257576	mod_ratio	132	161	A	AAACT	ok	True
chr1	8337321	8337322	+	0.826446	mod_ratio	121	145	A	AGACC	ok	True
chr1	8337324	8337325	+	0.827586	mod_ratio	29	190	A	CCACC	ok	False
chr1	8338500	8338501	+	0.3125	mod_ratio	96	214	A	GGATT	ok	False
chr1	8338520	8338521	+	0.166667	mod_ratio	156	214	A	GAACT	ok	True
chr1	8338558	8338559	+	0.352273	mod_ratio	88	200	A	AAACT	ok	True
chr1	8398284	8398285	-	0.149351	mod_ratio	308	431	T	GGTTC	ok	True
chr1	8398288	8398289	-	0.253247	mod_ratio	308	423	T	CGTTT	ok	False
chr1	8398388	8398389	-	0.104478	mod_ratio	335	432	T	AGTTT	ok	True
chr1	8398909	8398910	-	0.245902	mod_ratio	305	372	T	AGTCC	ok	True
chr1	8398933	8398934	-	0.227564	mod_ratio	312	363	T	GGTTT	ok	True
chr1	8398978	8398979	-	0.26506	mod_ratio	166	352	T	GTTTT	ok	False
chr1	8398985	8398986	-	0.460674	mod_ratio	267	308	T	GGTTT	ok	True
chr1	8398986	8398987	-	0.586957	mod_ratio	46	357	T	GTTTT	ok	False
chr1	8399601	8399602	-	0.597087	mod_ratio	206	288	T	CGTCT	ok	False
chr1	8420413	8420414	+	0.689655	mod_ratio	58	70	A	GGACG	ok	False
chr1	8420424	8420425	+	0.4	mod_ratio	65	70	A	AAACC	ok	True
chr1	8422192	8422193	+	0.481481	mod_ratio	81	85	A	AAACC	ok	True
chr1	8422340	8422341	+	0.410256	mod_ratio	78	89	A	GGACC	ok	True
chr1	8478532	8478533	-	0.658537	mod_ratio	41	46	T	AGTTT	ok	True
chr1	8500572	8500573	-	0.435	mod_ratio	200	245	T	GGTTC	ok	True
chr1	8500713	8500714	-	0.182222	mod_ratio	225	256	T	AGTCC	ok	True
chr1	8500813	8500814	-	0.160804	mod_ratio	199	252	T	GGTTC	ok	True
chr1	8501337	8501338	-	0.238095	mod_ratio	168	212	T	GGTTT	ok	True
chr1	8507329	8507330	+	0.352941	mod_ratio	68	89	A	AAACC	ok	True
chr1	8507427	8507428	+	0.621622	mod_ratio	74	91	A	AGACA	ok	True
chr1	8507656	8507657	+	0.444444	mod_ratio	81	98	A	AGACG	ok	False
chr1	8508168	8508169	+	0.348837	mod_ratio	86	101	A	AGACA	ok	True
chr1	8508643	8508644	+	0.688525	mod_ratio	61	85	A	GGACT	ok	True
chr1	8508671	8508672	+	0.564103	mod_ratio	78	112	A	GAACA	ok	True
chr1	8508729	8508730	+	0.6375	mod_ratio	80	111	A	GAACT	ok	True
chr1	8526152	8526153	-	0.814815	mod_ratio	27	30	T	GGTTT	ok	True
chr1	8561415	8561416	-	0.906977	mod_ratio	43	52	T	TGTCT	ok	True
chr1	8562101	8562102	-	0.880952	mod_ratio	42	46	T	TGTTT	ok	True
chr1	8640727	8640728	+	0.931818	mod_ratio	44	48	A	AGACA	ok	True
chr1	8641500	8641501	+	0.918919	mod_ratio	111	124	A	AAACA	ok	True
chr1	8642267	8642268	+	0.352459	mod_ratio	122	138	A	GGACG	ok	False
chr1	8643077	8643078	+	0.382812	mod_ratio	128	154	A	GGACG	ok	False
chr1	8643155	8643156	+	0.460317	mod_ratio	126	156	A	GGACA	ok	True
chr1	8643283	8643284	+	0.444444	mod_ratio	144	155	A	AGACA	ok	True
chr1	8643317	8643318	+	0.344262	mod_ratio	122	156	A	AAACA	ok	True
chr1	8643334	8643335	+	0.277108	mod_ratio	83	130	A	AGACA	ok	True
chr1	8643416	8643417	+	0.65	mod_ratio	80	125	A	AAACT	ok	True
chr1	8643441	8643442	+	0.277778	mod_ratio	90	111	A	AAACT	ok	True
chr1	8685598	8685599	-	0.691358	mod_ratio	81	99	T	TGTTT	ok	True
chr1	8685788	8685789	-	0.682353	mod_ratio	85	97	T	TGTCT	ok	True
chr1	8686111	8686112	-	0.508197	mod_ratio	61	85	T	CGTTT	ok	False
chr1	8686971	8686972	-	0.711864	mod_ratio	59	76	T	TGTCT	ok	True
chr1	8687537	8687538	-	0.45098	mod_ratio	51	62	T	CGTTC	ok	False
chr1	8687584	8687585	-	0.471698	mod_ratio	53	60	T	TGTTC	ok	True
chr1	8687621	8687622	-	0.461538	mod_ratio	52	58	T	AGTTC	ok	True
chr1	8687633	8687634	-	0.58	mod_ratio	50	59	T	AGTTT	ok	True
chr1	8687954	8687955	-	0.765957	mod_ratio	47	58	T	GGTCC	ok	True
chr1	8777067	8777068	+	0.642857	mod_ratio	70	80	A	GGACC	ok	True
chr1	8777119	8777120	+	0.520548	mod_ratio	73	83	A	AAACC	ok	True
chr1	8799595	8799596	+	0.591837	mod_ratio	49	58	A	GGACC	ok	True
chr1	8799647	8799648	+	0.571429	mod_ratio	56	64	A	AAACC	ok	True
chr1	8813973	8813974	+	0.638298	mod_ratio	47	50	A	GGACC	ok	True
chr1	8814025	8814026	+	0.55102	mod_ratio	49	55	A	AAACC	ok	True
chr1	8828351	8828352	+	0.66129	mod_ratio	62	72	A	GGACC	ok	True
chr1	8828403	8828404	+	0.545455	mod_ratio	66	76	A	AAACC	ok	True
chr1	8840516	8840517	-	0.8	mod_ratio	30	43	T	TGTCC	ok	True
chr1	8854102	8854103	-	0.27907	mod_ratio	86	113	T	AATCC	ok	False
chr1	8854170	8854171	-	0.494949	mod_ratio	99	116	T	GGTTT	ok	True
chr1	8854598	8854599	-	0.277228	mod_ratio	101	111	T	GGTTC	ok	True
chr1	8854619	8854620	-	0.366337	mod_ratio	101	110	T	TGTTC	ok	True
chr1	8854640	8854641	-	0.301075	mod_ratio	93	110	T	AGTTC	ok	True
chr1	8855471	8855472	-	0.571429	mod_ratio	84	99	T	CGTCT	ok	False
chr1	8861156	8861157	+	0.714286	mod_ratio	154	182	A	AAACT	ok	True
chr1	8861265	8861266	+	0.274809	mod_ratio	131	179	A	GAACC	ok	True
chr1	8933872	8933873	-	0.541667	mod_ratio	120	134	T	TGTTT	ok	True
chr1	8934324	8934325	-	0.336634	mod_ratio	101	117	T	CGTTC	ok	False
chr1	8934391	8934392	-	0.795918	mod_ratio	98	108	T	AGTTT	ok	True
chr1	8934491	8934492	-	0.695652	mod_ratio	92	107	T	CGTCT	ok	False
chr1	8934536	8934537	-	0.837209	mod_ratio	86	105	T	TGTTC	ok	True
chr1	8934682	8934683	-	0.670886	mod_ratio	79	94	T	TGTCT	ok	True
chr1	8934847	8934848	-	0.575	mod_ratio	80	86	T	CGTTC	ok	False
chr1	8934926	8934927	-	0.944444	mod_ratio	72	81	T	TGTCT	ok	True
chr1	8964337	8964338	+	0.815789	mod_ratio	38	48	A	AGACA	ok	True
chr1	8964414	8964415	+	0.785714	mod_ratio	28	48	A	AAACA	ok	True
chr1	8976621	8976622	+	0.680851	mod_ratio	47	60	A	AAACG	ok	False
chr1	8977029	8977030	+	0.693548	mod_ratio	62	76	A	AAACC	ok	True
chr1	8977132	8977133	+	0.704918	mod_ratio	61	78	A	GAACC	ok	True
chr1	8977187	8977188	+	0.953846	mod_ratio	65	80	A	AAACG	ok	False
chr1	8977226	8977227	+	0.560606	mod_ratio	66	82	A	AAACC	ok	True
chr1	8981990	8981991	-	0.928571	mod_ratio	28	30	T	CGTTT	ok	False
chr1	9024614	9024615	-	0.73913	mod_ratio	46	54	T	AGTTT	ok	True
chr1	9024750	9024751	-	0.68	mod_ratio	50	55	T	CGTCC	ok	False
chr1	9024806	9024807	-	0.531915	mod_ratio	47	54	T	TGTCT	ok	True
chr1	9025506	9025507	-	0.95	mod_ratio	40	48	T	CGTTT	ok	False
chr1	9071226	9071227	+	0.790698	mod_ratio	43	49	A	AAACG	ok	False
chr1	9071364	9071365	+	0.772727	mod_ratio	44	54	A	AGACC	ok	True
chr1	9155404	9155405	+	0.52459	mod_ratio	61	73	A	AAACT	ok	True
chr1	9171809	9171810	+	0.885714	mod_ratio	105	125	A	GGACG	ok	False
chr1	9171913	9171914	+	0.831858	mod_ratio	113	131	A	GGACA	ok	True
chr1	9172084	9172085	+	0.238938	mod_ratio	113	134	A	AGACA	ok	True
chr1	9172773	9172774	+	0.387931	mod_ratio	116	154	A	AAACA	ok	True
chr1	9172889	9172890	+	0.795918	mod_ratio	49	64	A	AGACA	ok	True
chr1	9179695	9179696	+	0.884615	mod_ratio	26	33	A	GGACC	ok	True
chr1	9180678	9180679	+	0.790698	mod_ratio	43	45	A	AGACA	ok	True
chr1	9181445	9181446	+	0.571429	mod_ratio	49	58	A	GGACG	ok	False
chr1	9181454	9181455	+	0.942308	mod_ratio	52	56	A	AAACA	ok	True
chr1	9205937	9205938	+	0.244681	mod_ratio	94	673	A	AAACC	ok	True
chr1	9205965	9205966	+	0.326733	mod_ratio	101	695	A	AAACA	ok	True
chr1	9206073	9206074	+	0.371869	mod_ratio	519	715	A	AAACC	ok	True
chr1	9206475	9206476	+	0.420959	mod_ratio	563	716	A	AAACT	ok	True
chr1	9207138	9207139	+	0.863636	mod_ratio	704	861	A	GGACG	ok	False
chr1	9207155	9207156	+	0.142631	mod_ratio	631	854	A	GAACC	ok	True
chr1	9207187	9207188	+	0.563218	mod_ratio	609	835	A	AGACC	ok	True
chr1	9207215	9207216	+	0.50101	mod_ratio	495	754	A	AGACA	ok	True
chr1	9207262	9207263	+	0.632911	mod_ratio	632	788	A	AAACA	ok	True
chr1	9207283	9207284	+	0.729167	mod_ratio	48	675	A	AGATG	ok	False
chr1	9207296	9207297	+	0.638889	mod_ratio	36	484	A	AAAAC	ok	False
chr1	9207297	9207298	+	0.658824	mod_ratio	170	428	A	AAACC	ok	True
chr1	9216088	9216089	+	0.490196	mod_ratio	51	64	A	AAACA	ok	True
chr1	9217072	9217073	+	0.596491	mod_ratio	57	69	A	AAACT	ok	True
chr1	9217120	9217121	+	0.861538	mod_ratio	65	74	A	AAACG	ok	False
chr1	9217805	9217806	+	0.4	mod_ratio	60	78	A	AAACA	ok	True
chr1	9259796	9259797	+	0.614035	mod_ratio	57	69	A	AGACG	ok	False
chr1	9260181	9260182	+	0.542373	mod_ratio	59	78	A	AAACT	ok	True
chr1	9260526	9260527	+	0.5	mod_ratio	76	89	A	AAACG	ok	False
chr1	9260562	9260563	+	0.677966	mod_ratio	59	86	A	AAACG	ok	False
chr1	9260946	9260947	+	0.411765	mod_ratio	85	93	A	GGACC	ok	True
chr1	9298250	9298251	+	0.962963	mod_ratio	27	28	A	AAACA	ok	True
chr1	9300983	9300984	-	0.365079	mod_ratio	63	69	T	AGTTC	ok	True
chr1	9302240	9302241	-	0.55102	mod_ratio	49	53	T	AGTTT	ok	True
chr1	9302360	9302361	-	0.590909	mod_ratio	44	53	T	GGTCT	ok	True
chr1	9315582	9315583	-	0.541547	mod_ratio	349	485	T	AGTCC	ok	True
chr1	9315678	9315679	-	0.347188	mod_ratio	409	512	T	AGTTT	ok	True
chr1	9316458	9316459	-	0.464824	mod_ratio	398	481	T	GGTTT	ok	True
chr1	9316628	9316629	-	0.282051	mod_ratio	390	459	T	GGTTC	ok	True
chr1	9329731	9329732	+	0.931034	mod_ratio	29	30	A	AGACG	ok	False
chr1	9375620	9375621	+	0.644444	mod_ratio	45	50	A	GGACA	ok	True
chr1	9376005	9376006	+	0.62069	mod_ratio	58	61	A	GAACA	ok	True
chr1	9376060	9376061	+	0.603774	mod_ratio	53	61	A	AAACT	ok	True
chr1	9383207	9383208	+	0.90625	mod_ratio	32	32	A	AAACA	ok	True
chr1	9394371	9394372	+	0.578947	mod_ratio	38	45	A	AAACA	ok	True
chr1	9403953	9403954	-	0.75	mod_ratio	44	54	T	CGTTT	ok	False
chr1	9405442	9405443	-	0.611111	mod_ratio	36	44	T	AGTTT	ok	True
chr1	9407543	9407544	-	0.805556	mod_ratio	36	49	T	TGTCT	ok	True
chr1	9407644	9407645	-	0.853659	mod_ratio	41	45	T	CGTTT	ok	False
chr1	9407759	9407760	-	0.756757	mod_ratio	37	40	T	TGTTT	ok	True
chr1	9425687	9425688	+	0.833333	mod_ratio	48	60	A	AGACG	ok	False
chr1	9481644	9481645	+	0.571429	mod_ratio	56	69	A	AAACC	ok	True
chr1	9482585	9482586	+	0.556818	mod_ratio	88	99	A	AAACA	ok	True
chr1	9482674	9482675	+	0.320988	mod_ratio	81	101	A	AAACA	ok	True
chr1	9484507	9484508	-	0.550459	mod_ratio	109	142	T	TGTTC	ok	True
chr1	9484535	9484536	-	0.52	mod_ratio	50	120	T	GTTTT	ok	False
chr1	9484545	9484546	-	0.323741	mod_ratio	139	155	T	AGTCC	ok	True
chr1	9484587	9484588	-	0.210145	mod_ratio	138	156	T	GGTTC	ok	True
chr1	9484624	9484625	-	0.307692	mod_ratio	143	158	T	AGTTC	ok	True
chr1	9485650	9485651	-	0.279412	mod_ratio	136	148	T	TGTTC	ok	True
chr1	9493603	9493604	+	0.764706	mod_ratio	51	101	A	CCACC	ok	False
chr1	9493898	9493899	+	0.235849	mod_ratio	106	125	A	AAACC	ok	True
chr1	9498317	9498318	-	0.287234	mod_ratio	94	107	T	GGTTT	ok	True
chr1	9498705	9498706	-	0.4625	mod_ratio	80	103	T	GGTCT	ok	True
chr1	9513199	9513200	-	0.604167	mod_ratio	48	53	T	AGTTT	ok	True
chr1	9513410	9513411	-	0.453125	mod_ratio	64	69	T	TGTTT	ok	True
chr1	9513834	9513835	-	0.830189	mod_ratio	53	68	T	TGTCC	ok	True
chr1	9516015	9516016	+	0.132867	mod_ratio	286	344	A	AAACA	ok	True
chr1	9516046	9516047	+	0.154386	mod_ratio	285	358	A	GAACA	ok	True
chr1	9516157	9516158	+	0.626168	mod_ratio	321	366	A	GAACG	ok	False
chr1	9516161	9516162	+	0.433824	mod_ratio	272	371	A	GGACA	ok	True
chr1	9516380	9516381	+	0.763889	mod_ratio	288	383	A	AAACA	ok	True
chr1	9516523	9516524	+	0.31454	mod_ratio	337	391	A	AAACC	ok	True
chr1	9516737	9516738	+	0.256917	mod_ratio	253	388	A	AGACA	ok	True
chr1	9516798	9516799	+	0.364807	mod_ratio	233	382	A	AGACC	ok	True
chr1	9532412	9532413	+	0.433962	mod_ratio	159	216	A	GGACA	ok	True
chr1	9532497	9532498	+	0.375661	mod_ratio	189	223	A	AAACC	ok	True
chr1	9532607	9532608	+	0.177778	mod_ratio	180	224	A	GGACA	ok	True
chr1	9533402	9533403	+	0.497674	mod_ratio	215	236	A	GAACA	ok	True
chr1	9533486	9533487	+	0.196809	mod_ratio	188	239	A	GGACT	ok	True
chr1	9533599	9533600	+	0.47343	mod_ratio	207	241	A	GAACG	ok	False
chr1	9533761	9533762	+	0.164773	mod_ratio	176	245	A	AAACT	ok	True
chr1	9533813	9533814	+	0.226601	mod_ratio	203	247	A	AAACT	ok	True
chr1	9533869	9533870	+	0.67	mod_ratio	100	189	A	AGACA	ok	True
chr1	9533923	9533924	+	0.272251	mod_ratio	191	237	A	AGACT	ok	True
chr1	9545672	9545673	+	0.916667	mod_ratio	36	41	A	AGACG	ok	False
chr1	9545994	9545995	+	0.55814	mod_ratio	43	47	A	GGACG	ok	False
chr1	9555037	9555038	-	0.55	mod_ratio	40	43	T	GGTCC	ok	True
chr1	9555901	9555902	-	0.785714	mod_ratio	28	30	T	GGTCT	ok	True
chr1	9562647	9562648	-	0.534247	mod_ratio	73	99	T	GGTTT	ok	True
chr1	9563796	9563797	-	0.671233	mod_ratio	73	98	T	CGTCC	ok	False
chr1	9563867	9563868	-	0.303797	mod_ratio	79	95	T	TGTTC	ok	True
chr1	9640077	9640078	+	0.673469	mod_ratio	49	64	A	AAACG	ok	False
chr1	9741032	9741033	+	0.166667	mod_ratio	294	330	A	AAACT	ok	True
chr1	9741791	9741792	+	0.199336	mod_ratio	301	343	A	AGACG	ok	False
chr1	9741809	9741810	+	0.111842	mod_ratio	304	342	A	AAACA	ok	True
chr1	9742044	9742045	+	0.174312	mod_ratio	218	337	A	AAACT	ok	True
chr1	9742075	9742076	+	0.191589	mod_ratio	214	287	A	GGACA	ok	True
chr1	9746964	9746965	+	0.289157	mod_ratio	83	100	A	GAACA	ok	True
chr1	9747776	9747777	+	0.26087	mod_ratio	92	118	A	GAACT	ok	True
chr1	9747985	9747986	+	0.6	mod_ratio	80	99	A	AGACA	ok	True
chr1	9813234	9813235	-	0.821429	mod_ratio	28	35	T	TGTCT	ok	True
chr1	9814704	9814705	-	1	mod_ratio	23	26	T	TGTCC	ok	True
chr1	9827409	9827410	+	0.793103	mod_ratio	29	30	A	AAACG	ok	False
chr1	9833762	9833763	-	0.342466	mod_ratio	73	96	T	GGTCT	ok	True
chr1	9833926	9833927	-	0.432099	mod_ratio	81	88	T	TGTTT	ok	True
chr1	9834206	9834207	-	0.591549	mod_ratio	71	89	T	GGTCC	ok	True
chr1	9834236	9834237	-	0.333333	mod_ratio	75	86	T	GGTTC	ok	True
chr1	9835248	9835249	-	0.891892	mod_ratio	37	70	T	CGTTT	ok	False
chr1	9875106	9875107	+	0.851852	mod_ratio	27	35	A	AGACA	ok	True
chr1	9889490	9889491	-	0.2	mod_ratio	110	122	T	AGTCC	ok	True
chr1	9889535	9889536	-	0.265957	mod_ratio	94	117	T	AGTTC	ok	True
chr1	9889545	9889546	-	0.447619	mod_ratio	105	119	T	CGTCT	ok	False
chr1	9971310	9971311	-	0.837838	mod_ratio	37	42	T	TGTTT	ok	True
chr1	9972631	9972632	-	0.631579	mod_ratio	38	50	T	AGTTT	ok	True
chr1	9972954	9972955	-	0.594595	mod_ratio	37	44	T	GGTTT	ok	True
chr1	9973075	9973076	-	0.647059	mod_ratio	34	41	T	TGTCC	ok	True
chr1	10000172	10000173	+	0.92	mod_ratio	25	29	A	AGACA	ok	True
chr1	10150927	10150928	+	0.30303	mod_ratio	528	598	A	AAACT	ok	True
chr1	10150996	10150997	+	0.322034	mod_ratio	531	609	A	AAACT	ok	True
chr1	10151103	10151104	+	0.351923	mod_ratio	520	622	A	GGACG	ok	False
chr1	10151111	10151112	+	0.290381	mod_ratio	551	624	A	GAACC	ok	True
chr1	10151229	10151230	+	0.169048	mod_ratio	420	610	A	AAACA	ok	True
chr1	10181578	10181579	+	0.638298	mod_ratio	47	79	A	GGACC	ok	True
chr1	10181812	10181813	+	0.818182	mod_ratio	66	84	A	GGACA	ok	True
chr1	10181897	10181898	+	0.282051	mod_ratio	78	88	A	AGACT	ok	True
chr1	10182569	10182570	+	0.596774	mod_ratio	62	87	A	GGACT	ok	True
chr1	10182579	10182580	+	0.27957	mod_ratio	93	109	A	AAACT	ok	True
chr1	10223389	10223390	-	0.833333	mod_ratio	60	104	T	TGTCT	ok	True
chr1	10223464	10223465	-	0.592105	mod_ratio	76	96	T	AGTTT	ok	True
chr1	10224502	10224503	-	0.25	mod_ratio	104	136	T	GGTTT	ok	True
chr1	10301234	10301235	+	0.365079	mod_ratio	63	85	A	GGACG	ok	False
chr1	10310288	10310289	-	0.787234	mod_ratio	47	65	T	TGTCT	ok	True
chr1	10310606	10310607	-	0.9375	mod_ratio	64	73	T	GGTCT	ok	True
chr1	10310849	10310850	-	0.509434	mod_ratio	53	62	T	CGTTC	ok	False
chr1	10321752	10321753	+	0.961538	mod_ratio	26	34	A	AGACA	ok	True
chr1	10325936	10325937	-	0.88	mod_ratio	25	32	T	TGTTT	ok	True
chr1	10326087	10326088	-	0.96875	mod_ratio	32	36	T	GGTCC	ok	True
chr1	10372468	10372469	+	0.261905	mod_ratio	84	91	A	AAACC	ok	True
chr1	10372596	10372597	+	0.407407	mod_ratio	81	93	A	GGACA	ok	True
chr1	10373119	10373120	+	0.232143	mod_ratio	112	120	A	AGACG	ok	False
chr1	10373124	10373125	+	0.269231	mod_ratio	104	119	A	GAACA	ok	True
chr1	10373200	10373201	+	0.333333	mod_ratio	99	111	A	AAACA	ok	True
chr1	10373415	10373416	+	0.208696	mod_ratio	115	129	A	GAACA	ok	True
chr1	10373442	10373443	+	0.237705	mod_ratio	122	132	A	GAACG	ok	False
chr1	10373487	10373488	+	0.255319	mod_ratio	94	129	A	GAACC	ok	True
chr1	10377508	10377509	+	0.350649	mod_ratio	77	88	A	GAACG	ok	False
chr1	10377542	10377543	+	0.392405	mod_ratio	79	92	A	GGACA	ok	True
chr1	10377563	10377564	+	0.418919	mod_ratio	74	92	A	GGACA	ok	True
chr1	10377604	10377605	+	0.628571	mod_ratio	70	93	A	GGACG	ok	False
chr1	10377755	10377756	+	0.298851	mod_ratio	87	95	A	AAACC	ok	True
chr1	10377826	10377827	+	0.794872	mod_ratio	39	79	A	AAACA	ok	True
chr1	10385138	10385139	-	0.521739	mod_ratio	46	51	T	AGTTT	ok	True
chr1	10385202	10385203	-	0.581395	mod_ratio	43	51	T	TGTCT	ok	True
chr1	10385583	10385584	-	0.511111	mod_ratio	45	50	T	AGTTT	ok	True
chr1	10386662	10386663	-	0.758621	mod_ratio	29	35	T	TGTCC	ok	True
chr1	10448705	10448706	+	0.555556	mod_ratio	54	66	A	AGACA	ok	True
chr1	10449201	10449202	+	0.622642	mod_ratio	53	71	A	AAACC	ok	True
chr1	10449255	10449256	+	0.491228	mod_ratio	57	74	A	GGACA	ok	True
chr1	10449448	10449449	+	0.693878	mod_ratio	49	74	A	AAACA	ok	True
chr1	10449795	10449796	+	0.781818	mod_ratio	55	66	A	AAACT	ok	True
chr1	10459517	10459518	-	0.965517	mod_ratio	29	37	T	AGTTT	ok	True
chr1	10459710	10459711	-	0.520833	mod_ratio	48	61	T	CGTCT	ok	False
chr1	10471575	10471576	+	0.828571	mod_ratio	35	40	A	AAACG	ok	False
chr1	10471819	10471820	+	0.789474	mod_ratio	38	45	A	AGACA	ok	True
chr1	10472294	10472295	-	0.44899	mod_ratio	3960	4716	T	AGTTT	ok	True
chr1	10472382	10472383	-	0.109866	mod_ratio	4642	5398	T	TGTCT	ok	True
chr1	10472384	10472385	-	0.245487	mod_ratio	277	5664	T	TCTCT	ok	False
chr1	10472509	10472510	-	0.427083	mod_ratio	96	5645	T	GGTCA	ok	True
chr1	10472518	10472519	-	0.152381	mod_ratio	420	5568	T	GGTTC	ok	True
chr1	10472639	10472640	-	0.511628	mod_ratio	43	4635	T	GGTAG	ok	False
chr1	10472683	10472684	-	0.185567	mod_ratio	194	5406	T	AGTCC	ok	True
chr1	10472800	10472801	-	0.529412	mod_ratio	102	5118	T	GGTTT	ok	True
chr1	10472881	10472882	-	0.223563	mod_ratio	4142	5043	T	CGTTC	ok	False
chr1	10472975	10472976	-	0.544318	mod_ratio	4321	4910	T	TGTCT	ok	True
chr1	10472994	10472995	-	0.144052	mod_ratio	4422	4894	T	AGTCC	ok	True
chr1	10473004	10473005	-	0.663537	mod_ratio	3941	4885	T	TGTCC	ok	True
chr1	10473016	10473017	-	0.4375	mod_ratio	848	4787	T	AGTCT	ok	True
chr1	10473094	10473095	-	0.47486	mod_ratio	179	4720	T	CGTAC	ok	False
chr1	10473190	10473191	-	0.135857	mod_ratio	449	4505	T	GGTTC	ok	True
chr1	10473260	10473261	-	0.178571	mod_ratio	336	1974	T	TGTTT	ok	True
chr1	10473266	10473267	-	0.18705	mod_ratio	139	729	T	TTTTT	ok	False
chr1	10473267	10473268	-	0.341176	mod_ratio	85	575	T	TTTTT	ok	False
chr1	10473268	10473269	-	0.15625	mod_ratio	512	1261	T	TTTTT	ok	False
chr1	10473269	10473270	-	0.19685	mod_ratio	127	1441	T	TTTTT	ok	False
chr1	10474900	10474901	-	0.123348	mod_ratio	227	279	T	AGTTC	ok	True
chr1	10474959	10474960	-	0.312634	mod_ratio	7472	8410	T	AGTCT	ok	True
chr1	10474983	10474984	-	0.234054	mod_ratio	7447	8347	T	AGTCT	ok	True
chr1	10475030	10475031	-	0.443155	mod_ratio	431	8424	T	TCTCT	ok	False
chr1	10475155	10475156	-	0.483607	mod_ratio	122	8395	T	GGTCA	ok	True
chr1	10475164	10475165	-	0.184725	mod_ratio	563	8273	T	GGTTC	ok	True
chr1	10475285	10475286	-	0.591837	mod_ratio	49	7550	T	GGTAG	ok	False
chr1	10475329	10475330	-	0.145907	mod_ratio	281	8046	T	AGTCC	ok	True
chr1	10475446	10475447	-	0.408284	mod_ratio	169	7590	T	GGTTT	ok	True
chr1	10475455	10475456	-	0.414414	mod_ratio	111	7302	T	AGTAA	ok	False
chr1	10475458	10475459	-	0.530612	mod_ratio	49	7540	T	AATCG	ok	False
chr1	10475527	10475528	-	0.252522	mod_ratio	6542	7470	T	CGTTC	ok	False
chr1	10475621	10475622	-	0.39746	mod_ratio	6378	7259	T	TGTCT	ok	True
chr1	10475650	10475651	-	0.801416	mod_ratio	5791	7202	T	TGTCC	ok	True
chr1	10475662	10475663	-	0.362015	mod_ratio	953	7141	T	AGTCT	ok	True
chr1	10475694	10475695	-	0.482143	mod_ratio	56	6522	T	GGTGA	ok	False
chr1	10475740	10475741	-	0.5	mod_ratio	138	6986	T	CGTAC	ok	False
chr1	10475836	10475837	-	0.152104	mod_ratio	618	6781	T	GGTTC	ok	True
chr1	10475907	10475908	-	0.18552	mod_ratio	442	3767	T	TGTTT	ok	True
chr1	10475912	10475913	-	0.262887	mod_ratio	194	2560	T	TTTTT	ok	False
chr1	10475913	10475914	-	0.214876	mod_ratio	242	2246	T	TTTTT	ok	False
chr1	10475914	10475915	-	0.193133	mod_ratio	466	2005	T	TTTTT	ok	False
chr1	10478037	10478038	+	0.851187	mod_ratio	7244	11043	A	AAACG	ok	False
chr1	10478169	10478170	+	0.630435	mod_ratio	46	11986	A	TGACA	ok	True
chr1	10478181	10478182	+	0.174342	mod_ratio	304	12046	A	AGACT	ok	True
chr1	10478221	10478222	+	0.481707	mod_ratio	164	12225	A	GTACG	ok	False
chr1	10478230	10478231	+	0.485915	mod_ratio	142	12306	A	TGACC	ok	True
chr1	10478264	10478265	+	0.521739	mod_ratio	46	12458	A	GAATC	ok	False
chr1	10478267	10478268	+	0.340426	mod_ratio	94	11674	A	TCACC	ok	False
chr1	10478271	10478272	+	0.520833	mod_ratio	48	11915	A	CGAGC	ok	False
chr1	10478275	10478276	+	0.542553	mod_ratio	94	10964	A	CTACC	ok	False
chr1	10478299	10478300	+	0.43498	mod_ratio	2207	12222	A	AGACT	ok	True
chr1	10478302	10478303	+	0.224138	mod_ratio	116	11903	A	CTACG	ok	False
chr1	10478306	10478307	+	0.215686	mod_ratio	102	12640	A	GGATG	ok	False
chr1	10478311	10478312	+	0.767413	mod_ratio	10366	12267	A	GGACA	ok	True
chr1	10478313	10478314	+	0.82	mod_ratio	50	12260	A	ACACC	ok	False
chr1	10478321	10478322	+	0.104556	mod_ratio	11764	12752	A	GGACT	ok	True
chr1	10478340	10478341	+	0.563324	mod_ratio	11228	12792	A	AGACA	ok	True
chr1	10478360	10478361	+	0.180321	mod_ratio	2246	12923	A	GAACT	ok	True
chr1	10478434	10478435	+	0.107691	mod_ratio	10558	13317	A	AAACG	ok	False
chr1	10478503	10478504	+	0.40678	mod_ratio	472	12960	A	CGATT	ok	False
chr1	10478506	10478507	+	0.405405	mod_ratio	222	13396	A	TTACT	ok	False
chr1	10478515	10478516	+	0.422018	mod_ratio	327	13731	A	AAACC	ok	True
chr1	10478632	10478633	+	0.192233	mod_ratio	515	14552	A	GGACT	ok	True
chr1	10478676	10478677	+	0.524823	mod_ratio	141	13446	A	CTACC	ok	False
chr1	10478753	10478754	+	0.144444	mod_ratio	270	15117	A	GGATT	ok	False
chr1	10478797	10478798	+	0.189748	mod_ratio	1112	15167	A	GAACC	ok	True
chr1	10478806	10478807	+	0.460177	mod_ratio	226	15261	A	TGACC	ok	True
chr1	10478945	10478946	+	0.27451	mod_ratio	204	15337	A	AGATG	ok	False
chr1	10498517	10498518	-	0.855072	mod_ratio	69	77	T	GGTCT	ok	True
chr1	10498612	10498613	-	0.813559	mod_ratio	59	75	T	TGTCT	ok	True
chr1	10499220	10499221	-	0.458333	mod_ratio	48	69	T	CGTCC	ok	False
chr1	10508445	10508446	+	0.507463	mod_ratio	67	73	A	AAACG	ok	False
chr1	10508791	10508792	+	0.677966	mod_ratio	59	76	A	AAACT	ok	True
chr1	10547312	10547313	-	0.722222	mod_ratio	36	38	T	TGTCT	ok	True
chr1	10547510	10547511	-	0.823529	mod_ratio	34	38	T	TGTCT	ok	True
chr1	10584440	10584441	-	0.204918	mod_ratio	122	158	T	CGTCT	ok	False
chr1	10584607	10584608	-	0.490909	mod_ratio	110	140	T	GGTTT	ok	True
chr1	10584661	10584662	-	0.252874	mod_ratio	87	124	T	GTTTT	ok	False
chr1	10584727	10584728	-	0.408	mod_ratio	125	140	T	GGTCT	ok	True
chr1	10584808	10584809	-	0.25	mod_ratio	116	136	T	TGTTC	ok	True
chr1	10584958	10584959	-	0.854167	mod_ratio	96	125	T	CGTCC	ok	False
chr1	10585096	10585097	-	0.413462	mod_ratio	104	120	T	GGTCT	ok	True
chr1	10585315	10585316	-	0.222222	mod_ratio	99	112	T	AGTTC	ok	True
chr1	10586402	10586403	-	0.269663	mod_ratio	89	98	T	AGTTT	ok	True
chr1	10640169	10640170	+	0.432387	mod_ratio	599	690	A	AAACC	ok	True
chr1	10640185	10640186	+	0.205502	mod_ratio	618	699	A	AGACT	ok	True
chr1	10640361	10640362	+	0.339161	mod_ratio	572	725	A	GAACC	ok	True
chr1	10640613	10640614	+	0.822222	mod_ratio	45	551	A	TGACT	ok	True
chr1	10716919	10716920	+	0.666667	mod_ratio	36	41	A	AAACC	ok	True
chr1	10717022	10717023	+	0.846154	mod_ratio	39	44	A	AGACA	ok	True
chr1	10718538	10718539	+	0.483871	mod_ratio	62	67	A	AGACA	ok	True
chr1	10718956	10718957	+	0.604651	mod_ratio	43	70	A	AAACA	ok	True
chr1	10722256	10722257	+	0.310811	mod_ratio	74	172	A	AAACT	ok	True
chr1	10722265	10722266	+	0.26087	mod_ratio	115	259	A	AAACA	ok	True
chr1	10722280	10722281	+	0.308696	mod_ratio	230	3698	A	AAACA	ok	True
chr1	10722361	10722362	+	0.797468	mod_ratio	79	4332	A	CAATG	ok	False
chr1	10722647	10722648	+	0.6786	mod_ratio	3771	4661	A	AGACG	ok	False
chr1	10722800	10722801	+	0.857143	mod_ratio	28	4776	A	CGACG	ok	False
chr1	10722902	10722903	+	0.326979	mod_ratio	4144	4886	A	AAACG	ok	False
chr1	10722933	10722934	+	0.253846	mod_ratio	390	4542	A	GGACA	ok	True
chr1	10722995	10722996	+	0.716667	mod_ratio	60	4883	A	AAAAC	ok	False
chr1	10722996	10722997	+	0.671383	mod_ratio	4382	4886	A	AAACA	ok	True
chr1	10723084	10723085	+	0.455955	mod_ratio	3224	4511	A	GAACG	ok	False
chr1	10723098	10723099	+	0.173252	mod_ratio	329	4216	A	GGATT	ok	False
chr1	10737385	10737386	+	0.925	mod_ratio	40	43	A	GGACG	ok	False
chr1	10737680	10737681	+	0.727273	mod_ratio	33	40	A	GGACA	ok	True
chr1	10737721	10737722	+	0.733333	mod_ratio	30	42	A	AGACC	ok	True
chr1	10807303	10807304	-	0.604651	mod_ratio	43	61	T	TGTCC	ok	True
chr1	10807345	10807346	-	0.46	mod_ratio	50	61	T	TGTCC	ok	True
chr1	10807417	10807418	-	0.423077	mod_ratio	52	59	T	TGTCT	ok	True
chr1	10807519	10807520	-	0.571429	mod_ratio	42	53	T	TGTTT	ok	True
chr1	10807606	10807607	-	0.688889	mod_ratio	45	53	T	CGTTT	ok	False
chr1	10815073	10815074	+	0.763158	mod_ratio	38	45	A	AAACG	ok	False
chr1	10815719	10815720	+	0.729167	mod_ratio	48	54	A	AAACG	ok	False
chr1	10816022	10816023	+	0.454545	mod_ratio	55	63	A	GAACT	ok	True
chr1	10816031	10816032	+	0.538462	mod_ratio	52	62	A	AAACA	ok	True
chr1	10816260	10816261	+	0.391304	mod_ratio	69	76	A	AGACG	ok	False
chr1	10816354	10816355	+	0.366667	mod_ratio	60	78	A	GGACG	ok	False
chr1	10831751	10831752	-	0.214876	mod_ratio	121	143	T	AGTTC	ok	True
chr1	10831782	10831783	-	0.881188	mod_ratio	101	154	T	TGTCT	ok	True
chr1	10831800	10831801	-	0.711712	mod_ratio	111	133	T	TGTCT	ok	True
chr1	10831840	10831841	-	0.528846	mod_ratio	104	145	T	TGTTT	ok	True
chr1	10831878	10831879	-	0.189781	mod_ratio	137	159	T	GGTTC	ok	True
chr1	10832020	10832021	-	0.694215	mod_ratio	121	134	T	TGTTT	ok	True
chr1	10832690	10832691	-	0.338462	mod_ratio	130	150	T	CGTCT	ok	False
chr1	10832958	10832959	-	0.71875	mod_ratio	96	114	T	AGTTT	ok	True
chr1	10833096	10833097	-	0.420168	mod_ratio	119	144	T	AGTTT	ok	True
chr1	10833787	10833788	-	0.228814	mod_ratio	118	129	T	TGTTC	ok	True
chr1	10834703	10834704	-	0.384615	mod_ratio	91	115	T	TGTCC	ok	True
chr1	10858451	10858452	-	0.511111	mod_ratio	45	59	T	TGTTT	ok	True
chr1	10858629	10858630	-	0.405405	mod_ratio	74	106	T	AGTTT	ok	True
chr1	10858729	10858730	-	0.258427	mod_ratio	89	105	T	ACTTT	ok	False
chr1	10858790	10858791	-	0.322581	mod_ratio	93	105	T	AGTTT	ok	True
chr1	10859036	10859037	-	0.247312	mod_ratio	93	106	T	AGTCT	ok	True
chr1	10859086	10859087	-	0.265957	mod_ratio	94	106	T	CGTTC	ok	False
chr1	10859859	10859860	-	0.371795	mod_ratio	78	93	T	AGTTT	ok	True
chr1	10860175	10860176	-	0.864407	mod_ratio	59	83	T	TGTCT	ok	True
chr1	10889641	10889642	+	0.973684	mod_ratio	38	45	A	AAACA	ok	True
chr1	10889849	10889850	+	0.736842	mod_ratio	38	49	A	GGACA	ok	True
chr1	10945401	10945402	-	0.90625	mod_ratio	32	39	T	TGTCT	ok	True
chr1	10993229	10993230	-	0.883721	mod_ratio	43	81	T	GTTTT	ok	False
chr1	10993230	10993231	-	0.833333	mod_ratio	30	116	T	TTTTT	ok	False
chr1	10993237	10993238	-	0.488372	mod_ratio	86	114	T	GGTTT	ok	True
chr1	10993376	10993377	-	0.283951	mod_ratio	81	88	T	AGTTT	ok	True
chr1	10993377	10993378	-	0.75	mod_ratio	40	131	T	GTTTT	ok	False
chr1	10993382	10993383	-	0.75	mod_ratio	112	125	T	AGTTT	ok	True
chr1	10993465	10993466	-	0.397849	mod_ratio	93	104	T	GGTTT	ok	True
chr1	11133722	11133723	+	0.349206	mod_ratio	63	87	A	GGACC	ok	True
chr1	11134318	11134319	+	0.369863	mod_ratio	73	83	A	GAACT	ok	True
chr1	11142784	11142785	-	0.47541	mod_ratio	61	75	T	AGTTT	ok	True
chr1	11142908	11142909	-	0.478873	mod_ratio	71	79	T	AGTTT	ok	True
chr1	11143496	11143497	-	0.895833	mod_ratio	48	73	T	TGTTT	ok	True
chr1	11144164	11144165	-	0.606557	mod_ratio	61	66	T	GGTCT	ok	True
chr1	11144186	11144187	-	0.696429	mod_ratio	56	64	T	TGTCC	ok	True
chr1	11144302	11144303	-	0.895833	mod_ratio	48	58	T	TGTTT	ok	True
chr1	11144956	11144957	+	0.666667	mod_ratio	39	47	A	GGACA	ok	True
chr1	11145148	11145149	+	0.511111	mod_ratio	45	49	A	AAACC	ok	True
chr1	11145973	11145974	+	0.44	mod_ratio	50	55	A	GAACA	ok	True
chr1	11146109	11146110	+	0.632653	mod_ratio	49	58	A	AGACC	ok	True
chr1	11146278	11146279	+	0.462963	mod_ratio	54	59	A	GAACT	ok	True
chr1	11146403	11146404	+	0.586957	mod_ratio	46	60	A	GGACA	ok	True
chr1	11146772	11146773	+	0.45098	mod_ratio	51	67	A	AAACC	ok	True
chr1	11146860	11146861	+	0.648649	mod_ratio	37	62	A	GAACT	ok	True
chr1	11146866	11146867	+	0.791667	mod_ratio	48	62	A	AAACG	ok	False
chr1	11158860	11158861	-	0.892857	mod_ratio	28	31	T	CGTTT	ok	False
chr1	11214921	11214922	-	0.604651	mod_ratio	43	2204	T	GGTTT	ok	True
chr1	11214922	11214923	-	0.4279	mod_ratio	638	2792	T	GTTTT	ok	False
chr1	11214938	11214939	-	0.222628	mod_ratio	548	752	T	TGTTT	ok	True
chr1	11214940	11214941	-	0.245322	mod_ratio	481	2911	T	TTTTT	ok	False
chr1	11215136	11215137	-	0.409933	mod_ratio	2537	2933	T	GGTTT	ok	True
chr1	11215190	11215191	-	0.458333	mod_ratio	72	2902	T	CATCC	ok	False
chr1	11215254	11215255	-	0.398601	mod_ratio	143	2805	T	CGTTC	ok	False
chr1	11215278	11215279	-	0.549787	mod_ratio	2350	2797	T	CGTCT	ok	False
chr1	11215588	11215589	-	0.808059	mod_ratio	2308	2639	T	CGTTT	ok	False
chr1	11215594	11215595	-	0.36859	mod_ratio	624	2681	T	GTTTT	ok	False
chr1	11215702	11215703	-	0.891738	mod_ratio	1755	2153	T	TGTTT	ok	True
chr1	11215703	11215704	-	0.675949	mod_ratio	395	2562	T	GTTTT	ok	False
chr1	11215709	11215710	-	0.105428	mod_ratio	2229	2561	T	AGTCC	ok	True
chr1	11215953	11215954	-	0.129644	mod_ratio	1319	2302	T	GGTTC	ok	True
chr1	11218155	11218156	-	0.714286	mod_ratio	70	96	T	CGTTT	ok	False
chr1	11218918	11218919	-	0.477778	mod_ratio	90	100	T	TGTCC	ok	True
chr1	11219383	11219384	-	0.581395	mod_ratio	43	61	T	GGTTT	ok	True
chr1	11250642	11250643	+	0.638889	mod_ratio	36	37	A	GAACG	ok	False
chr1	11250665	11250666	+	0.78125	mod_ratio	32	37	A	AAACG	ok	False
chr1	11250816	11250817	+	0.8125	mod_ratio	32	38	A	GGACC	ok	True
chr1	11251642	11251643	+	0.742857	mod_ratio	35	40	A	AGACG	ok	False
chr1	11252521	11252522	+	0.723404	mod_ratio	47	55	A	AAACG	ok	False
chr1	11253346	11253347	+	0.378788	mod_ratio	66	71	A	AAACT	ok	True
chr1	11253668	11253669	+	0.647059	mod_ratio	68	77	A	GAACA	ok	True
chr1	11311391	11311392	+	0.209472	mod_ratio	549	640	A	GAACT	ok	True
chr1	11311695	11311696	+	0.190019	mod_ratio	521	630	A	AAACT	ok	True
chr1	11396486	11396487	+	0.581395	mod_ratio	43	50	A	AAACC	ok	True
chr1	11396883	11396884	+	0.586957	mod_ratio	46	56	A	AGACT	ok	True
chr1	11396931	11396932	+	0.4	mod_ratio	55	59	A	GAACG	ok	False
chr1	11397140	11397141	+	0.809524	mod_ratio	42	53	A	AAACA	ok	True
chr1	11397820	11397821	+	0.75	mod_ratio	40	53	A	GGACA	ok	True
chr1	11398893	11398894	+	0.936508	mod_ratio	63	79	A	AGACA	ok	True
chr1	11398897	11398898	+	0.507246	mod_ratio	69	79	A	AAACC	ok	True
chr1	11399402	11399403	+	0.741379	mod_ratio	58	85	A	GGACA	ok	True
chr1	11399487	11399488	+	0.388889	mod_ratio	72	90	A	AAACT	ok	True
chr1	11399498	11399499	+	0.338462	mod_ratio	65	90	A	AAACA	ok	True
chr1	11399535	11399536	+	0.80303	mod_ratio	66	92	A	GAACA	ok	True
chr1	11410981	11410982	-	0.54321	mod_ratio	324	593	T	TGTTT	ok	True
chr1	11410982	11410983	-	0.693182	mod_ratio	352	1008	T	GTTTT	ok	False
chr1	11411553	11411554	-	0.305099	mod_ratio	1216	1383	T	AGTCC	ok	True
chr1	11415305	11415306	-	1	mod_ratio	24	32	T	CGTTT	ok	False
chr1	11434193	11434194	-	0.44	mod_ratio	50	53	T	AGTTC	ok	True
chr1	11435171	11435172	-	0.709677	mod_ratio	31	42	T	GGTCC	ok	True
chr1	11460328	11460329	+	0.5	mod_ratio	50	54	A	AAACG	ok	False
chr1	11460578	11460579	+	0.634615	mod_ratio	52	59	A	GGACA	ok	True
chr1	11460886	11460887	+	0.952381	mod_ratio	63	69	A	AAACG	ok	False
chr1	11461513	11461514	+	0.934426	mod_ratio	61	78	A	AAACT	ok	True
chr1	11481829	11481830	+	0.4	mod_ratio	65	69	A	GAACG	ok	False
chr1	11482196	11482197	+	0.433333	mod_ratio	60	68	A	AAACT	ok	True
chr1	11482763	11482764	+	0.866667	mod_ratio	60	80	A	AAACC	ok	True
chr1	11529641	11529642	+	0.302632	mod_ratio	76	94	A	AAACT	ok	True
chr1	11530675	11530676	+	0.568421	mod_ratio	95	109	A	AGACA	ok	True
chr1	11531242	11531243	+	0.818182	mod_ratio	33	44	A	AGACA	ok	True
chr1	11532607	11532608	+	0.564706	mod_ratio	425	544	A	AAACA	ok	True
chr1	11532650	11532651	+	0.10935	mod_ratio	631	690	A	AAACA	ok	True
chr1	11532657	11532658	+	0.6179	mod_ratio	581	685	A	AAACA	ok	True
chr1	11532661	11532662	+	0.197615	mod_ratio	587	673	A	AAACA	ok	True
chr1	11532741	11532742	+	0.411765	mod_ratio	629	726	A	AAACA	ok	True
chr1	11532772	11532773	+	0.450512	mod_ratio	586	735	A	AAACC	ok	True
chr1	11532814	11532815	+	0.352324	mod_ratio	667	757	A	AAACC	ok	True
chr1	11533028	11533029	+	0.831563	mod_ratio	659	807	A	GGACC	ok	True
chr1	11533101	11533102	+	0.148748	mod_ratio	679	838	A	AAACC	ok	True
chr1	11533506	11533507	+	0.640268	mod_ratio	745	864	A	GGACA	ok	True
chr1	11533990	11533991	+	0.375	mod_ratio	80	970	A	AAACT	ok	True
chr1	11534029	11534030	+	0.23516	mod_ratio	876	1052	A	GAACC	ok	True
chr1	11534197	11534198	+	0.347526	mod_ratio	869	1084	A	GGACG	ok	False
chr1	11534276	11534277	+	0.284836	mod_ratio	976	1114	A	AAACA	ok	True
chr1	11534322	11534323	+	0.100908	mod_ratio	991	1147	A	AAACC	ok	True
chr1	11534407	11534408	+	0.220518	mod_ratio	1043	1171	A	AAACA	ok	True
chr1	11534411	11534412	+	0.316973	mod_ratio	978	1168	A	AAACG	ok	False
chr1	11534431	11534432	+	0.105561	mod_ratio	1061	1178	A	GAACG	ok	False
chr1	11534522	11534523	+	0.129073	mod_ratio	798	1109	A	GGACG	ok	False
chr1	11534618	11534619	+	0.317829	mod_ratio	258	439	A	GAACG	ok	False
chr1	11534764	11534765	-	0.492537	mod_ratio	67	79	T	AGTTC	ok	True
chr1	11535539	11535540	-	0.428571	mod_ratio	70	78	T	AGTTT	ok	True
chr1	11537705	11537706	-	0.650602	mod_ratio	166	204	T	TGTTC	ok	True
chr1	11537867	11537868	-	0.507772	mod_ratio	193	208	T	AGTTT	ok	True
chr1	11538113	11538114	-	0.49359	mod_ratio	156	199	T	CGTCC	ok	False
chr1	11538758	11538759	-	0.41791	mod_ratio	67	164	T	TGTCC	ok	True
chr1	11539509	11539510	-	0.186992	mod_ratio	123	135	T	TGTTC	ok	True
chr1	11546504	11546505	-	0.547619	mod_ratio	42	47	T	CGTTT	ok	False
chr1	11546600	11546601	-	0.761905	mod_ratio	42	47	T	TGTCC	ok	True
chr1	11546876	11546877	-	0.725	mod_ratio	40	47	T	GGTCT	ok	True
chr1	11546913	11546914	-	0.947368	mod_ratio	38	45	T	CGTTT	ok	False
chr1	11547271	11547272	-	0.594595	mod_ratio	37	45	T	TGTCC	ok	True
chr1	11569864	11569865	+	0.666667	mod_ratio	33	39	A	GGACC	ok	True
chr1	11602295	11602296	-	0.697674	mod_ratio	43	49	T	AGTTT	ok	True
chr1	11605929	11605930	-	0.484848	mod_ratio	66	98	T	AGTTT	ok	True
chr1	11605970	11605971	-	0.459016	mod_ratio	61	119	T	GTTTT	ok	False
chr1	11606860	11606861	-	0.412371	mod_ratio	97	120	T	TGTCC	ok	True
chr1	11609323	11609324	+	0.354545	mod_ratio	110	121	A	AGACC	ok	True
chr1	11609397	11609398	+	0.722222	mod_ratio	108	124	A	AGACA	ok	True
chr1	11609431	11609432	+	0.817391	mod_ratio	115	124	A	AGACC	ok	True
chr1	11613695	11613696	+	0.88	mod_ratio	25	29	A	AAACG	ok	False
chr1	11615309	11615310	+	0.745098	mod_ratio	51	55	A	AAACG	ok	False
chr1	11689227	11689228	-	0.577778	mod_ratio	45	81	T	GTTTT	ok	False
chr1	11689423	11689424	-	1	mod_ratio	41	74	T	CGTTT	ok	False
chr1	11689633	11689634	-	0.581818	mod_ratio	55	68	T	GGTCC	ok	True
chr1	11713279	11713280	+	0.787879	mod_ratio	33	36	A	AGACG	ok	False
chr1	11714106	11714107	+	0.775	mod_ratio	40	43	A	AAACC	ok	True
chr1	11715511	11715512	-	0.884615	mod_ratio	52	64	T	TGTCT	ok	True
chr1	11715664	11715665	-	0.818182	mod_ratio	55	62	T	CGTCT	ok	False
chr1	11716219	11716220	-	0.6875	mod_ratio	48	55	T	AGTCT	ok	True
chr1	11716331	11716332	-	0.725	mod_ratio	40	55	T	TGTCC	ok	True
chr1	11719029	11719030	-	0.846154	mod_ratio	26	38	T	TGTCC	ok	True
chr1	11738991	11738992	+	0.82	mod_ratio	50	61	A	AAACG	ok	False
chr1	11739322	11739323	-	0.468531	mod_ratio	286	458	T	AGTCT	ok	True
chr1	11739429	11739430	-	0.454545	mod_ratio	407	518	T	TGTTT	ok	True
chr1	11739439	11739440	-	0.192708	mod_ratio	192	324	T	TGTTT	ok	True
chr1	11739441	11739442	-	0.632184	mod_ratio	174	930	T	TTTTT	ok	False
chr1	11739562	11739563	-	0.356757	mod_ratio	740	930	T	GGTTT	ok	True
chr1	11739994	11739995	-	0.391188	mod_ratio	749	857	T	TGTTT	ok	True
chr1	11740258	11740259	-	0.276284	mod_ratio	409	753	T	GGTTT	ok	True
chr1	11740262	11740263	-	0.186047	mod_ratio	559	734	T	TGTTT	ok	True
chr1	11740275	11740276	-	0.165468	mod_ratio	139	575	T	TGTTT	ok	True
chr1	11750542	11750543	-	0.6	mod_ratio	40	50	T	GGTCT	ok	True
chr1	11751231	11751232	-	0.676471	mod_ratio	34	44	T	CGTCC	ok	False
chr1	11751337	11751338	-	0.88	mod_ratio	25	41	T	CGTTT	ok	False
chr1	11771829	11771830	-	0.509434	mod_ratio	53	57	T	AGTTT	ok	True
chr1	11771965	11771966	-	0.328947	mod_ratio	76	87	T	GGTTT	ok	True
chr1	11773495	11773496	-	0.5375	mod_ratio	80	83	T	TGTTC	ok	True
chr1	11784412	11784413	+	0.65	mod_ratio	40	46	A	AAACC	ok	True
chr1	11784464	11784465	+	0.488889	mod_ratio	45	48	A	AAACC	ok	True
chr1	11785448	11785449	+	0.698113	mod_ratio	53	56	A	AGACC	ok	True
chr1	11785573	11785574	+	0.543478	mod_ratio	46	55	A	AAACT	ok	True
chr1	11827895	11827896	+	0.8	mod_ratio	35	42	A	AGACA	ok	True
chr1	11828326	11828327	+	0.511628	mod_ratio	43	51	A	GGACA	ok	True
chr1	11828343	11828344	+	0.595745	mod_ratio	47	49	A	AGACA	ok	True
chr1	11829249	11829250	+	0.666667	mod_ratio	51	57	A	GGACG	ok	False
chr1	11829699	11829700	+	0.805556	mod_ratio	36	42	A	AGACA	ok	True
chr1	11875105	11875106	-	0.571429	mod_ratio	42	97	T	GTTTT	ok	False
chr1	11875631	11875632	-	0.623377	mod_ratio	77	89	T	CGTCT	ok	False
chr1	11875736	11875737	-	0.333333	mod_ratio	75	95	T	TGTCT	ok	True
chr1	11875902	11875903	-	0.577778	mod_ratio	45	57	T	TGTTT	ok	True
chr1	11877258	11877259	-	0.519231	mod_ratio	52	63	T	GGTTT	ok	True
chr1	11920634	11920635	-	0.127854	mod_ratio	219	251	T	GGTTC	ok	True
chr1	11920695	11920696	-	0.148148	mod_ratio	216	248	T	GGTCC	ok	True
chr1	11920836	11920837	-	0.238938	mod_ratio	226	245	T	TGTTC	ok	True
chr1	11921101	11921102	-	0.475936	mod_ratio	187	236	T	GGTTC	ok	True
chr1	11921252	11921253	-	0.201923	mod_ratio	208	221	T	AGTTC	ok	True
chr1	11921287	11921288	-	0.190751	mod_ratio	173	216	T	AGTCC	ok	True
chr1	11921500	11921501	-	0.662577	mod_ratio	163	188	T	AGTCC	ok	True
chr1	11921536	11921537	-	0.23871	mod_ratio	155	184	T	GGTTT	ok	True
chr1	11921680	11921681	-	0.525714	mod_ratio	175	194	T	GGTTC	ok	True
chr1	11921969	11921970	-	0.479167	mod_ratio	144	183	T	CGTCC	ok	False
chr1	11922420	11922421	-	0.392157	mod_ratio	153	173	T	GGTCC	ok	True
chr1	11922442	11922443	-	0.424658	mod_ratio	146	165	T	TGTTC	ok	True
chr1	11922448	11922449	-	0.190789	mod_ratio	152	171	T	GGTTC	ok	True
chr1	11922728	11922729	-	0.325843	mod_ratio	89	137	T	TGTTT	ok	True
chr1	11922862	11922863	-	0.230769	mod_ratio	104	158	T	CGTTT	ok	False
chr1	11923023	11923024	-	0.381944	mod_ratio	144	156	T	TGTCC	ok	True
chr1	11928998	11928999	+	0.632353	mod_ratio	68	79	A	AAACC	ok	True
chr1	11929023	11929024	+	0.712329	mod_ratio	73	80	A	AAACG	ok	False
chr1	11929119	11929120	+	0.371429	mod_ratio	70	83	A	AAACA	ok	True
chr1	11955891	11955892	+	0.333333	mod_ratio	216	246	A	AAACT	ok	True
chr1	11955960	11955961	+	0.191111	mod_ratio	225	255	A	AAACA	ok	True
chr1	11956153	11956154	+	0.535714	mod_ratio	224	263	A	AAACT	ok	True
chr1	11956984	11956985	+	0.101322	mod_ratio	227	299	A	AGACC	ok	True
chr1	11957026	11957027	+	0.348659	mod_ratio	261	299	A	GAACT	ok	True
chr1	11957111	11957112	+	0.116541	mod_ratio	266	304	A	GAACC	ok	True
chr1	11967205	11967206	+	0.6	mod_ratio	65	79	A	AAACC	ok	True
chr1	11967683	11967684	+	0.315068	mod_ratio	73	87	A	GAACT	ok	True
chr1	12010943	12010944	+	0.68254	mod_ratio	63	200	A	AAACC	ok	True
chr1	12010969	12010970	+	0.254777	mod_ratio	157	367	A	AAACA	ok	True
chr1	12011009	12011010	+	0.859375	mod_ratio	256	364	A	AAACG	ok	False
chr1	12011016	12011017	+	0.15331	mod_ratio	287	365	A	GGACA	ok	True
chr1	12011071	12011072	+	0.20438	mod_ratio	274	372	A	GGACC	ok	True
chr1	12011141	12011142	+	0.112426	mod_ratio	338	384	A	AGACT	ok	True
chr1	12011180	12011181	+	0.282738	mod_ratio	336	372	A	GAACA	ok	True
chr1	12011207	12011208	+	0.187713	mod_ratio	293	389	A	GAACC	ok	True
chr1	12012288	12012289	+	0.756477	mod_ratio	193	389	A	GGACC	ok	True
chr1	12012364	12012365	+	0.723404	mod_ratio	47	176	A	AGACA	ok	True
chr1	12012374	12012375	+	0.553846	mod_ratio	65	91	A	AGACC	ok	True
chr1	12023317	12023318	+	0.691358	mod_ratio	81	314	A	AAACC	ok	True
chr1	12023343	12023344	+	0.244444	mod_ratio	225	565	A	AAACA	ok	True
chr1	12023383	12023384	+	0.911695	mod_ratio	419	567	A	AAACG	ok	False
chr1	12023390	12023391	+	0.169456	mod_ratio	478	570	A	GGACA	ok	True
chr1	12023445	12023446	+	0.181818	mod_ratio	451	577	A	GGACC	ok	True
chr1	12023554	12023555	+	0.316103	mod_ratio	503	571	A	GAACA	ok	True
chr1	12023563	12023564	+	0.105651	mod_ratio	407	593	A	AAACC	ok	True
chr1	12023581	12023582	+	0.13986	mod_ratio	429	596	A	GAACC	ok	True
chr1	12024564	12024565	+	0.595819	mod_ratio	287	605	A	GGACC	ok	True
chr1	12024587	12024588	+	0.226277	mod_ratio	137	606	A	AAACT	ok	True
chr1	12024653	12024654	+	0.700375	mod_ratio	267	533	A	AGACG	ok	False
chr1	12066795	12066796	+	0.962963	mod_ratio	27	30	A	AAACG	ok	False
chr1	12150803	12150804	-	0.96	mod_ratio	25	36	T	TGTTT	ok	True
chr1	12150830	12150831	-	0.78125	mod_ratio	32	42	T	GGTTT	ok	True
chr1	12150933	12150934	-	0.977273	mod_ratio	44	50	T	TGTTT	ok	True
chr1	12178862	12178863	+	0.8125	mod_ratio	32	39	A	AGACG	ok	False
chr1	12178954	12178955	+	0.8	mod_ratio	35	41	A	AAACA	ok	True
chr1	12245106	12245107	-	0.766667	mod_ratio	30	36	T	GGTTT	ok	True
chr1	12246046	12246047	-	0.55	mod_ratio	40	45	T	AGTTT	ok	True
chr1	12265224	12265225	+	0.195312	mod_ratio	128	156	A	GAACC	ok	True
chr1	12266685	12266686	+	0.742424	mod_ratio	66	147	A	GGACC	ok	True
chr1	12267977	12267978	+	0.716981	mod_ratio	53	56	A	AAACG	ok	False
chr1	12268671	12268672	+	0.62	mod_ratio	50	59	A	AGACC	ok	True
chr1	12269174	12269175	+	0.836735	mod_ratio	49	69	A	GGACA	ok	True
chr1	12269291	12269292	+	0.393939	mod_ratio	66	73	A	AAACT	ok	True
chr1	12269583	12269584	+	0.68254	mod_ratio	63	76	A	GGACG	ok	False
chr1	12356099	12356100	+	0.826923	mod_ratio	52	68	A	AGACG	ok	False
chr1	12356932	12356933	+	0.323529	mod_ratio	68	74	A	GGACT	ok	True
chr1	12357650	12357651	+	0.726027	mod_ratio	73	82	A	AGACC	ok	True
chr1	12357665	12357666	+	0.444444	mod_ratio	63	82	A	GGACC	ok	True
chr1	12357732	12357733	+	0.476923	mod_ratio	65	83	A	AGACG	ok	False
chr1	12357924	12357925	+	0.896552	mod_ratio	29	104	A	AAACG	ok	False
chr1	12357955	12357956	+	0.530303	mod_ratio	66	141	A	AAACA	ok	True
chr1	12358125	12358126	-	0.575646	mod_ratio	271	420	T	TGTCT	ok	True
chr1	12358208	12358209	-	0.450928	mod_ratio	377	422	T	GGTCT	ok	True
chr1	12358572	12358573	-	0.724551	mod_ratio	334	404	T	TGTTT	ok	True
chr1	12358605	12358606	-	0.100865	mod_ratio	347	398	T	TGTCT	ok	True
chr1	12358710	12358711	-	0.583333	mod_ratio	168	229	T	GGTTT	ok	True
chr1	12358766	12358767	-	0.704615	mod_ratio	325	388	T	TGTCT	ok	True
chr1	12358921	12358922	-	0.936709	mod_ratio	79	120	T	TGTCT	ok	True
chr1	12370130	12370131	-	0.311594	mod_ratio	138	314	T	GATCC	ok	False
chr1	12370147	12370148	-	0.75	mod_ratio	56	440	T	TATCT	ok	False
chr1	12370178	12370179	-	0.564103	mod_ratio	39	454	T	TCTCT	ok	False
chr1	12370241	12370242	-	0.234657	mod_ratio	277	443	T	AGTCC	ok	True
chr1	12370310	12370311	-	0.109137	mod_ratio	394	472	T	AGTCT	ok	True
chr1	12370331	12370332	-	0.408629	mod_ratio	394	473	T	TGTCT	ok	True
chr1	12370344	12370345	-	0.636364	mod_ratio	66	467	T	TGTCC	ok	True
chr1	12370371	12370372	-	0.813299	mod_ratio	391	460	T	TGTCT	ok	True
chr1	12370387	12370388	-	0.191327	mod_ratio	392	469	T	GGTTT	ok	True
chr1	12370590	12370591	-	0.746073	mod_ratio	382	445	T	TGTTC	ok	True
chr1	12370602	12370603	-	0.257294	mod_ratio	377	459	T	AGTCT	ok	True
chr1	12370619	12370620	-	0.968	mod_ratio	375	457	T	TGTCT	ok	True
chr1	12551975	12551976	+	0.833333	mod_ratio	30	41	A	AAACG	ok	False
chr1	12552291	12552292	+	0.644444	mod_ratio	45	52	A	AAACC	ok	True
chr1	12587932	12587933	-	0.45283	mod_ratio	53	81	T	GGTTT	ok	True
chr1	12587936	12587937	-	0.658537	mod_ratio	41	66	T	TGTTC	ok	True
chr1	12588453	12588454	-	0.3875	mod_ratio	80	84	T	TGTTC	ok	True
chr1	12589738	12589739	-	0.529412	mod_ratio	51	61	T	AGTTT	ok	True
chr1	12867337	12867338	+	0.385714	mod_ratio	70	74	A	GAACG	ok	False
chr1	12867397	12867398	+	0.409836	mod_ratio	61	72	A	GAACT	ok	True
chr1	12867412	12867413	+	0.323529	mod_ratio	68	76	A	GAACG	ok	False
chr1	12867441	12867442	+	0.705882	mod_ratio	68	78	A	AAACG	ok	False
chr1	12867727	12867728	+	0.308642	mod_ratio	81	89	A	GAACA	ok	True
chr1	12868446	12868447	+	0.392405	mod_ratio	79	97	A	GGACG	ok	False
chr1	12959626	12959627	-	0.846154	mod_ratio	26	41	T	TGTCT	ok	True
chr1	12960535	12960536	-	0.609756	mod_ratio	41	46	T	GGTCT	ok	True
chr1	12979309	12979310	+	0.56	mod_ratio	50	54	A	AAACT	ok	True
chr1	13027045	13027046	+	0.78125	mod_ratio	32	35	A	AGACA	ok	True
chr1	13122352	13122353	-	0.474576	mod_ratio	59	73	T	AGTCT	ok	True
chr1	13122498	13122499	-	0.666667	mod_ratio	63	72	T	GGTTT	ok	True
chr1	13122699	13122700	-	0.4	mod_ratio	55	73	T	CGTCT	ok	False
chr1	13122722	13122723	-	0.796296	mod_ratio	54	72	T	TGTCT	ok	True
chr1	13123357	13123358	-	0.360656	mod_ratio	61	67	T	GGTCC	ok	True
chr1	13123452	13123453	-	0.796296	mod_ratio	54	65	T	GGTCC	ok	True
chr1	13124054	13124055	-	0.5	mod_ratio	44	50	T	TGTCT	ok	True
chr1	13124142	13124143	-	0.736842	mod_ratio	38	49	T	CGTCC	ok	False
chr1	13124183	13124184	-	0.942857	mod_ratio	35	46	T	CGTTT	ok	False
chr1	13208877	13208878	+	0.22658	mod_ratio	459	515	A	AAACC	ok	True
chr1	13208898	13208899	+	0.165179	mod_ratio	448	526	A	AAACC	ok	True
chr1	13208944	13208945	+	0.175481	mod_ratio	416	532	A	GAACC	ok	True
chr1	13208994	13208995	+	0.110619	mod_ratio	452	549	A	GAACC	ok	True
chr1	13209001	13209002	+	0.396694	mod_ratio	121	537	A	AGACT	ok	True
chr1	13209063	13209064	+	0.929719	mod_ratio	498	556	A	AAACG	ok	False
chr1	13209745	13209746	+	0.274286	mod_ratio	525	587	A	GAACA	ok	True
chr1	13209996	13209997	+	0.174484	mod_ratio	533	604	A	AGACA	ok	True
chr1	13210305	13210306	+	0.903553	mod_ratio	197	548	A	GGACC	ok	True
chr1	13210331	13210332	+	0.299611	mod_ratio	257	588	A	AGATT	ok	False
chr1	13210396	13210397	+	0.575	mod_ratio	40	139	A	AAACT	ok	True
chr1	13225987	13225988	+	0.410359	mod_ratio	251	282	A	GAACG	ok	False
chr1	13226030	13226031	+	0.253968	mod_ratio	252	291	A	GAACA	ok	True
chr1	13226064	13226065	+	0.16055	mod_ratio	218	296	A	AAACC	ok	True
chr1	13226088	13226089	+	0.159091	mod_ratio	264	298	A	AGACT	ok	True
chr1	13226233	13226234	+	0.152091	mod_ratio	263	302	A	GAACC	ok	True
chr1	13226282	13226283	+	0.101887	mod_ratio	265	308	A	GGACT	ok	True
chr1	13226526	13226527	+	0.186813	mod_ratio	273	337	A	GGACA	ok	True
chr1	13226710	13226711	+	0.295238	mod_ratio	210	365	A	AGACC	ok	True
chr1	13226756	13226757	+	0.354839	mod_ratio	310	365	A	AAACT	ok	True
chr1	13226762	13226763	+	0.441718	mod_ratio	326	367	A	GAACT	ok	True
chr1	13226847	13226848	+	0.18123	mod_ratio	309	377	A	GAACA	ok	True
chr1	13226961	13226962	+	0.121118	mod_ratio	322	379	A	AAACA	ok	True
chr1	13227051	13227052	+	0.295455	mod_ratio	220	374	A	AAACC	ok	True
chr1	13543069	13543070	+	0.888889	mod_ratio	27	33	A	GGACC	ok	True
chr1	13543452	13543453	+	0.72973	mod_ratio	37	43	A	GGACA	ok	True
chr1	13672954	13672955	+	0.363636	mod_ratio	77	90	A	AAACG	ok	False
chr1	13673210	13673211	+	0.564706	mod_ratio	85	94	A	GGACA	ok	True
chr1	13673648	13673649	+	0.677966	mod_ratio	59	104	A	GGACG	ok	False
chr1	13673902	13673903	+	0.244898	mod_ratio	98	106	A	GAACA	ok	True
chr1	13696424	13696425	-	0.822222	mod_ratio	45	59	T	TGTCT	ok	True
chr1	13696469	13696470	-	0.471698	mod_ratio	53	57	T	TGTCC	ok	True
chr1	13696608	13696609	-	0.468085	mod_ratio	47	56	T	CGTCT	ok	False
chr1	13697592	13697593	-	0.823529	mod_ratio	34	40	T	TGTCT	ok	True
chr1	13701864	13701865	-	0.770833	mod_ratio	48	59	T	GGTCC	ok	True
chr1	13701891	13701892	-	0.826087	mod_ratio	46	57	T	GGTCT	ok	True
chr1	13703149	13703150	-	0.909091	mod_ratio	33	46	T	CGTTT	ok	False
chr1	13898504	13898505	-	0.69863	mod_ratio	73	95	T	TGTCT	ok	True
chr1	13899051	13899052	-	0.720588	mod_ratio	68	76	T	CGTCC	ok	False
chr1	13899078	13899079	-	0.492308	mod_ratio	65	71	T	AGTTT	ok	True
chr1	13899094	13899095	-	0.804348	mod_ratio	46	60	T	TGTTT	ok	True
chr1	14025115	14025116	+	0.711712	mod_ratio	111	141	A	GGACC	ok	True
chr1	14026709	14026710	+	0.658915	mod_ratio	129	149	A	GGACA	ok	True
chr1	14026883	14026884	+	0.390625	mod_ratio	128	152	A	AAACT	ok	True
chr1	14158668	14158669	+	0.435294	mod_ratio	170	186	A	GAACG	ok	False
chr1	14158690	14158691	+	0.429448	mod_ratio	163	177	A	AAACC	ok	True
chr1	14158739	14158740	+	0.743119	mod_ratio	109	128	A	AAACC	ok	True
chr1	14158742	14158743	+	0.372881	mod_ratio	59	175	A	CCACC	ok	False
chr1	14158751	14158752	+	0.300654	mod_ratio	153	184	A	AAACC	ok	True
chr1	14158765	14158766	+	0.929412	mod_ratio	170	190	A	AAACC	ok	True
chr1	14158820	14158821	+	0.207317	mod_ratio	164	183	A	AGACA	ok	True
chr1	14158882	14158883	+	0.320988	mod_ratio	162	193	A	GAACC	ok	True
chr1	14158896	14158897	+	0.695652	mod_ratio	161	197	A	GGACC	ok	True
chr1	14158905	14158906	+	0.379845	mod_ratio	129	198	A	GGACG	ok	False
chr1	14159113	14159114	+	0.516129	mod_ratio	155	202	A	AAACG	ok	False
chr1	14159136	14159137	+	0.134503	mod_ratio	171	207	A	GGACC	ok	True
chr1	14159209	14159210	+	0.370968	mod_ratio	186	210	A	GAACA	ok	True
chr1	14159214	14159215	+	0.21875	mod_ratio	192	210	A	GAACA	ok	True
chr1	14159387	14159388	+	0.261084	mod_ratio	203	222	A	GAACT	ok	True
chr1	14159408	14159409	+	0.392857	mod_ratio	196	223	A	GAACG	ok	False
chr1	14159472	14159473	+	0.746269	mod_ratio	134	228	A	AAACG	ok	False
chr1	14159493	14159494	+	0.211055	mod_ratio	199	222	A	AGACC	ok	True
chr1	14159560	14159561	+	0.919598	mod_ratio	199	237	A	AAACG	ok	False
chr1	14159610	14159611	+	0.203883	mod_ratio	206	237	A	GGACA	ok	True
chr1	14159644	14159645	+	0.316279	mod_ratio	215	241	A	GAACT	ok	True
chr1	14159886	14159887	+	0.604278	mod_ratio	187	249	A	AAACA	ok	True
chr1	14159892	14159893	+	0.344037	mod_ratio	218	248	A	AAACT	ok	True
chr1	14160141	14160142	+	0.76494	mod_ratio	251	274	A	GAACG	ok	False
chr1	14160174	14160175	+	0.272	mod_ratio	250	272	A	AAACA	ok	True
chr1	14160231	14160232	+	0.290598	mod_ratio	234	275	A	GGACT	ok	True
chr1	14160270	14160271	+	0.502075	mod_ratio	241	278	A	GGACG	ok	False
chr1	14160275	14160276	+	0.194093	mod_ratio	237	277	A	AGACT	ok	True
chr1	14160445	14160446	+	0.195572	mod_ratio	271	294	A	GAACG	ok	False
chr1	14160513	14160514	+	0.100386	mod_ratio	259	295	A	GAACA	ok	True
chr1	14160592	14160593	+	0.235043	mod_ratio	234	309	A	GGACA	ok	True
chr1	14160855	14160856	+	0.161404	mod_ratio	285	336	A	GAACC	ok	True
chr1	14161152	14161153	+	0.235821	mod_ratio	335	377	A	AGACT	ok	True
chr1	14161283	14161284	+	0.474522	mod_ratio	314	408	A	GAACC	ok	True
chr1	14161343	14161344	+	0.508571	mod_ratio	350	406	A	AGACT	ok	True
chr1	14161373	14161374	+	0.228758	mod_ratio	306	411	A	GGACC	ok	True
chr1	14161431	14161432	+	0.272455	mod_ratio	334	426	A	GGACC	ok	True
chr1	14161680	14161681	+	0.387006	mod_ratio	354	447	A	AAACG	ok	False
chr1	15604008	15604009	-	0.457627	mod_ratio	59	67	T	TGTCC	ok	True
chr1	15604020	15604021	-	0.981132	mod_ratio	53	67	T	TGTCT	ok	True
chr1	15604063	15604064	-	0.811321	mod_ratio	53	64	T	TGTCT	ok	True
chr1	15604085	15604086	-	0.520833	mod_ratio	48	63	T	TGTCC	ok	True
chr1	15604504	15604505	-	0.657895	mod_ratio	38	51	T	GGTTT	ok	True
chr1	15604508	15604509	-	0.75	mod_ratio	48	51	T	TGTCT	ok	True
chr1	15604630	15604631	-	0.704545	mod_ratio	44	50	T	TGTCC	ok	True
chr1	15605060	15605061	-	0.928571	mod_ratio	28	37	T	CGTCC	ok	False
chr1	15605266	15605267	-	0.84375	mod_ratio	32	36	T	CGTTT	ok	False
chr1	15651147	15651148	-	0.238994	mod_ratio	477	575	T	AGTTC	ok	True
chr1	15651161	15651162	-	0.685714	mod_ratio	35	598	T	TATCT	ok	False
chr1	15651178	15651179	-	0.565217	mod_ratio	46	66	T	TGTTT	ok	True
chr1	15651188	15651189	-	0.586279	mod_ratio	481	618	T	CGTCT	ok	False
chr1	15651218	15651219	-	0.678643	mod_ratio	501	582	T	AGTTT	ok	True
chr1	15651732	15651733	-	0.875666	mod_ratio	563	613	T	GGTTT	ok	True
chr1	15651930	15651931	-	0.117878	mod_ratio	509	594	T	GGTTC	ok	True
chr1	15652270	15652271	-	0.835351	mod_ratio	413	499	T	TGTTC	ok	True
chr1	15652418	15652419	-	0.679012	mod_ratio	405	569	T	CGTCC	ok	False
chr1	16125844	16125845	+	0.31746	mod_ratio	126	189	A	AGACA	ok	True
chr1	16126272	16126273	+	0.32	mod_ratio	175	214	A	GGACT	ok	True
chr1	16126290	16126291	+	0.144444	mod_ratio	180	205	A	AAACT	ok	True
chr1	16127501	16127502	+	0.688889	mod_ratio	45	105	A	AAACT	ok	True
chr1	16127962	16127963	+	0.826736	mod_ratio	1339	1528	A	AAACT	ok	True
chr1	16128033	16128034	+	0.337233	mod_ratio	1453	1568	A	AGACT	ok	True
chr1	16128188	16128189	+	0.201117	mod_ratio	1432	1592	A	GAACC	ok	True
chr1	16128216	16128217	+	0.506329	mod_ratio	79	1619	A	GGACA	ok	True
chr1	16128224	16128225	+	0.357784	mod_ratio	1336	1578	A	AAACT	ok	True
chr1	16128270	16128271	+	0.225399	mod_ratio	1504	1623	A	AGACC	ok	True
chr1	16128541	16128542	+	0.302812	mod_ratio	1529	1716	A	AGACT	ok	True
chr1	16128839	16128840	+	0.104121	mod_ratio	461	1771	A	AGACC	ok	True
chr1	16128971	16128972	+	0.201363	mod_ratio	1614	1844	A	GGACC	ok	True
chr1	16129001	16129002	+	0.353275	mod_ratio	1588	1844	A	GAACA	ok	True
chr1	16129068	16129069	+	0.120773	mod_ratio	207	1759	A	AAACT	ok	True
chr1	16129073	16129074	+	0.823529	mod_ratio	34	1915	A	TAACG	ok	False
chr1	16129103	16129104	+	0.756455	mod_ratio	1704	1914	A	AAACG	ok	False
chr1	16129130	16129131	+	0.25603	mod_ratio	1617	1925	A	AAACG	ok	False
chr1	16129150	16129151	+	0.717949	mod_ratio	39	1956	A	TGACA	ok	True
chr1	16129166	16129167	+	0.398148	mod_ratio	108	2004	A	GAACG	ok	False
chr1	16129214	16129215	+	0.489362	mod_ratio	1739	2039	A	AGACG	ok	False
chr1	16129545	16129546	+	0.393599	mod_ratio	1781	2136	A	AGACA	ok	True
chr1	16129549	16129550	+	0.402994	mod_ratio	1737	2124	A	AAACC	ok	True
chr1	16129584	16129585	+	0.226738	mod_ratio	1870	2127	A	GAACA	ok	True
chr1	16129620	16129621	+	0.465347	mod_ratio	101	2106	A	AAAAC	ok	False
chr1	16129621	16129622	+	0.392606	mod_ratio	1704	2107	A	AAACA	ok	True
chr1	16129719	16129720	+	0.389592	mod_ratio	711	919	A	AGACT	ok	True
chr1	16129768	16129769	+	0.768683	mod_ratio	281	412	A	AAACG	ok	False
chr1	16267288	16267289	+	0.147465	mod_ratio	434	472	A	AAACC	ok	True
chr1	16267362	16267363	+	0.634845	mod_ratio	419	478	A	AAACC	ok	True
chr1	16267509	16267510	+	0.397516	mod_ratio	322	390	A	AGACA	ok	True
chr1	16267511	16267512	+	0.725	mod_ratio	80	459	A	ACACC	ok	False
chr1	16267576	16267577	+	0.217822	mod_ratio	404	507	A	GAACA	ok	True
chr1	16268174	16268175	+	0.191626	mod_ratio	621	685	A	GAACG	ok	False
chr1	16268373	16268374	+	0.463415	mod_ratio	533	669	A	GGACT	ok	True
chr1	16268489	16268490	+	0.934319	mod_ratio	609	746	A	AGACA	ok	True
chr1	16268537	16268538	+	0.398507	mod_ratio	670	746	A	AAACT	ok	True
chr1	16268570	16268571	+	0.415541	mod_ratio	592	735	A	GGACA	ok	True
chr1	16268713	16268714	+	0.179487	mod_ratio	156	703	A	AAACA	ok	True
chr1	16268768	16268769	+	0.78934	mod_ratio	394	570	A	AAACG	ok	False
chr1	16268792	16268793	+	0.368715	mod_ratio	179	288	A	AGACT	ok	True
chr1	16268823	16268824	+	0.464286	mod_ratio	56	136	A	AAACC	ok	True
chr1	16398324	16398325	-	0.252525	mod_ratio	99	113	T	TGTTC	ok	True
chr1	16398348	16398349	-	0.468254	mod_ratio	126	141	T	GGTTT	ok	True
chr1	16398364	16398365	-	0.915888	mod_ratio	107	119	T	TGTTT	ok	True
chr1	16398599	16398600	-	0.375	mod_ratio	112	140	T	GGTCC	ok	True
chr1	16398720	16398721	-	0.358974	mod_ratio	117	130	T	TGTTT	ok	True
chr1	16398889	16398890	-	0.252174	mod_ratio	115	130	T	GGTTT	ok	True
chr1	16399749	16399750	-	0.317308	mod_ratio	104	123	T	AGTTC	ok	True
chr1	16468604	16468605	+	0.437037	mod_ratio	135	155	A	AAACA	ok	True
chr1	16469026	16469027	+	0.675497	mod_ratio	151	159	A	AAACA	ok	True
chr1	16469190	16469191	+	0.696721	mod_ratio	122	161	A	GGACC	ok	True
chr1	16469227	16469228	+	0.58	mod_ratio	150	176	A	AAACC	ok	True
chr1	16469395	16469396	+	0.65	mod_ratio	160	178	A	GAACC	ok	True
chr1	16469420	16469421	+	0.242236	mod_ratio	161	181	A	GGACC	ok	True
chr1	16469456	16469457	+	0.185629	mod_ratio	167	184	A	GGACA	ok	True
chr1	16469590	16469591	+	0.202312	mod_ratio	173	188	A	GAACT	ok	True
chr1	16470240	16470241	+	0.172222	mod_ratio	180	201	A	AGACC	ok	True
chr1	16484381	16484382	+	0.896552	mod_ratio	29	30	A	AAACG	ok	False
chr1	16485945	16485946	+	0.780488	mod_ratio	41	41	A	AAACG	ok	False
chr1	16486451	16486452	-	0.436364	mod_ratio	55	60	T	AGTTC	ok	True
chr1	16486752	16486753	-	0.653061	mod_ratio	49	58	T	CGTTC	ok	False
chr1	16486834	16486835	-	0.54	mod_ratio	50	60	T	CGTTT	ok	False
chr1	16486885	16486886	-	0.436364	mod_ratio	55	59	T	TGTTT	ok	True
chr1	16486992	16486993	-	0.529412	mod_ratio	51	56	T	TGTTC	ok	True
chr1	16487185	16487186	-	0.931818	mod_ratio	44	52	T	CGTTT	ok	False
chr1	16487316	16487317	-	0.5	mod_ratio	46	51	T	CGTTC	ok	False
chr1	16575942	16575943	+	0.469388	mod_ratio	49	64	A	AAACA	ok	True
chr1	16646950	16646951	+	0.353846	mod_ratio	65	72	A	GGACA	ok	True
chr1	16647199	16647200	+	0.34375	mod_ratio	64	78	A	AAACT	ok	True
chr1	16647745	16647746	+	0.384615	mod_ratio	65	78	A	GGACG	ok	False
chr1	16647903	16647904	+	0.289474	mod_ratio	76	84	A	AAACC	ok	True
chr1	16647912	16647913	+	0.657895	mod_ratio	76	83	A	AGACA	ok	True
chr1	16648395	16648396	+	0.447368	mod_ratio	76	89	A	AGACA	ok	True
chr1	16708198	16708199	-	0.777174	mod_ratio	184	255	T	TGTCT	ok	True
chr1	16708410	16708411	-	0.472	mod_ratio	125	264	T	GGTCC	ok	True
chr1	16708802	16708803	-	0.845	mod_ratio	200	237	T	CGTTT	ok	False
chr1	16796562	16796563	-	0.896552	mod_ratio	29	42	T	CGTTT	ok	False
chr1	16797330	16797331	-	0.875	mod_ratio	32	39	T	CGTCT	ok	False
chr1	16848478	16848479	-	0.2	mod_ratio	185	208	T	TGTCC	ok	True
chr1	16848505	16848506	-	0.26178	mod_ratio	191	205	T	TGTTT	ok	True
chr1	16848514	16848515	-	0.27907	mod_ratio	86	147	T	GGTTT	ok	True
chr1	16848603	16848604	-	0.713592	mod_ratio	206	228	T	TGTCT	ok	True
chr1	16848681	16848682	-	0.717391	mod_ratio	184	217	T	AGTTT	ok	True
chr1	16848706	16848707	-	0.195767	mod_ratio	189	223	T	CGTTC	ok	False
chr1	16848775	16848776	-	0.909574	mod_ratio	188	206	T	CGTTT	ok	False
chr1	16848795	16848796	-	0.651741	mod_ratio	201	214	T	TGTCC	ok	True
chr1	16848820	16848821	-	0.784211	mod_ratio	190	208	T	CGTTT	ok	False
chr1	16848914	16848915	-	0.337209	mod_ratio	172	197	T	TGTTC	ok	True
chr1	16848938	16848939	-	0.478723	mod_ratio	188	203	T	TGTTC	ok	True
chr1	16849003	16849004	-	0.441379	mod_ratio	145	200	T	TGTCT	ok	True
chr1	16849130	16849131	-	0.544304	mod_ratio	158	163	T	GGTTT	ok	True
chr1	16849371	16849372	-	0.217949	mod_ratio	156	169	T	TGTTC	ok	True
chr1	16849384	16849385	-	0.73125	mod_ratio	160	169	T	GGTCC	ok	True
chr1	16849765	16849766	-	0.313253	mod_ratio	83	156	T	CGTCC	ok	False
chr1	16849870	16849871	-	0.369565	mod_ratio	138	149	T	TGTTC	ok	True
chr1	16850085	16850086	-	0.284553	mod_ratio	123	136	T	TGTTT	ok	True
chr1	16850138	16850139	-	0.520325	mod_ratio	123	131	T	GGTTT	ok	True
chr1	16850211	16850212	-	0.774775	mod_ratio	111	129	T	TGTCT	ok	True
chr1	16851094	16851095	-	0.432432	mod_ratio	74	100	T	GGTTT	ok	True
chr1	16871776	16871777	+	0.413113	mod_ratio	1876	2214	A	AAACC	ok	True
chr1	16871873	16871874	+	0.209302	mod_ratio	172	2284	A	AAACT	ok	True
chr1	16871901	16871902	+	0.532151	mod_ratio	451	2326	A	AGACA	ok	True
chr1	16871931	16871932	+	0.470674	mod_ratio	2046	2349	A	AAACC	ok	True
chr1	16871938	16871939	+	0.120627	mod_ratio	1915	2353	A	AAACC	ok	True
chr1	16872085	16872086	+	0.336881	mod_ratio	2161	2407	A	GAACG	ok	False
chr1	16872296	16872297	+	0.378378	mod_ratio	148	2525	A	AGACA	ok	True
chr1	16872381	16872382	+	0.251951	mod_ratio	897	2598	A	AGACA	ok	True
chr1	16872447	16872448	+	0.576112	mod_ratio	1708	2570	A	AAACG	ok	False
chr1	16872973	16872974	+	0.651163	mod_ratio	43	2660	A	GAACG	ok	False
chr1	16873074	16873075	+	0.768269	mod_ratio	2080	2722	A	AGACC	ok	True
chr1	16873100	16873101	+	0.191163	mod_ratio	2150	2602	A	GAACC	ok	True
chr1	16873117	16873118	+	0.817982	mod_ratio	2280	2723	A	AAACG	ok	False
chr1	16873248	16873249	+	0.628012	mod_ratio	1992	2518	A	AGACA	ok	True
chr1	16873262	16873263	+	0.403885	mod_ratio	1493	2395	A	GGACA	ok	True
chr1	16908994	16908995	-	0.827586	mod_ratio	29	33	T	TGTCT	ok	True
chr1	16912439	16912440	-	0.761905	mod_ratio	42	54	T	TGTCT	ok	True
chr1	16912653	16912654	-	0.78125	mod_ratio	32	51	T	TGTTT	ok	True
chr1	16912688	16912689	-	0.833333	mod_ratio	42	52	T	TGTCT	ok	True
chr1	16914139	16914140	-	0.897436	mod_ratio	39	44	T	CGTTT	ok	False
chr1	16914955	16914956	-	0.702128	mod_ratio	47	54	T	CGTTT	ok	False
chr1	16915336	16915337	-	0.775	mod_ratio	40	49	T	CGTCT	ok	False
chr1	16983237	16983238	-	0.441176	mod_ratio	68	81	T	CGTCT	ok	False
chr1	16983732	16983733	-	0.619048	mod_ratio	63	75	T	CGTCC	ok	False
chr1	16984126	16984127	-	0.4	mod_ratio	60	66	T	GGTTT	ok	True
chr1	16984182	16984183	-	0.981481	mod_ratio	54	58	T	TGTTT	ok	True
chr1	16984339	16984340	-	0.415094	mod_ratio	53	59	T	GGTTT	ok	True
chr1	17009635	17009636	+	0.5	mod_ratio	66	72	A	AAACT	ok	True
chr1	17009889	17009890	+	0.476923	mod_ratio	65	75	A	GAACT	ok	True
chr1	17010187	17010188	+	0.661017	mod_ratio	59	76	A	AAACC	ok	True
chr1	17010373	17010374	+	0.53125	mod_ratio	64	80	A	GGACC	ok	True
chr1	17011242	17011243	+	0.381579	mod_ratio	76	96	A	AAACT	ok	True
chr1	17075522	17075523	-	0.207692	mod_ratio	130	151	T	AGTCT	ok	True
chr1	17076172	17076173	-	0.312977	mod_ratio	131	147	T	AGTTT	ok	True
chr1	17076206	17076207	-	0.496	mod_ratio	125	148	T	CGTTC	ok	False
chr1	17126867	17126868	+	0.170886	mod_ratio	158	174	A	GAACC	ok	True
chr1	17127139	17127140	+	0.939024	mod_ratio	164	192	A	AGACA	ok	True
chr1	17127174	17127175	+	0.16	mod_ratio	175	192	A	GAACC	ok	True
chr1	17127298	17127299	+	0.666667	mod_ratio	156	205	A	GGACA	ok	True
chr1	17127451	17127452	+	0.176471	mod_ratio	204	224	A	GGACC	ok	True
chr1	17128443	17128444	+	0.347594	mod_ratio	187	244	A	AAACT	ok	True
chr1	17128462	17128463	+	0.172249	mod_ratio	209	242	A	GAACT	ok	True
chr1	17169744	17169745	-	0.391304	mod_ratio	69	74	T	AGTTC	ok	True
chr1	17169794	17169795	-	0.324324	mod_ratio	74	82	T	TGTCT	ok	True
chr1	17169848	17169849	-	0.558824	mod_ratio	68	79	T	AGTTT	ok	True
chr1	17169880	17169881	-	0.319444	mod_ratio	72	81	T	TGTTC	ok	True
chr1	17169903	17169904	-	0.472222	mod_ratio	72	80	T	TGTCT	ok	True
chr1	17179486	17179487	+	0.457895	mod_ratio	190	223	A	GAACG	ok	False
chr1	17179507	17179508	+	0.172973	mod_ratio	185	220	A	GGACT	ok	True
chr1	17179836	17179837	+	0.443182	mod_ratio	176	212	A	GGACC	ok	True
chr1	17180030	17180031	+	0.113122	mod_ratio	221	250	A	AGACT	ok	True
chr1	17180151	17180152	+	0.469484	mod_ratio	213	262	A	AAACC	ok	True
chr1	17180403	17180404	+	0.5	mod_ratio	220	259	A	AGACC	ok	True
chr1	17180415	17180416	+	0.268041	mod_ratio	194	252	A	AAACC	ok	True
chr1	17191782	17191783	+	0.871795	mod_ratio	39	42	A	AAACG	ok	False
chr1	17191971	17191972	+	0.666667	mod_ratio	39	44	A	AAACC	ok	True
chr1	17282992	17282993	-	0.644366	mod_ratio	284	597	T	GGTCC	ok	True
chr1	17283137	17283138	-	0.492395	mod_ratio	526	589	T	TGTTT	ok	True
chr1	17283217	17283218	-	0.219355	mod_ratio	465	602	T	TGTTC	ok	True
chr1	17283332	17283333	-	0.130597	mod_ratio	536	624	T	GGTTC	ok	True
chr1	17283537	17283538	-	0.15444	mod_ratio	518	584	T	GGTCC	ok	True
chr1	17283582	17283583	-	0.152381	mod_ratio	525	580	T	GGTTC	ok	True
chr1	17283673	17283674	-	0.131635	mod_ratio	471	558	T	AGTTT	ok	True
chr1	17283707	17283708	-	0.2	mod_ratio	515	559	T	AGTTC	ok	True
chr1	17283736	17283737	-	0.546039	mod_ratio	467	554	T	GGTCT	ok	True
chr1	17283746	17283747	-	0.281837	mod_ratio	479	543	T	TGTTC	ok	True
chr1	17284254	17284255	-	0.290909	mod_ratio	110	140	T	CGTTT	ok	False
chr1	17284374	17284375	-	0.175732	mod_ratio	478	511	T	AGTTC	ok	True
chr1	17284547	17284548	-	0.30411	mod_ratio	365	477	T	GGTTT	ok	True
chr1	17285236	17285237	-	0.122807	mod_ratio	399	446	T	AGTCC	ok	True
chr1	17285418	17285419	-	0.121127	mod_ratio	355	387	T	AGTTC	ok	True
chr1	17285441	17285442	-	0.602888	mod_ratio	277	380	T	TGTTT	ok	True
chr1	17298704	17298705	-	0.822222	mod_ratio	45	52	T	TGTCT	ok	True
chr1	17321192	17321193	-	0.25	mod_ratio	96	109	T	TGTTT	ok	True
chr1	17321340	17321341	-	0.454545	mod_ratio	110	154	T	TGTCT	ok	True
chr1	17321466	17321467	-	0.367521	mod_ratio	117	155	T	AGTTT	ok	True
chr1	17321504	17321505	-	0.496403	mod_ratio	139	159	T	CGTCC	ok	False
chr1	17322327	17322328	-	0.745763	mod_ratio	118	141	T	TGTTT	ok	True
chr1	17322360	17322361	-	0.31746	mod_ratio	126	140	T	TGTTT	ok	True
chr1	17322568	17322569	-	0.337209	mod_ratio	86	140	T	TGTCC	ok	True
chr1	17322647	17322648	-	0.396552	mod_ratio	116	137	T	CGTCC	ok	False
chr1	17323069	17323070	-	0.539823	mod_ratio	113	130	T	CGTCC	ok	False
chr1	17323295	17323296	-	0.398058	mod_ratio	103	128	T	AGTTC	ok	True
chr1	17323332	17323333	-	0.407407	mod_ratio	108	127	T	CGTCC	ok	False
chr1	17395597	17395598	-	0.392	mod_ratio	125	160	T	AGTTT	ok	True
chr1	17395675	17395676	-	0.43956	mod_ratio	91	151	T	TGTCT	ok	True
chr1	17395772	17395773	-	0.58	mod_ratio	50	185	T	GTTTT	ok	False
chr1	17395814	17395815	-	0.19708	mod_ratio	137	182	T	GGTTC	ok	True
chr1	17396235	17396236	-	0.15528	mod_ratio	161	177	T	GGTTC	ok	True
chr1	17396245	17396246	-	0.142857	mod_ratio	154	176	T	AGTCT	ok	True
chr1	17396542	17396543	-	0.455357	mod_ratio	112	135	T	GGTTT	ok	True
chr1	17396675	17396676	-	0.688	mod_ratio	125	151	T	TGTCC	ok	True
chr1	17396882	17396883	-	0.496063	mod_ratio	127	143	T	CGTTC	ok	False
chr1	17396904	17396905	-	0.524194	mod_ratio	124	144	T	CGTCC	ok	False
chr1	17397124	17397125	-	0.569106	mod_ratio	123	139	T	AGTTC	ok	True
chr1	17397161	17397162	-	0.291667	mod_ratio	120	138	T	CGTCC	ok	False
chr1	17426447	17426448	+	0.767442	mod_ratio	43	48	A	AAACT	ok	True
chr1	17427219	17427220	+	0.511628	mod_ratio	43	53	A	GGACA	ok	True
chr1	17452931	17452932	+	0.851852	mod_ratio	54	65	A	AGACG	ok	False
chr1	17453608	17453609	+	0.403509	mod_ratio	57	73	A	AAACC	ok	True
chr1	17453651	17453652	+	0.563636	mod_ratio	55	74	A	GAACA	ok	True
chr1	17454127	17454128	+	0.362319	mod_ratio	69	87	A	GGACG	ok	False
chr1	17485861	17485862	+	0.628571	mod_ratio	35	39	A	AAACT	ok	True
chr1	17486228	17486229	+	0.585366	mod_ratio	41	49	A	GGACG	ok	False
chr1	17486430	17486431	+	0.923077	mod_ratio	26	40	A	AAACT	ok	True
chr1	17567909	17567910	+	0.75	mod_ratio	32	35	A	GAACG	ok	False
chr1	17568920	17568921	+	0.764706	mod_ratio	34	42	A	AGACA	ok	True
chr1	17568995	17568996	+	0.578947	mod_ratio	38	43	A	AAACG	ok	False
chr1	17613248	17613249	-	0.805556	mod_ratio	36	54	T	TGTCT	ok	True
chr1	17614073	17614074	-	0.730769	mod_ratio	52	62	T	GGTCC	ok	True
chr1	17717582	17717583	-	0.778409	mod_ratio	176	229	T	CGTTT	ok	False
chr1	17717745	17717746	-	0.513274	mod_ratio	113	128	T	GGTTT	ok	True
chr1	17718076	17718077	-	0.48366	mod_ratio	153	177	T	GGTTC	ok	True
chr1	17718129	17718130	-	0.283019	mod_ratio	159	174	T	AGTCT	ok	True
chr1	17718554	17718555	-	0.234848	mod_ratio	132	140	T	GGTTC	ok	True
chr1	17718919	17718920	-	0.682692	mod_ratio	104	125	T	CGTTT	ok	False
chr1	17719082	17719083	-	0.423913	mod_ratio	92	111	T	AGTTT	ok	True
chr1	17782133	17782134	+	0.846154	mod_ratio	26	37	A	AGACG	ok	False
chr1	17847279	17847280	+	0.33871	mod_ratio	124	149	A	GAACC	ok	True
chr1	17847519	17847520	+	0.429577	mod_ratio	142	162	A	AGACC	ok	True
chr1	17847525	17847526	+	0.878571	mod_ratio	140	163	A	AGACA	ok	True
chr1	17847745	17847746	+	0.169811	mod_ratio	159	173	A	GGACT	ok	True
chr1	17847836	17847837	+	0.47651	mod_ratio	149	180	A	AAACC	ok	True
chr1	17847948	17847949	+	0.154321	mod_ratio	162	187	A	AAACA	ok	True
chr1	17847983	17847984	+	0.707317	mod_ratio	164	196	A	GGACA	ok	True
chr1	17848174	17848175	+	0.532609	mod_ratio	184	216	A	AAACG	ok	False
chr1	17848224	17848225	+	0.452736	mod_ratio	201	222	A	GGACA	ok	True
chr1	17848350	17848351	+	0.787234	mod_ratio	188	227	A	AAACG	ok	False
chr1	17848442	17848443	+	0.358491	mod_ratio	106	135	A	AGACC	ok	True
chr1	17867336	17867337	+	0.277108	mod_ratio	415	496	A	GGACT	ok	True
chr1	17867363	17867364	+	0.467337	mod_ratio	398	501	A	AAACC	ok	True
chr1	17867415	17867416	+	0.134804	mod_ratio	408	510	A	AAACC	ok	True
chr1	17867421	17867422	+	0.25908	mod_ratio	413	504	A	AAACC	ok	True
chr1	17867855	17867856	+	0.263158	mod_ratio	456	523	A	AAACA	ok	True
chr1	17867928	17867929	+	0.473799	mod_ratio	458	533	A	AAACC	ok	True
chr1	17867961	17867962	+	0.441247	mod_ratio	417	516	A	GGACC	ok	True
chr1	17868163	17868164	+	0.302714	mod_ratio	479	546	A	GGACG	ok	False
chr1	17868196	17868197	+	0.223214	mod_ratio	112	521	A	GAACA	ok	True
chr1	17868248	17868249	+	0.362989	mod_ratio	281	539	A	GAACA	ok	True
chr1	17886217	17886218	-	0.65625	mod_ratio	64	75	T	AGTCT	ok	True
chr1	17886426	17886427	-	0.8	mod_ratio	65	78	T	TGTCT	ok	True
chr1	17888115	17888116	-	0.805556	mod_ratio	36	48	T	CGTTT	ok	False
chr1	17888523	17888524	-	0.631579	mod_ratio	38	43	T	TGTCC	ok	True
chr1	17896642	17896643	-	0.793103	mod_ratio	29	35	T	CGTCC	ok	False
chr1	17896725	17896726	-	0.666667	mod_ratio	48	57	T	TGTCT	ok	True
chr1	17907169	17907170	+	0.380952	mod_ratio	84	98	A	AAACG	ok	False
chr1	17908418	17908419	+	0.702703	mod_ratio	37	88	A	GGACC	ok	True
chr1	17908429	17908430	+	0.445652	mod_ratio	92	104	A	AAACT	ok	True
chr1	17908791	17908792	-	0.686747	mod_ratio	83	98	T	CGTCC	ok	False
chr1	17908869	17908870	-	0.654321	mod_ratio	81	96	T	CGTCC	ok	False
chr1	17908996	17908997	-	0.703704	mod_ratio	81	91	T	GGTTT	ok	True
chr1	17909097	17909098	-	0.464286	mod_ratio	84	92	T	CGTCT	ok	False
chr1	17909103	17909104	-	0.644737	mod_ratio	76	91	T	GGTTT	ok	True
chr1	17909297	17909298	-	0.515152	mod_ratio	66	85	T	TGTCC	ok	True
chr1	17909690	17909691	-	0.729167	mod_ratio	48	68	T	TGTTC	ok	True
chr1	17909731	17909732	-	0.666667	mod_ratio	57	68	T	CGTCT	ok	False
chr1	17909751	17909752	-	0.689655	mod_ratio	58	64	T	TGTTC	ok	True
chr1	17909763	17909764	-	0.678571	mod_ratio	56	64	T	TGTTC	ok	True
chr1	17909820	17909821	-	0.706897	mod_ratio	58	68	T	TGTCC	ok	True
chr1	17909940	17909941	-	0.465517	mod_ratio	58	63	T	GGTCT	ok	True
chr1	17910213	17910214	-	0.795918	mod_ratio	49	63	T	ACTCT	ok	False
chr1	17910340	17910341	-	0.788462	mod_ratio	52	61	T	CGTCC	ok	False
chr1	17967076	17967077	+	0.666667	mod_ratio	51	56	A	GAACT	ok	True
chr1	17967159	17967160	+	0.766667	mod_ratio	30	55	A	GGACA	ok	True
chr1	17967638	17967639	+	0.46	mod_ratio	50	57	A	AGACA	ok	True
chr1	17967886	17967887	+	0.442308	mod_ratio	52	66	A	GGACA	ok	True
chr1	17968059	17968060	+	0.8	mod_ratio	65	70	A	AGACA	ok	True
chr1	17968094	17968095	+	0.580645	mod_ratio	62	70	A	AAACC	ok	True
chr1	17968100	17968101	+	0.548387	mod_ratio	62	71	A	GGACA	ok	True
chr1	17968479	17968480	+	0.460317	mod_ratio	63	74	A	AAACC	ok	True
chr1	17969098	17969099	+	0.323944	mod_ratio	71	82	A	AAACT	ok	True
chr1	17969127	17969128	+	0.428571	mod_ratio	56	79	A	AAACC	ok	True
chr1	17969171	17969172	+	0.567164	mod_ratio	67	81	A	GAACT	ok	True
chr1	17969190	17969191	+	0.507937	mod_ratio	63	75	A	AAACT	ok	True
chr1	17969237	17969238	+	0.676471	mod_ratio	34	48	A	AAACC	ok	True
chr1	17972707	17972708	-	0.92	mod_ratio	25	27	T	CGTTT	ok	False
chr1	17982424	17982425	-	0.244444	mod_ratio	90	113	T	AGTCT	ok	True
chr1	18036220	18036221	+	0.27933	mod_ratio	179	196	A	GAACC	ok	True
chr1	18059709	18059710	-	0.338235	mod_ratio	204	271	T	AGTTT	ok	True
chr1	18059769	18059770	-	0.425	mod_ratio	160	224	T	TGTCT	ok	True
chr1	18059839	18059840	-	0.616129	mod_ratio	310	358	T	CGTCT	ok	False
chr1	18059962	18059963	-	0.759615	mod_ratio	312	355	T	GGTCC	ok	True
chr1	18060542	18060543	-	0.174419	mod_ratio	258	329	T	AGTCT	ok	True
chr1	18060890	18060891	-	0.255102	mod_ratio	294	312	T	AGTTC	ok	True
chr1	18066137	18066138	-	0.397727	mod_ratio	88	95	T	TGTCC	ok	True
chr1	18066424	18066425	-	0.5875	mod_ratio	80	84	T	TGTTC	ok	True
chr1	18067217	18067218	-	0.328767	mod_ratio	73	81	T	TGTTC	ok	True
chr1	18069047	18069048	-	0.651163	mod_ratio	43	51	T	GGTTT	ok	True
chr1	18069426	18069427	-	0.577778	mod_ratio	45	48	T	TGTCT	ok	True
chr1	18099015	18099016	+	0.220472	mod_ratio	127	136	A	GAACT	ok	True
chr1	18099070	18099071	+	0.404959	mod_ratio	121	135	A	AGACG	ok	False
chr1	18099361	18099362	+	0.233333	mod_ratio	120	139	A	GAACC	ok	True
chr1	18099373	18099374	+	0.234375	mod_ratio	128	139	A	AAACC	ok	True
chr1	18099581	18099582	+	0.346774	mod_ratio	124	141	A	AAACC	ok	True
chr1	18099786	18099787	+	0.37037	mod_ratio	135	147	A	AAACC	ok	True
chr1	18100057	18100058	+	0.849624	mod_ratio	133	154	A	AAACA	ok	True
chr1	18101031	18101032	+	0.729167	mod_ratio	144	158	A	GAACT	ok	True
chr1	18101085	18101086	+	0.624	mod_ratio	125	152	A	AGACC	ok	True
chr1	18101526	18101527	+	0.275862	mod_ratio	116	166	A	GAACC	ok	True
chr1	18176892	18176893	-	0.47619	mod_ratio	84	122	T	AGTCC	ok	True
chr1	18216991	18216992	+	0.426667	mod_ratio	75	85	A	AGACC	ok	True
chr1	18217540	18217541	+	0.550562	mod_ratio	89	104	A	AGACA	ok	True
chr1	18217947	18217948	+	0.666667	mod_ratio	99	111	A	AAACT	ok	True
chr1	18218146	18218147	+	0.411111	mod_ratio	90	116	A	AAACT	ok	True
chr1	18218202	18218203	+	0.385417	mod_ratio	96	105	A	AAACT	ok	True
chr1	18218228	18218229	+	0.636364	mod_ratio	55	78	A	GGACT	ok	True
chr1	18236243	18236244	+	0.65	mod_ratio	40	46	A	GGACA	ok	True
chr1	18236699	18236700	+	0.488889	mod_ratio	45	54	A	AAACC	ok	True
chr1	18278609	18278610	+	0.774194	mod_ratio	31	31	A	GGACG	ok	False
chr1	18279070	18279071	+	0.733333	mod_ratio	30	34	A	AAACG	ok	False
chr1	18285661	18285662	-	0.466667	mod_ratio	75	119	T	TGTCT	ok	True
chr1	18285684	18285685	-	0.479167	mod_ratio	96	180	T	GGTCT	ok	True
chr1	18286870	18286871	-	0.631579	mod_ratio	133	184	T	TGTCT	ok	True
chr1	18321810	18321811	-	0.808362	mod_ratio	287	389	T	CGTCT	ok	False
chr1	18321862	18321863	-	0.43125	mod_ratio	320	428	T	GGTTT	ok	True
chr1	18321911	18321912	-	0.406685	mod_ratio	359	449	T	TGTCC	ok	True
chr1	18328563	18328564	+	0.793103	mod_ratio	29	44	A	AGACA	ok	True
chr1	18357206	18357207	-	0.613636	mod_ratio	44	51	T	GGTTT	ok	True
chr1	18358026	18358027	-	0.722222	mod_ratio	36	49	T	TGTCC	ok	True
chr1	18379042	18379043	-	0.707317	mod_ratio	41	51	T	CGTCC	ok	False
chr1	18381418	18381419	-	0.96	mod_ratio	25	28	T	CGTTT	ok	False
chr1	18417823	18417824	+	0.794118	mod_ratio	34	38	A	GGACC	ok	True
chr1	18418975	18418976	+	0.534884	mod_ratio	43	48	A	AGACC	ok	True
chr1	18419832	18419833	+	0.508772	mod_ratio	57	64	A	AAACA	ok	True
chr1	18501977	18501978	-	0.368794	mod_ratio	141	165	T	GGTCT	ok	True
chr1	18502000	18502001	-	0.678322	mod_ratio	143	165	T	GGTCC	ok	True
chr1	18502128	18502129	-	0.824427	mod_ratio	131	163	T	TGTCC	ok	True
chr1	18502870	18502871	-	0.198347	mod_ratio	121	139	T	TGTTT	ok	True
chr1	18503421	18503422	-	0.339806	mod_ratio	103	121	T	TGTTC	ok	True
chr1	18503684	18503685	-	0.37	mod_ratio	100	115	T	CGTTC	ok	False
chr1	18504258	18504259	-	0.840909	mod_ratio	88	107	T	TGTTT	ok	True
chr1	18504321	18504322	-	0.797619	mod_ratio	84	110	T	CGTCT	ok	False
chr1	18504942	18504943	+	0.701923	mod_ratio	104	121	A	AAACG	ok	False
chr1	18504978	18504979	+	0.6	mod_ratio	80	122	A	GGACG	ok	False
chr1	18504986	18504987	+	0.384615	mod_ratio	104	120	A	AAACA	ok	True
chr1	18505303	18505304	+	0.831776	mod_ratio	107	127	A	GGACA	ok	True
chr1	18505330	18505331	+	0.471154	mod_ratio	104	121	A	AGACT	ok	True
chr1	18505499	18505500	+	0.42268	mod_ratio	97	107	A	AAACT	ok	True
chr1	18517662	18517663	+	0.66055	mod_ratio	109	129	A	AAACG	ok	False
chr1	18517730	18517731	+	0.946237	mod_ratio	93	137	A	AAACG	ok	False
chr1	18518363	18518364	+	0.339806	mod_ratio	103	142	A	AGACC	ok	True
chr1	18518435	18518436	+	0.195312	mod_ratio	128	149	A	GGACT	ok	True
chr1	18518649	18518650	+	0.37069	mod_ratio	116	151	A	GGACC	ok	True
chr1	18518758	18518759	+	0.243243	mod_ratio	148	156	A	AGACT	ok	True
chr1	18518878	18518879	+	0.38806	mod_ratio	134	152	A	GAACA	ok	True
chr1	18518953	18518954	+	0.265734	mod_ratio	143	156	A	AGACC	ok	True
chr1	18519144	18519145	+	0.380282	mod_ratio	142	165	A	AAACC	ok	True
chr1	18519253	18519254	+	0.180451	mod_ratio	133	165	A	AAACA	ok	True
chr1	18519384	18519385	+	0.163399	mod_ratio	153	179	A	AGACC	ok	True
chr1	18519514	18519515	+	0.300654	mod_ratio	153	178	A	AAACT	ok	True
chr1	18519578	18519579	+	0.884058	mod_ratio	69	182	A	AAACG	ok	False
chr1	18519789	18519790	+	0.460526	mod_ratio	152	185	A	AAACT	ok	True
chr1	18519820	18519821	+	0.272727	mod_ratio	110	175	A	AAACC	ok	True
chr1	18520634	18520635	-	0.272727	mod_ratio	154	229	T	AGTCC	ok	True
chr1	18520883	18520884	-	0.764331	mod_ratio	157	218	T	TGTTT	ok	True
chr1	18520950	18520951	-	0.54	mod_ratio	150	183	T	CGTTT	ok	False
chr1	18520951	18520952	-	0.894737	mod_ratio	38	229	T	GTTTT	ok	False
chr1	18520968	18520969	-	0.26455	mod_ratio	189	230	T	GGTTT	ok	True
chr1	18520980	18520981	-	0.243697	mod_ratio	119	181	T	GGTTT	ok	True
chr1	18521009	18521010	-	0.155914	mod_ratio	186	228	T	AGTCT	ok	True
chr1	18521077	18521078	-	0.213542	mod_ratio	192	220	T	GGTTC	ok	True
chr1	18591669	18591670	-	0.735294	mod_ratio	68	87	T	CGTCT	ok	False
chr1	18591687	18591688	-	0.635135	mod_ratio	74	87	T	GGTCT	ok	True
chr1	18592900	18592901	-	0.482143	mod_ratio	56	62	T	TGTTT	ok	True
chr1	18593466	18593467	-	0.673469	mod_ratio	49	58	T	TGTCC	ok	True
chr1	18594718	18594719	-	0.657143	mod_ratio	35	49	T	TGTCC	ok	True
chr1	18614462	18614463	-	0.315217	mod_ratio	184	204	T	AGTTT	ok	True
chr1	18614755	18614756	-	0.6	mod_ratio	145	190	T	TGTCC	ok	True
chr1	18615277	18615278	-	0.195946	mod_ratio	148	157	T	AGTCT	ok	True
chr1	18615447	18615448	-	0.75	mod_ratio	136	162	T	GGTCC	ok	True
chr1	18615698	18615699	-	0.353846	mod_ratio	130	150	T	CGTCC	ok	False
chr1	18616005	18616006	-	0.514286	mod_ratio	105	121	T	TGTCT	ok	True
chr1	18616024	18616025	-	0.848101	mod_ratio	79	121	T	GGTCC	ok	True
chr1	18616195	18616196	-	0.505618	mod_ratio	89	108	T	CGTCC	ok	False
chr1	18616660	18616661	-	0.390244	mod_ratio	82	89	T	GGTTC	ok	True
chr1	18616775	18616776	-	0.557143	mod_ratio	70	88	T	CGTCT	ok	False
chr1	18638624	18638625	-	0.214612	mod_ratio	219	244	T	AGTTC	ok	True
chr1	18638705	18638706	-	0.162162	mod_ratio	185	242	T	CGTCC	ok	False
chr1	18639292	18639293	-	0.161972	mod_ratio	142	222	T	GGTTC	ok	True
chr1	18639368	18639369	-	0.413978	mod_ratio	186	216	T	GGTTT	ok	True
chr1	18688094	18688095	-	0.962963	mod_ratio	27	30	T	CGTTT	ok	False
chr1	18702920	18702921	+	0.72093	mod_ratio	43	46	A	GGACC	ok	True
chr1	18703077	18703078	+	0.85	mod_ratio	40	49	A	AGACG	ok	False
chr1	18703191	18703192	+	0.5	mod_ratio	44	52	A	AGACC	ok	True
chr1	18703566	18703567	+	0.509091	mod_ratio	55	58	A	GGACC	ok	True
chr1	18703658	18703659	+	0.8125	mod_ratio	48	65	A	GGACC	ok	True
chr1	18703707	18703708	+	0.862069	mod_ratio	58	65	A	GAACA	ok	True
chr1	18704236	18704237	+	0.612903	mod_ratio	62	78	A	GGACA	ok	True
chr1	18704305	18704306	+	0.380282	mod_ratio	71	84	A	AGACC	ok	True
chr1	18704660	18704661	+	0.342466	mod_ratio	73	85	A	AAACT	ok	True
chr1	18705512	18705513	-	0.709677	mod_ratio	31	36	T	TGTCT	ok	True
chr1	18776016	18776017	-	0.575	mod_ratio	40	52	T	TGTCT	ok	True
chr1	18776362	18776363	-	0.705882	mod_ratio	34	45	T	TGTCT	ok	True
chr1	18802920	18802921	+	0.476636	mod_ratio	107	121	A	AAACA	ok	True
chr1	18802968	18802969	+	0.414141	mod_ratio	99	125	A	AAACC	ok	True
chr1	18803263	18803264	+	0.728972	mod_ratio	107	123	A	AAACT	ok	True
chr1	18803278	18803279	+	0.840708	mod_ratio	113	125	A	AAACG	ok	False
chr1	18866383	18866384	+	0.15625	mod_ratio	160	231	A	AAACT	ok	True
chr1	18866417	18866418	+	0.693878	mod_ratio	196	234	A	GGACC	ok	True
chr1	18866436	18866437	+	0.180412	mod_ratio	194	230	A	GAACC	ok	True
chr1	18866537	18866538	+	0.480874	mod_ratio	183	243	A	GAACA	ok	True
chr1	18866792	18866793	+	0.111111	mod_ratio	207	252	A	GAACC	ok	True
chr1	18866826	18866827	+	0.728643	mod_ratio	199	240	A	AAACA	ok	True
chr1	18866928	18866929	+	0.606796	mod_ratio	206	262	A	GGACG	ok	False
chr1	18866942	18866943	+	0.127962	mod_ratio	211	262	A	GAACC	ok	True
chr1	18867087	18867088	+	0.349282	mod_ratio	209	252	A	GAACA	ok	True
chr1	18867091	18867092	+	0.464865	mod_ratio	185	253	A	AAACT	ok	True
chr1	18871765	18871766	+	0.619048	mod_ratio	42	48	A	AAACG	ok	False
chr1	18871923	18871924	+	0.673469	mod_ratio	49	53	A	AGACA	ok	True
chr1	18871951	18871952	+	0.530612	mod_ratio	49	55	A	GAACG	ok	False
chr1	18872283	18872284	+	0.457627	mod_ratio	59	66	A	GGACG	ok	False
chr1	18872515	18872516	+	0.736842	mod_ratio	57	69	A	AGACC	ok	True
chr1	18872521	18872522	+	0.548387	mod_ratio	62	70	A	AAACA	ok	True
chr1	18872574	18872575	+	0.650794	mod_ratio	63	71	A	AAACC	ok	True
chr1	18872579	18872580	+	0.666667	mod_ratio	60	70	A	AAACA	ok	True
chr1	18872788	18872789	+	0.781818	mod_ratio	55	62	A	AGACA	ok	True
chr1	18926965	18926966	+	0.217877	mod_ratio	179	240	A	AAACA	ok	True
chr1	18927075	18927076	+	0.60355	mod_ratio	169	257	A	GAACG	ok	False
chr1	18927315	18927316	+	0.240343	mod_ratio	233	275	A	GAACG	ok	False
chr1	18928865	18928866	+	0.704225	mod_ratio	71	82	A	AAACT	ok	True
chr1	18929045	18929046	+	0.513514	mod_ratio	74	84	A	GAACC	ok	True
chr1	18929064	18929065	+	0.583333	mod_ratio	72	84	A	AAACA	ok	True
chr1	18929132	18929133	+	0.309859	mod_ratio	71	84	A	AAACT	ok	True
chr1	18929333	18929334	+	0.74026	mod_ratio	77	88	A	AGACA	ok	True
chr1	18934579	18934580	+	0.837838	mod_ratio	37	42	A	AGACA	ok	True
chr1	18934618	18934619	+	0.742857	mod_ratio	35	43	A	AAACT	ok	True
chr1	18935043	18935044	+	0.605263	mod_ratio	38	49	A	AAACA	ok	True
chr1	18935663	18935664	+	0.829787	mod_ratio	47	56	A	AAACA	ok	True
chr1	18935964	18935965	+	0.555556	mod_ratio	54	59	A	GAACT	ok	True
chr1	18936161	18936162	+	0.843137	mod_ratio	51	56	A	AAACA	ok	True
chr1	18936618	18936619	+	0.612245	mod_ratio	49	66	A	AGACA	ok	True
chr1	18944340	18944341	-	0.536585	mod_ratio	41	42	T	TGTTC	ok	True
chr1	18944565	18944566	-	0.805556	mod_ratio	36	42	T	GGTCC	ok	True
chr1	18944640	18944641	-	0.676471	mod_ratio	34	39	T	CGTCC	ok	False
chr1	18945105	18945106	-	0.885714	mod_ratio	35	37	T	TGTTT	ok	True
chr1	18985693	18985694	+	0.10219	mod_ratio	274	301	A	GGACC	ok	True
chr1	18985704	18985705	+	0.270588	mod_ratio	255	314	A	AGACA	ok	True
chr1	18985860	18985861	+	0.261745	mod_ratio	298	325	A	GAACA	ok	True
chr1	18985920	18985921	+	0.451827	mod_ratio	301	325	A	AAACC	ok	True
chr1	18986097	18986098	+	0.170854	mod_ratio	199	238	A	GAACA	ok	True
chr1	18986099	18986100	+	0.285714	mod_ratio	84	329	A	ACACA	ok	False
chr1	18986367	18986368	+	0.277778	mod_ratio	270	359	A	GAACT	ok	True
chr1	18986399	18986400	+	0.767442	mod_ratio	301	360	A	AAACG	ok	False
chr1	19052044	19052045	-	0.591133	mod_ratio	203	273	T	GGTTT	ok	True
chr1	19052083	19052084	-	0.496124	mod_ratio	1032	1349	T	GGTTT	ok	True
chr1	19052084	19052085	-	0.433213	mod_ratio	277	1654	T	GTTTT	ok	False
chr1	19052107	19052108	-	0.252874	mod_ratio	87	1673	T	GATCC	ok	False
chr1	19052242	19052243	-	0.336188	mod_ratio	1401	1613	T	TGTTC	ok	True
chr1	19052377	19052378	-	0.365169	mod_ratio	356	1626	T	GTTTT	ok	False
chr1	19052414	19052415	-	0.196721	mod_ratio	244	1623	T	CGTCT	ok	False
chr1	19052445	19052446	-	0.507923	mod_ratio	1199	1510	T	GGTTT	ok	True
chr1	19099185	19099186	-	0.557692	mod_ratio	52	70	T	TGTCC	ok	True
chr1	19100058	19100059	-	0.888889	mod_ratio	45	55	T	TGTCC	ok	True
chr1	19100826	19100827	-	0.864865	mod_ratio	37	44	T	CGTTT	ok	False
chr1	19100868	19100869	-	0.648649	mod_ratio	37	43	T	AGTTT	ok	True
chr1	19102839	19102840	-	0.694444	mod_ratio	36	43	T	TGTTT	ok	True
chr1	19102989	19102990	-	0.47541	mod_ratio	61	80	T	CGTCT	ok	False
chr1	19104694	19104695	-	0.444444	mod_ratio	54	56	T	CGTCC	ok	False
chr1	19104793	19104794	-	0.9	mod_ratio	40	52	T	CGTTT	ok	False
chr1	19122664	19122665	-	0.774194	mod_ratio	31	38	T	TGTCT	ok	True
chr1	19142832	19142833	-	0.857143	mod_ratio	28	33	T	GGTTT	ok	True
chr1	19152647	19152648	+	0.552795	mod_ratio	161	462	A	GGACG	ok	False
chr1	19152743	19152744	+	0.635347	mod_ratio	447	491	A	AAACA	ok	True
chr1	19152767	19152768	+	0.146179	mod_ratio	301	494	A	GAACT	ok	True
chr1	19152858	19152859	+	0.558758	mod_ratio	451	507	A	AAACC	ok	True
chr1	19153624	19153625	+	0.362805	mod_ratio	328	435	A	AGACA	ok	True
chr1	19153738	19153739	+	0.374449	mod_ratio	227	441	A	AAACT	ok	True
chr1	19153847	19153848	+	0.323529	mod_ratio	238	364	A	AGACT	ok	True
chr1	19153863	19153864	+	0.271739	mod_ratio	92	126	A	AGACA	ok	True
chr1	19158916	19158917	-	0.347518	mod_ratio	141	178	T	GGTTC	ok	True
chr1	19158926	19158927	-	0.382353	mod_ratio	136	180	T	AGTTT	ok	True
chr1	19159219	19159220	-	0.695035	mod_ratio	141	163	T	TGTTT	ok	True
chr1	19160003	19160004	-	0.406977	mod_ratio	86	117	T	GGTTC	ok	True
chr1	19160859	19160860	-	0.337349	mod_ratio	83	97	T	CGTCC	ok	False
chr1	19160997	19160998	-	0.822581	mod_ratio	62	79	T	CGTTT	ok	False
chr1	19161008	19161009	-	0.416667	mod_ratio	72	90	T	GGTTT	ok	True
chr1	19161047	19161048	-	0.371429	mod_ratio	70	82	T	AGTTT	ok	True
chr1	19161071	19161072	-	0.338235	mod_ratio	68	88	T	TGTTT	ok	True
chr1	19161168	19161169	-	0.432432	mod_ratio	74	86	T	AGTTT	ok	True
chr1	19161195	19161196	-	0.865385	mod_ratio	52	74	T	CGTTT	ok	False
chr1	19161357	19161358	-	0.488889	mod_ratio	45	78	T	GGTTC	ok	True
chr1	19169192	19169193	+	1	mod_ratio	22	26	A	GGACG	ok	False
chr1	19169558	19169559	+	0.928571	mod_ratio	28	34	A	AGACG	ok	False
chr1	19169918	19169919	+	0.945946	mod_ratio	37	41	A	AAACG	ok	False
chr1	19174327	19174328	+	0.827586	mod_ratio	29	33	A	AAACA	ok	True
chr1	19175677	19175678	-	0.857143	mod_ratio	28	43	T	GGTCT	ok	True
chr1	19175768	19175769	-	0.925	mod_ratio	40	47	T	TGTTT	ok	True
chr1	19178040	19178041	-	0.615385	mod_ratio	39	45	T	TGTCC	ok	True
chr1	19305573	19305574	+	0.942857	mod_ratio	35	42	A	AGACA	ok	True
chr1	19305777	19305778	+	0.95	mod_ratio	40	46	A	AAACA	ok	True
chr1	19305809	19305810	+	0.892857	mod_ratio	28	32	A	GGACC	ok	True
chr1	19306365	19306366	+	0.681818	mod_ratio	44	51	A	AGACA	ok	True
chr1	19323552	19323553	-	0.349206	mod_ratio	63	96	T	AATCC	ok	False
chr1	19324776	19324777	-	0.852459	mod_ratio	61	68	T	CGTTT	ok	False
chr1	19325882	19325883	-	0.480769	mod_ratio	52	55	T	GGTCT	ok	True
chr1	19325986	19325987	-	0.543478	mod_ratio	46	51	T	TGTTC	ok	True
chr1	19326398	19326399	-	0.692308	mod_ratio	39	47	T	GGTCT	ok	True
chr1	19333491	19333492	-	0.782609	mod_ratio	46	53	T	AGTTT	ok	True
chr1	19334294	19334295	-	0.578947	mod_ratio	38	42	T	CGTCC	ok	False
chr1	19335390	19335391	-	0.741935	mod_ratio	31	33	T	CGTCT	ok	False
chr1	19364962	19364963	-	0.847826	mod_ratio	46	57	T	GGTTT	ok	True
chr1	19365084	19365085	-	0.489362	mod_ratio	47	55	T	AGTTC	ok	True
chr1	19365692	19365693	-	0.857143	mod_ratio	42	50	T	CGTCC	ok	False
chr1	19366052	19366053	-	0.9	mod_ratio	30	40	T	TGTTT	ok	True
chr1	19383270	19383271	-	0.733333	mod_ratio	30	36	T	GGTTT	ok	True
chr1	19453656	19453657	-	0.729927	mod_ratio	411	470	T	GGTTT	ok	True
chr1	19453909	19453910	-	0.661932	mod_ratio	352	420	T	TGTCC	ok	True
chr1	19453914	19453915	-	0.536723	mod_ratio	354	420	T	GGTTT	ok	True
chr1	19454055	19454056	-	0.324444	mod_ratio	450	481	T	AGTTC	ok	True
chr1	19454527	19454528	-	0.287037	mod_ratio	216	262	T	AGTTT	ok	True
chr1	19454873	19454874	+	0.132013	mod_ratio	303	546	A	AAACA	ok	True
chr1	19454877	19454878	+	0.186104	mod_ratio	403	787	A	AAACA	ok	True
chr1	19454996	19454997	+	0.372896	mod_ratio	2258	2541	A	AAACC	ok	True
chr1	19455018	19455019	+	0.475955	mod_ratio	1414	2565	A	AAACC	ok	True
chr1	19455154	19455155	+	0.335821	mod_ratio	134	2685	A	AGACA	ok	True
chr1	19455200	19455201	+	0.249262	mod_ratio	2371	2707	A	GGACA	ok	True
chr1	19455208	19455209	+	0.621359	mod_ratio	103	2740	A	GGATG	ok	False
chr1	19455343	19455344	+	0.199035	mod_ratio	2487	2821	A	AGACA	ok	True
chr1	19455431	19455432	+	0.272	mod_ratio	125	2888	A	GAACT	ok	True
chr1	19455541	19455542	+	0.470415	mod_ratio	2383	2844	A	AAACT	ok	True
chr1	19475082	19475083	-	0.33913	mod_ratio	460	937	T	AATCC	ok	False
chr1	19475086	19475087	-	0.369128	mod_ratio	149	944	T	CATCC	ok	False
chr1	19475092	19475093	-	0.782748	mod_ratio	313	727	T	TGTCC	ok	True
chr1	19475211	19475212	-	0.545455	mod_ratio	814	981	T	AGTTT	ok	True
chr1	19475380	19475381	-	0.129522	mod_ratio	857	1027	T	GGTCT	ok	True
chr1	19475425	19475426	-	0.16092	mod_ratio	870	999	T	AGTTC	ok	True
chr1	19475434	19475435	-	0.184957	mod_ratio	811	1018	T	AGTCT	ok	True
chr1	19476167	19476168	-	0.123762	mod_ratio	202	346	T	AGTTT	ok	True
chr1	19476168	19476169	-	0.130282	mod_ratio	284	618	T	GTTTT	ok	False
chr1	19492712	19492713	-	0.393103	mod_ratio	145	164	T	TGTTT	ok	True
chr1	19516369	19516370	+	0.752809	mod_ratio	89	99	A	AAACA	ok	True
chr1	19516441	19516442	+	0.252747	mod_ratio	91	103	A	GGACG	ok	False
chr1	19516743	19516744	+	0.42	mod_ratio	100	108	A	GAACG	ok	False
chr1	19517040	19517041	+	0.40404	mod_ratio	99	123	A	GGACG	ok	False
chr1	19517577	19517578	+	0.838384	mod_ratio	99	125	A	GGACA	ok	True
chr1	19517835	19517836	+	0.217391	mod_ratio	138	149	A	GAACA	ok	True
chr1	19517890	19517891	+	0.488372	mod_ratio	129	154	A	AAACC	ok	True
chr1	19517951	19517952	+	0.476923	mod_ratio	130	154	A	GGACA	ok	True
chr1	19561670	19561671	-	0.357143	mod_ratio	70	82	T	AGTTT	ok	True
chr1	19563287	19563288	-	0.347222	mod_ratio	72	84	T	GGTTT	ok	True
chr1	19564242	19564243	-	0.75	mod_ratio	60	67	T	AGTTT	ok	True
chr1	19564832	19564833	-	0.442308	mod_ratio	52	64	T	AGTCC	ok	True
chr1	19565144	19565145	-	0.788462	mod_ratio	52	61	T	CGTTT	ok	False
chr1	19589639	19589640	-	0.64	mod_ratio	50	61	T	AGTTT	ok	True
chr1	19589779	19589780	-	0.62	mod_ratio	50	59	T	TGTTT	ok	True
chr1	19614980	19614981	-	0.615385	mod_ratio	39	49	T	AGTTT	ok	True
chr1	19615051	19615052	-	0.72973	mod_ratio	37	54	T	TGTCT	ok	True
chr1	19641361	19641362	+	0.764706	mod_ratio	34	41	A	AAACG	ok	False
chr1	19646082	19646083	+	0.963918	mod_ratio	194	237	A	AAACG	ok	False
chr1	19646152	19646153	+	0.105769	mod_ratio	208	236	A	GAACT	ok	True
chr1	19646222	19646223	+	0.199074	mod_ratio	216	236	A	GGACT	ok	True
chr1	19646365	19646366	+	0.522581	mod_ratio	155	200	A	AGACG	ok	False
chr1	19646417	19646418	+	0.428571	mod_ratio	91	146	A	AAACC	ok	True
chr1	19651374	19651375	+	0.790698	mod_ratio	43	69	A	AAACG	ok	False
chr1	19651519	19651520	+	0.824561	mod_ratio	57	78	A	AAACG	ok	False
chr1	19651985	19651986	+	0.5	mod_ratio	74	91	A	GGACC	ok	True
chr1	19652035	19652036	+	0.848837	mod_ratio	86	95	A	AAACC	ok	True
chr1	19652136	19652137	+	0.460674	mod_ratio	89	96	A	GGACC	ok	True
chr1	19652372	19652373	+	0.454545	mod_ratio	88	100	A	GGACA	ok	True
chr1	19652441	19652442	+	0.39759	mod_ratio	83	96	A	AAACG	ok	False
chr1	19652567	19652568	+	0.361702	mod_ratio	94	106	A	AAACC	ok	True
chr1	19685914	19685915	+	0.273684	mod_ratio	95	109	A	AAACC	ok	True
chr1	19685926	19685927	+	0.454545	mod_ratio	99	108	A	AAACC	ok	True
chr1	19685959	19685960	+	0.3	mod_ratio	90	111	A	AAACA	ok	True
chr1	19686032	19686033	+	0.415842	mod_ratio	101	116	A	GGACC	ok	True
chr1	19686074	19686075	+	0.891892	mod_ratio	111	119	A	AGACG	ok	False
chr1	19686236	19686237	+	0.206897	mod_ratio	116	123	A	GAACC	ok	True
chr1	19686693	19686694	+	0.280702	mod_ratio	114	130	A	GGACT	ok	True
chr1	19686969	19686970	+	0.269841	mod_ratio	126	136	A	GGACT	ok	True
chr1	19687084	19687085	+	0.814159	mod_ratio	113	137	A	AAACA	ok	True
chr1	19687106	19687107	+	0.546875	mod_ratio	128	137	A	GAACA	ok	True
chr1	19687517	19687518	+	0.372093	mod_ratio	129	144	A	GAACG	ok	False
chr1	19687558	19687559	+	0.753731	mod_ratio	134	146	A	AGACC	ok	True
chr1	19687850	19687851	+	0.576577	mod_ratio	111	140	A	AAACA	ok	True
chr1	19711287	19711288	+	0.806452	mod_ratio	31	35	A	AGACG	ok	False
chr1	19713053	19713054	+	0.666667	mod_ratio	42	45	A	AAACC	ok	True
chr1	19739254	19739255	+	0.857143	mod_ratio	35	43	A	AGACA	ok	True
chr1	19739417	19739418	+	0.571429	mod_ratio	42	43	A	AAACC	ok	True
chr1	19739863	19739864	+	0.777778	mod_ratio	36	45	A	AGACA	ok	True
chr1	19740063	19740064	+	0.659091	mod_ratio	44	47	A	AAACA	ok	True
chr1	19821501	19821502	-	0.757576	mod_ratio	33	37	T	TGTCT	ok	True
chr1	19821627	19821628	-	0.846154	mod_ratio	26	37	T	CGTTT	ok	False
chr1	19821846	19821847	-	0.741935	mod_ratio	31	36	T	GGTCT	ok	True
chr1	19822069	19822070	-	0.888889	mod_ratio	27	30	T	GGTTT	ok	True
chr1	19845020	19845021	+	0.795918	mod_ratio	49	67	A	AGACC	ok	True
chr1	19845124	19845125	+	0.5625	mod_ratio	64	70	A	GGACC	ok	True
chr1	19846009	19846010	+	0.59375	mod_ratio	64	77	A	GGACC	ok	True
chr1	19846367	19846368	+	0.609375	mod_ratio	64	76	A	AAACA	ok	True
chr1	19846753	19846754	+	0.295455	mod_ratio	88	98	A	GAACA	ok	True
chr1	19847366	19847367	+	0.32	mod_ratio	100	109	A	GAACT	ok	True
chr1	19847452	19847453	+	0.689655	mod_ratio	87	110	A	GGACA	ok	True
chr1	19854770	19854771	-	0.315436	mod_ratio	149	238	T	GGTTC	ok	True
chr1	19854824	19854825	-	0.373057	mod_ratio	193	235	T	AGTTT	ok	True
chr1	19854854	19854855	-	0.600939	mod_ratio	213	247	T	GGTTT	ok	True
chr1	19854960	19854961	-	0.513514	mod_ratio	74	211	T	GGTTT	ok	True
chr1	19855058	19855059	-	0.537736	mod_ratio	212	253	T	GGTCC	ok	True
chr1	19855272	19855273	-	0.154867	mod_ratio	226	246	T	AGTCC	ok	True
chr1	19856282	19856283	-	0.154696	mod_ratio	181	195	T	GGTTC	ok	True
chr1	19856817	19856818	-	0.3	mod_ratio	150	165	T	TGTCT	ok	True
chr1	19856824	19856825	-	0.5	mod_ratio	124	165	T	GGTTT	ok	True
chr1	19864884	19864885	-	0.944444	mod_ratio	36	55	T	CGTTT	ok	False
chr1	19884512	19884513	-	0.560976	mod_ratio	41	47	T	TGTTT	ok	True
chr1	19884857	19884858	-	0.857143	mod_ratio	35	42	T	TGTCT	ok	True
chr1	19976788	19976789	-	0.674419	mod_ratio	43	56	T	TGTTT	ok	True
chr1	19985080	19985081	-	0.818182	mod_ratio	44	51	T	GGTTT	ok	True
chr1	19992752	19992753	-	0.758621	mod_ratio	58	62	T	AGTTT	ok	True
chr1	19993019	19993020	-	0.46	mod_ratio	50	61	T	GGTTT	ok	True
chr1	20036764	20036765	+	0.220859	mod_ratio	163	196	A	AGACA	ok	True
chr1	20036810	20036811	+	0.142857	mod_ratio	161	190	A	AAACT	ok	True
chr1	20036859	20036860	+	0.477477	mod_ratio	111	208	A	AAACC	ok	True
chr1	20036864	20036865	+	0.385965	mod_ratio	171	205	A	AGACA	ok	True
chr1	20037286	20037287	+	0.125	mod_ratio	184	214	A	AAACG	ok	False
chr1	20037301	20037302	+	0.363158	mod_ratio	190	215	A	GAACA	ok	True
chr1	20037319	20037320	+	0.910615	mod_ratio	179	215	A	AGACA	ok	True
chr1	20037472	20037473	+	0.176166	mod_ratio	193	219	A	GAACT	ok	True
chr1	20037480	20037481	+	0.145078	mod_ratio	193	220	A	AGACC	ok	True
chr1	20037666	20037667	+	0.556122	mod_ratio	196	229	A	GAACA	ok	True
chr1	20037721	20037722	+	0.27619	mod_ratio	210	234	A	AGACC	ok	True
chr1	20037746	20037747	+	0.653179	mod_ratio	173	235	A	AGACA	ok	True
chr1	20038043	20038044	+	0.538889	mod_ratio	180	237	A	AAACT	ok	True
chr1	20038192	20038193	+	0.719512	mod_ratio	164	225	A	AAACT	ok	True
chr1	20065909	20065910	-	0.910256	mod_ratio	78	89	T	TGTCT	ok	True
chr1	20065990	20065991	-	0.74026	mod_ratio	77	90	T	CGTCT	ok	False
chr1	20066175	20066176	-	0.571429	mod_ratio	63	78	T	AGTTT	ok	True
chr1	20066443	20066444	-	0.424242	mod_ratio	66	77	T	TGTTT	ok	True
chr1	20066856	20066857	-	0.661017	mod_ratio	59	69	T	GGTCC	ok	True
chr1	20066928	20066929	-	0.385965	mod_ratio	57	63	T	AGTTC	ok	True
chr1	20067094	20067095	-	0.701754	mod_ratio	57	64	T	GGTTT	ok	True
chr1	20105120	20105121	-	0.489362	mod_ratio	47	61	T	GGTTC	ok	True
chr1	20135483	20135484	+	0.628571	mod_ratio	35	39	A	AAACC	ok	True
chr1	20135969	20135970	+	0.736842	mod_ratio	38	43	A	AGACA	ok	True
chr1	20136076	20136077	+	0.74359	mod_ratio	39	46	A	AAACG	ok	False
chr1	20136103	20136104	+	0.609756	mod_ratio	41	47	A	AAACC	ok	True
chr1	20136193	20136194	+	0.609756	mod_ratio	41	49	A	AAACA	ok	True
chr1	20136465	20136466	+	0.55102	mod_ratio	49	57	A	GGACG	ok	False
chr1	20159045	20159046	-	0.857143	mod_ratio	56	85	T	CGTCC	ok	False
chr1	20159128	20159129	-	0.430769	mod_ratio	65	78	T	TGTCC	ok	True
chr1	20159276	20159277	-	0.548387	mod_ratio	62	75	T	CGTCC	ok	False
chr1	20159342	20159343	-	0.683333	mod_ratio	60	72	T	TGTTC	ok	True
chr1	20159445	20159446	-	0.433962	mod_ratio	53	69	T	TGTCT	ok	True
chr1	20160148	20160149	-	0.46	mod_ratio	50	61	T	CGTTC	ok	False
chr1	20169002	20169003	+	0.758621	mod_ratio	29	36	A	AAACA	ok	True
chr1	20169318	20169319	+	0.717949	mod_ratio	39	42	A	AGACA	ok	True
chr1	20169373	20169374	+	0.825	mod_ratio	40	44	A	AGACA	ok	True
chr1	20169550	20169551	+	0.714286	mod_ratio	35	42	A	AAACA	ok	True
chr1	20195728	20195729	-	0.430556	mod_ratio	72	79	T	GGTCT	ok	True
chr1	20195891	20195892	-	0.363636	mod_ratio	66	73	T	TGTTT	ok	True
chr1	20196298	20196299	-	0.583333	mod_ratio	60	74	T	GGTCC	ok	True
chr1	20196518	20196519	-	0.568966	mod_ratio	58	66	T	AGTTC	ok	True
chr1	20198260	20198261	-	0.959184	mod_ratio	49	54	T	TGTCT	ok	True
chr1	20261121	20261122	+	0.44898	mod_ratio	49	65	A	GAACC	ok	True
chr1	20261507	20261508	+	0.869565	mod_ratio	46	76	A	AAACG	ok	False
chr1	20261833	20261834	+	0.369048	mod_ratio	84	99	A	AAACT	ok	True
chr1	20261998	20261999	+	0.85	mod_ratio	80	101	A	AAACG	ok	False
chr1	20262151	20262152	+	0.461538	mod_ratio	78	98	A	GAACA	ok	True
chr1	20309936	20309937	-	0.105832	mod_ratio	463	536	T	TGTCT	ok	True
chr1	20310006	20310007	-	0.630814	mod_ratio	344	432	T	TGTTT	ok	True
chr1	20310007	20310008	-	0.303371	mod_ratio	89	531	T	GTTTT	ok	False
chr1	20310355	20310356	-	0.17552	mod_ratio	433	506	T	TGTTT	ok	True
chr1	20310449	20310450	-	0.110526	mod_ratio	380	492	T	TGTCT	ok	True
chr1	20310508	20310509	-	0.169444	mod_ratio	360	446	T	TGTTT	ok	True
chr1	20357384	20357385	-	0.236111	mod_ratio	144	180	T	TGTTT	ok	True
chr1	20357416	20357417	-	0.542484	mod_ratio	153	183	T	CGTTT	ok	False
chr1	20357575	20357576	-	0.329341	mod_ratio	167	182	T	AGTTT	ok	True
chr1	20357605	20357606	-	0.58209	mod_ratio	134	178	T	GGTTT	ok	True
chr1	20363818	20363819	+	0.472727	mod_ratio	55	64	A	AAACC	ok	True
chr1	20365617	20365618	+	0.805556	mod_ratio	72	80	A	AAACT	ok	True
chr1	20365631	20365632	+	0.421053	mod_ratio	57	82	A	AAACG	ok	False
chr1	20365914	20365915	+	0.75	mod_ratio	60	82	A	AGACG	ok	False
chr1	20365976	20365977	+	0.510204	mod_ratio	49	70	A	AAACC	ok	True
chr1	20365998	20365999	+	0.767857	mod_ratio	56	74	A	AAACC	ok	True
chr1	20390210	20390211	+	0.540146	mod_ratio	137	178	A	AGACA	ok	True
chr1	20390658	20390659	+	0.181208	mod_ratio	149	186	A	GGACT	ok	True
chr1	20390794	20390795	+	0.677165	mod_ratio	127	188	A	AAACG	ok	False
chr1	20390809	20390810	+	0.180645	mod_ratio	155	186	A	AAACC	ok	True
chr1	20390815	20390816	+	0.531469	mod_ratio	143	187	A	AAACC	ok	True
chr1	20390866	20390867	+	0.43662	mod_ratio	71	178	A	AGATT	ok	False
chr1	20390929	20390930	+	0.572816	mod_ratio	103	114	A	AAACA	ok	True
chr1	20401479	20401480	-	0.677966	mod_ratio	118	136	T	TGTTT	ok	True
chr1	20401524	20401525	-	0.513158	mod_ratio	76	180	T	TATCC	ok	False
chr1	20401594	20401595	-	0.396947	mod_ratio	131	176	T	GGTTT	ok	True
chr1	20401608	20401609	-	0.556962	mod_ratio	79	167	T	TTTTT	ok	False
chr1	20401615	20401616	-	0.5	mod_ratio	72	94	T	CGTTT	ok	False
chr1	20401616	20401617	-	1	mod_ratio	63	167	T	GTTTT	ok	False
chr1	20402144	20402145	-	0.477941	mod_ratio	136	161	T	TGTCT	ok	True
chr1	20402343	20402344	-	0.4	mod_ratio	125	156	T	TGTTT	ok	True
chr1	20415059	20415060	-	0.666667	mod_ratio	54	65	T	CGTTC	ok	False
chr1	20439582	20439583	+	0.233677	mod_ratio	291	328	A	AAACC	ok	True
chr1	20439601	20439602	+	0.153558	mod_ratio	267	336	A	AGACC	ok	True
chr1	20439660	20439661	+	0.218623	mod_ratio	247	304	A	AAACA	ok	True
chr1	20439684	20439685	+	0.504983	mod_ratio	301	348	A	AAACC	ok	True
chr1	20439698	20439699	+	0.278997	mod_ratio	319	350	A	AAACT	ok	True
chr1	20439823	20439824	+	0.116129	mod_ratio	310	360	A	AAACT	ok	True
chr1	20439912	20439913	+	0.222571	mod_ratio	319	371	A	AAACT	ok	True
chr1	20440189	20440190	+	0.521739	mod_ratio	161	403	A	AAACA	ok	True
chr1	20440717	20440718	+	0.456233	mod_ratio	377	419	A	GGACG	ok	False
chr1	20440774	20440775	+	0.149171	mod_ratio	362	433	A	AGACG	ok	False
chr1	20440836	20440837	+	0.287234	mod_ratio	376	438	A	AGACG	ok	False
chr1	20440848	20440849	+	0.154062	mod_ratio	357	439	A	AAACC	ok	True
chr1	20440985	20440986	+	0.426357	mod_ratio	258	383	A	AAACC	ok	True
chr1	20441000	20441001	+	0.120588	mod_ratio	340	384	A	GAACT	ok	True
chr1	20441056	20441057	+	0.373737	mod_ratio	198	261	A	GAACA	ok	True
chr1	20441099	20441100	+	0.813725	mod_ratio	102	160	A	AAACC	ok	True
chr1	20452338	20452339	+	0.83871	mod_ratio	31	34	A	AAACT	ok	True
chr1	20515919	20515920	+	1	mod_ratio	22	27	A	AAACG	ok	False
chr1	20572608	20572609	-	0.674419	mod_ratio	43	49	T	CGTTT	ok	False
chr1	20574140	20574141	-	0.815789	mod_ratio	38	43	T	CGTTT	ok	False
chr1	20579766	20579767	+	0.875	mod_ratio	32	35	A	AAACA	ok	True
chr1	20597993	20597994	-	0.548387	mod_ratio	62	67	T	TGTTT	ok	True
chr1	20598124	20598125	-	0.394737	mod_ratio	76	90	T	TGTCC	ok	True
chr1	20598491	20598492	-	0.473684	mod_ratio	57	71	T	AGTTT	ok	True
chr1	20614809	20614810	+	0.198413	mod_ratio	126	137	A	GAACC	ok	True
chr1	20614876	20614877	+	0.569106	mod_ratio	123	139	A	GGACA	ok	True
chr1	20614894	20614895	+	0.312977	mod_ratio	131	142	A	GAACC	ok	True
chr1	20614907	20614908	+	0.204724	mod_ratio	127	141	A	GAACT	ok	True
chr1	20616050	20616051	+	0.747664	mod_ratio	107	145	A	GGACA	ok	True
chr1	20616229	20616230	+	0.696203	mod_ratio	79	106	A	AGACA	ok	True
chr1	20666596	20666597	-	0.360656	mod_ratio	61	72	T	GGTTT	ok	True
chr1	20666661	20666662	-	0.738462	mod_ratio	65	70	T	TGTTT	ok	True
chr1	20668346	20668347	-	0.54902	mod_ratio	51	58	T	GGTTT	ok	True
chr1	20713798	20713799	+	0.314286	mod_ratio	140	169	A	GAACT	ok	True
chr1	20713878	20713879	+	0.165563	mod_ratio	151	178	A	GAACC	ok	True
chr1	20713991	20713992	+	0.809211	mod_ratio	152	180	A	AAACG	ok	False
chr1	20714082	20714083	+	0.759036	mod_ratio	166	185	A	AAACA	ok	True
chr1	20714187	20714188	+	0.36646	mod_ratio	161	201	A	AAACC	ok	True
chr1	20714329	20714330	+	0.590426	mod_ratio	188	208	A	GAACA	ok	True
chr1	20714362	20714363	+	0.486188	mod_ratio	181	216	A	GGACA	ok	True
chr1	20714724	20714725	+	0.272727	mod_ratio	121	255	A	AAACT	ok	True
chr1	20714926	20714927	+	0.471616	mod_ratio	229	263	A	AAACC	ok	True
chr1	20715635	20715636	-	0.810219	mod_ratio	274	314	T	AGTTT	ok	True
chr1	20715657	20715658	-	0.413793	mod_ratio	232	280	T	TGTTC	ok	True
chr1	20715693	20715694	-	0.800752	mod_ratio	266	325	T	CGTTT	ok	False
chr1	20715837	20715838	-	0.132404	mod_ratio	287	329	T	TGTCC	ok	True
chr1	20715863	20715864	-	0.431818	mod_ratio	264	326	T	GGTTC	ok	True
chr1	20715869	20715870	-	0.129252	mod_ratio	294	330	T	GGTTC	ok	True
chr1	20715894	20715895	-	0.115385	mod_ratio	286	330	T	AGTCC	ok	True
chr1	20715910	20715911	-	0.246622	mod_ratio	296	330	T	AGTCT	ok	True
chr1	20715932	20715933	-	0.156716	mod_ratio	268	324	T	TGTTC	ok	True
chr1	20716273	20716274	-	0.263158	mod_ratio	209	229	T	AGTTT	ok	True
chr1	20716274	20716275	-	0.754098	mod_ratio	61	303	T	GTTTT	ok	False
chr1	20716632	20716633	-	0.868421	mod_ratio	228	261	T	TGTCT	ok	True
chr1	20716638	20716639	-	0.220183	mod_ratio	218	265	T	AGTTT	ok	True
chr1	20716786	20716787	-	0.159624	mod_ratio	213	251	T	AGTTT	ok	True
chr1	20717288	20717289	-	0.251256	mod_ratio	199	214	T	TGTTC	ok	True
chr1	20718305	20718306	-	0.38255	mod_ratio	149	163	T	CGTCC	ok	False
chr1	20718314	20718315	-	0.841727	mod_ratio	139	163	T	GGTCC	ok	True
chr1	20718477	20718478	-	0.333333	mod_ratio	129	152	T	AGTCC	ok	True
chr1	20718541	20718542	-	0.237705	mod_ratio	122	154	T	GGTCT	ok	True
chr1	20719093	20719094	-	0.389474	mod_ratio	95	107	T	GGTTT	ok	True
chr1	20802755	20802756	-	0.196283	mod_ratio	1345	1905	T	AGTCT	ok	True
chr1	20802939	20802940	-	0.639961	mod_ratio	2047	2243	T	TGTCC	ok	True
chr1	20802991	20802992	-	0.406806	mod_ratio	1910	2184	T	CGTTC	ok	False
chr1	20803049	20803050	-	0.610738	mod_ratio	894	1260	T	GGTTT	ok	True
chr1	20803057	20803058	-	0.202083	mod_ratio	1920	2165	T	CGTTC	ok	False
chr1	20803077	20803078	-	0.644755	mod_ratio	1430	1787	T	TGTTT	ok	True
chr1	20803221	20803222	-	0.654994	mod_ratio	1542	1940	T	AGTTT	ok	True
chr1	20803291	20803292	-	0.503497	mod_ratio	858	1152	T	GGTTT	ok	True
chr1	20803293	20803294	-	0.405941	mod_ratio	101	1943	T	TTTTT	ok	False
chr1	20803411	20803412	-	0.189655	mod_ratio	174	647	T	GGTTT	ok	True
chr1	20804884	20804885	-	0.628571	mod_ratio	35	38	T	AGTTT	ok	True
chr1	20805142	20805143	-	0.694444	mod_ratio	36	44	T	CGTTT	ok	False
chr1	20805153	20805154	-	0.628571	mod_ratio	35	43	T	CGTTT	ok	False
chr1	20805291	20805292	-	0.787879	mod_ratio	33	39	T	TGTCC	ok	True
chr1	20859116	20859117	-	0.71875	mod_ratio	32	43	T	CGTCT	ok	False
chr1	20874701	20874702	+	0.914286	mod_ratio	35	38	A	AAACG	ok	False
chr1	20875292	20875293	+	0.613636	mod_ratio	44	49	A	GGACG	ok	False
chr1	20875808	20875809	+	0.734694	mod_ratio	49	57	A	GAACA	ok	True
chr1	20875909	20875910	+	0.653061	mod_ratio	49	57	A	AGACA	ok	True
chr1	20906608	20906609	+	0.972222	mod_ratio	36	42	A	AAACG	ok	False
chr1	20912663	20912664	+	0.736842	mod_ratio	38	47	A	AAACC	ok	True
chr1	20912688	20912689	+	0.615385	mod_ratio	39	48	A	GAACT	ok	True
chr1	20912894	20912895	+	0.795455	mod_ratio	44	54	A	AAACA	ok	True
chr1	20912963	20912964	+	0.843137	mod_ratio	51	55	A	AGACC	ok	True
chr1	20913366	20913367	+	0.577778	mod_ratio	45	59	A	AAACA	ok	True
chr1	20927839	20927840	-	0.334694	mod_ratio	245	294	T	TGTTT	ok	True
chr1	20927945	20927946	-	0.194079	mod_ratio	304	338	T	AGTTC	ok	True
chr1	20927975	20927976	-	0.321543	mod_ratio	311	339	T	GGTCT	ok	True
chr1	20927984	20927985	-	0.551724	mod_ratio	290	339	T	GGTCT	ok	True
chr1	20927999	20928000	-	0.148855	mod_ratio	262	329	T	AGTTC	ok	True
chr1	20928006	20928007	-	0.475	mod_ratio	240	326	T	CGTTT	ok	False
chr1	20928010	20928011	-	0.193333	mod_ratio	300	338	T	TGTTC	ok	True
chr1	20928117	20928118	-	0.756458	mod_ratio	271	322	T	AGTTT	ok	True
chr1	20928150	20928151	-	0.764925	mod_ratio	268	309	T	TGTTT	ok	True
chr1	20928221	20928222	-	0.684411	mod_ratio	263	317	T	TGTCC	ok	True
chr1	20928227	20928228	-	0.188976	mod_ratio	254	315	T	AGTTT	ok	True
chr1	20928392	20928393	-	0.614504	mod_ratio	262	305	T	GGTCC	ok	True
chr1	20928400	20928401	-	0.101215	mod_ratio	247	303	T	GGTTC	ok	True
chr1	20929057	20929058	-	0.150235	mod_ratio	213	236	T	AGTCT	ok	True
chr1	20929098	20929099	-	0.282209	mod_ratio	163	233	T	AGTCC	ok	True
chr1	20929263	20929264	-	0.521739	mod_ratio	161	227	T	CGTTT	ok	False
chr1	20929386	20929387	-	0.316384	mod_ratio	177	218	T	AGTTT	ok	True
chr1	20929743	20929744	-	0.371257	mod_ratio	167	204	T	GGTCC	ok	True
chr1	20929780	20929781	-	0.190789	mod_ratio	152	192	T	AGTTC	ok	True
chr1	20929874	20929875	-	0.164706	mod_ratio	170	199	T	CGTCT	ok	False
chr1	20929879	20929880	-	0.814286	mod_ratio	70	185	T	GTTTT	ok	False
chr1	20962682	20962683	+	0.123506	mod_ratio	251	298	A	GAACA	ok	True
chr1	20963252	20963253	+	0.954545	mod_ratio	242	311	A	AGACA	ok	True
chr1	20963333	20963334	+	0.486275	mod_ratio	255	308	A	AAACT	ok	True
chr1	20963385	20963386	+	0.280851	mod_ratio	235	309	A	GAACA	ok	True
chr1	20963406	20963407	+	0.480769	mod_ratio	104	302	A	AAACT	ok	True
chr1	20968403	20968404	-	0.446735	mod_ratio	291	330	T	TGTCC	ok	True
chr1	20968486	20968487	-	0.181185	mod_ratio	287	320	T	AGTTC	ok	True
chr1	20968604	20968605	-	0.140152	mod_ratio	264	295	T	AGTCT	ok	True
chr1	20968855	20968856	-	0.65566	mod_ratio	212	241	T	GGTTT	ok	True
chr1	20968862	20968863	-	0.554455	mod_ratio	202	247	T	GGTCC	ok	True
chr1	20968896	20968897	-	0.425287	mod_ratio	174	242	T	TGTCC	ok	True
chr1	20968961	20968962	-	0.387978	mod_ratio	183	231	T	CGTCC	ok	False
chr1	20969077	20969078	-	0.922581	mod_ratio	155	205	T	TGTCT	ok	True
chr1	20969100	20969101	-	0.4	mod_ratio	165	203	T	GGTCT	ok	True
chr1	20969654	20969655	-	0.464	mod_ratio	125	144	T	GGTCC	ok	True
chr1	20970361	20970362	-	0.333333	mod_ratio	81	108	T	AGTCT	ok	True
chr1	20970949	20970950	-	0.4	mod_ratio	85	97	T	TGTTT	ok	True
chr1	21028491	21028492	+	0.549296	mod_ratio	71	81	A	GGACA	ok	True
chr1	21029595	21029596	+	0.241758	mod_ratio	91	103	A	AAACC	ok	True
chr1	21030047	21030048	+	0.83908	mod_ratio	87	115	A	GGACA	ok	True
chr1	21030100	21030101	+	0.888889	mod_ratio	36	127	A	AGACA	ok	True
chr1	21030157	21030158	+	0.344828	mod_ratio	116	126	A	GAACT	ok	True
chr1	21030258	21030259	+	0.681034	mod_ratio	116	127	A	AAACT	ok	True
chr1	21030481	21030482	+	0.494949	mod_ratio	99	124	A	GGACC	ok	True
chr1	21030562	21030563	+	0.685185	mod_ratio	54	116	A	GGACT	ok	True
chr1	21031380	21031381	+	0.35124	mod_ratio	242	271	A	AAACA	ok	True
chr1	21031716	21031717	+	0.267281	mod_ratio	217	276	A	AGACG	ok	False
chr1	21031926	21031927	+	0.339806	mod_ratio	206	245	A	GGACT	ok	True
chr1	21043794	21043795	+	0.567308	mod_ratio	208	277	A	AAACC	ok	True
chr1	21043925	21043926	+	1	mod_ratio	28	29	A	AAACA	ok	True
chr1	21044366	21044367	+	0.296417	mod_ratio	307	348	A	GAACC	ok	True
chr1	21044535	21044536	+	0.736462	mod_ratio	277	348	A	AAACG	ok	False
chr1	21044718	21044719	+	0.117155	mod_ratio	239	314	A	AAACT	ok	True
chr1	21073019	21073020	-	0.333333	mod_ratio	93	212	T	GGTTT	ok	True
chr1	21073211	21073212	-	0.120879	mod_ratio	182	240	T	TGTTT	ok	True
chr1	21073571	21073572	-	0.509868	mod_ratio	304	352	T	TGTTT	ok	True
chr1	21073587	21073588	-	0.477273	mod_ratio	88	108	T	CGTTT	ok	False
chr1	21073588	21073589	-	0.733668	mod_ratio	199	320	T	GTTTT	ok	False
chr1	21073589	21073590	-	0.769231	mod_ratio	39	361	T	TTTTT	ok	False
chr1	21073594	21073595	-	0.155063	mod_ratio	316	361	T	GGTTT	ok	True
chr1	21074060	21074061	-	0.104027	mod_ratio	298	332	T	CGTTC	ok	False
chr1	21074720	21074721	-	0.791519	mod_ratio	283	318	T	CGTCC	ok	False
chr1	21086572	21086573	-	0.837838	mod_ratio	37	64	T	GGTCT	ok	True
chr1	21086590	21086591	-	0.509091	mod_ratio	55	91	T	TGTTC	ok	True
chr1	21086642	21086643	-	0.283186	mod_ratio	113	142	T	AGTTT	ok	True
chr1	21086670	21086671	-	0.360656	mod_ratio	61	129	T	TGTTC	ok	True
chr1	21086715	21086716	-	0.5	mod_ratio	52	125	T	TGTTC	ok	True
chr1	21086805	21086806	-	0.209677	mod_ratio	124	159	T	GGTTT	ok	True
chr1	21086810	21086811	-	0.807407	mod_ratio	135	162	T	GGTTT	ok	True
chr1	21086837	21086838	-	0.296296	mod_ratio	135	164	T	CGTCT	ok	False
chr1	21086841	21086842	-	0.4375	mod_ratio	112	161	T	TGTCT	ok	True
chr1	21087003	21087004	-	0.349206	mod_ratio	126	154	T	AGTTC	ok	True
chr1	21088378	21088379	-	0.492537	mod_ratio	67	75	T	AGTTT	ok	True
chr1	21089958	21089959	-	0.301075	mod_ratio	93	110	T	AGTTC	ok	True
chr1	21090008	21090009	-	0.449438	mod_ratio	89	107	T	AGTTT	ok	True
chr1	21090235	21090236	-	0.52381	mod_ratio	105	130	T	TGTCT	ok	True
chr1	21091584	21091585	-	0.59322	mod_ratio	59	80	T	AGTCT	ok	True
chr1	21091951	21091952	-	0.525424	mod_ratio	59	66	T	AGTTT	ok	True
chr1	21142275	21142276	+	0.310345	mod_ratio	87	93	A	GAACT	ok	True
chr1	21143566	21143567	+	0.763441	mod_ratio	93	103	A	GGACC	ok	True
chr1	21144257	21144258	+	0.45283	mod_ratio	53	108	A	AAACA	ok	True
chr1	21144288	21144289	+	0.580247	mod_ratio	81	107	A	AAACT	ok	True
chr1	21159909	21159910	+	0.894737	mod_ratio	38	72	A	AAACG	ok	False
chr1	21159935	21159936	+	0.538462	mod_ratio	65	77	A	AAACT	ok	True
chr1	21160052	21160053	+	0.521127	mod_ratio	71	82	A	AGACG	ok	False
chr1	21160903	21160904	+	0.73494	mod_ratio	83	93	A	AAACC	ok	True
chr1	21161642	21161643	+	0.65	mod_ratio	80	96	A	AAACT	ok	True
chr1	21161694	21161695	+	0.753247	mod_ratio	77	99	A	AGACG	ok	False
chr1	21198442	21198443	-	0.2825	mod_ratio	400	470	T	GGTTC	ok	True
chr1	21198774	21198775	-	0.103261	mod_ratio	368	430	T	TGTCC	ok	True
chr1	21198910	21198911	-	0.105263	mod_ratio	209	291	T	TTTTT	ok	False
chr1	21198911	21198912	-	0.760563	mod_ratio	71	360	T	TTTTT	ok	False
chr1	21198912	21198913	-	0.965517	mod_ratio	29	386	T	TTTTT	ok	False
chr1	21257532	21257533	+	0.615385	mod_ratio	52	106	A	AGACC	ok	True
chr1	21257583	21257584	+	0.382979	mod_ratio	94	106	A	AAACC	ok	True
chr1	21355553	21355554	+	0.656566	mod_ratio	99	305	A	AAACA	ok	True
chr1	21355616	21355617	+	0.25	mod_ratio	300	344	A	AGACC	ok	True
chr1	21355662	21355663	+	0.122951	mod_ratio	244	314	A	GAACC	ok	True
chr1	21355799	21355800	+	0.388199	mod_ratio	322	365	A	AAACA	ok	True
chr1	21356113	21356114	+	0.52	mod_ratio	75	367	A	GAACA	ok	True
chr1	21356186	21356187	+	0.457831	mod_ratio	332	385	A	AAACT	ok	True
chr1	21356203	21356204	+	0.235465	mod_ratio	344	385	A	GAACG	ok	False
chr1	21356241	21356242	+	0.110448	mod_ratio	335	382	A	AGACT	ok	True
chr1	21356276	21356277	+	0.182371	mod_ratio	329	383	A	AAACC	ok	True
chr1	21356442	21356443	+	0.365145	mod_ratio	241	312	A	AGACT	ok	True
chr1	21362857	21362858	-	0.714286	mod_ratio	35	37	T	AGTTT	ok	True
chr1	21377829	21377830	+	0.178862	mod_ratio	123	138	A	GAACT	ok	True
chr1	21379025	21379026	+	0.322835	mod_ratio	127	163	A	GGACA	ok	True
chr1	21379069	21379070	+	0.153846	mod_ratio	156	173	A	GAACT	ok	True
chr1	21379140	21379141	+	0.423841	mod_ratio	151	182	A	GGACA	ok	True
chr1	21379187	21379188	+	0.447853	mod_ratio	163	185	A	AAACA	ok	True
chr1	21379191	21379192	+	0.184713	mod_ratio	157	182	A	AAACC	ok	True
chr1	21379393	21379394	+	0.143678	mod_ratio	174	206	A	GAACA	ok	True
chr1	21379743	21379744	+	0.213115	mod_ratio	183	209	A	GGACA	ok	True
chr1	21380094	21380095	+	0.809278	mod_ratio	194	230	A	GGACG	ok	False
chr1	21394482	21394483	+	0.795918	mod_ratio	49	54	A	AAACT	ok	True
chr1	21429954	21429955	-	0.410448	mod_ratio	134	183	T	AGTCT	ok	True
chr1	21429959	21429960	-	0.591304	mod_ratio	115	187	T	TGTTT	ok	True
chr1	21430120	21430121	-	0.177515	mod_ratio	169	212	T	GGTTT	ok	True
chr1	21430155	21430156	-	0.142857	mod_ratio	154	205	T	AGTCT	ok	True
chr1	21430193	21430194	-	0.163043	mod_ratio	184	210	T	CGTTC	ok	False
chr1	21430198	21430199	-	0.174419	mod_ratio	172	209	T	TGTTT	ok	True
chr1	21430210	21430211	-	0.467836	mod_ratio	171	208	T	AGTTT	ok	True
chr1	21430593	21430594	-	0.347059	mod_ratio	170	198	T	TGTTT	ok	True
chr1	21430620	21430621	-	0.901163	mod_ratio	172	198	T	CGTTT	ok	False
chr1	21430776	21430777	-	0.27439	mod_ratio	164	189	T	GGTCT	ok	True
chr1	21504358	21504359	-	0.5	mod_ratio	54	70	T	TGTTC	ok	True
chr1	21504574	21504575	-	0.389831	mod_ratio	59	78	T	GGTTT	ok	True
chr1	21505278	21505279	-	0.957447	mod_ratio	47	64	T	CGTTT	ok	False
chr1	21538028	21538029	-	0.647059	mod_ratio	34	40	T	TGTCT	ok	True
chr1	21538058	21538059	-	0.878788	mod_ratio	33	38	T	TGTCT	ok	True
chr1	21612480	21612481	-	0.689189	mod_ratio	74	103	T	AGTTT	ok	True
chr1	21612942	21612943	-	0.245455	mod_ratio	110	121	T	AGTTT	ok	True
chr1	21613076	21613077	-	0.428571	mod_ratio	91	105	T	GGTTT	ok	True
chr1	21613190	21613191	-	0.623529	mod_ratio	85	92	T	TGTTT	ok	True
chr1	21613483	21613484	-	0.450704	mod_ratio	71	90	T	CGTCC	ok	False
chr1	21613959	21613960	-	0.413333	mod_ratio	75	81	T	CGTCT	ok	False
chr1	21620419	21620420	-	0.953488	mod_ratio	43	51	T	CGTCT	ok	False
chr1	21621095	21621096	-	0.658537	mod_ratio	41	48	T	AGTTT	ok	True
chr1	21622043	21622044	-	0.837838	mod_ratio	37	43	T	TGTCT	ok	True
chr1	21623770	21623771	-	0.358871	mod_ratio	248	344	T	AGTTT	ok	True
chr1	21623826	21623827	-	0.137405	mod_ratio	262	359	T	AGTCT	ok	True
chr1	21623900	21623901	-	0.153558	mod_ratio	267	340	T	AGTCT	ok	True
chr1	21623968	21623969	-	0.198556	mod_ratio	277	396	T	AGTTT	ok	True
chr1	21624042	21624043	-	0.205056	mod_ratio	356	390	T	TGTTC	ok	True
chr1	21624076	21624077	-	0.17847	mod_ratio	353	388	T	TGTCT	ok	True
chr1	21624100	21624101	-	0.394822	mod_ratio	309	380	T	TGTTC	ok	True
chr1	21624137	21624138	-	0.183976	mod_ratio	337	380	T	CGTTC	ok	False
chr1	21624193	21624194	-	0.5	mod_ratio	74	369	T	TGTTC	ok	True
chr1	21624335	21624336	-	0.789474	mod_ratio	38	343	T	CGTCT	ok	False
chr1	21624389	21624390	-	0.603239	mod_ratio	247	335	T	GGTTT	ok	True
chr1	21624476	21624477	-	0.225455	mod_ratio	275	316	T	TGTTT	ok	True
chr1	21624602	21624603	-	0.747967	mod_ratio	246	306	T	CGTCT	ok	False
chr1	21624832	21624833	-	0.961702	mod_ratio	235	269	T	CGTTT	ok	False
chr1	21624864	21624865	-	0.227053	mod_ratio	207	273	T	AGTTC	ok	True
chr1	21624917	21624918	-	0.365546	mod_ratio	238	267	T	TGTTC	ok	True
chr1	21624948	21624949	-	0.502347	mod_ratio	213	248	T	TGTTT	ok	True
chr1	21625011	21625012	-	0.325688	mod_ratio	218	252	T	TGTTT	ok	True
chr1	21625811	21625812	-	0.279621	mod_ratio	211	232	T	TGTTC	ok	True
chr1	21625895	21625896	-	0.824742	mod_ratio	194	237	T	CGTCT	ok	False
chr1	21625900	21625901	-	0.221557	mod_ratio	167	237	T	GGTTC	ok	True
chr1	21626008	21626009	-	0.206186	mod_ratio	194	225	T	AGTCT	ok	True
chr1	21676692	21676693	+	0.827586	mod_ratio	29	36	A	GGACC	ok	True
chr1	21678417	21678418	+	0.783784	mod_ratio	37	43	A	GAACT	ok	True
chr1	21679942	21679943	+	0.610169	mod_ratio	59	63	A	AGACA	ok	True
chr1	21680160	21680161	+	0.423729	mod_ratio	59	69	A	AAACC	ok	True
chr1	21738208	21738209	+	0.840909	mod_ratio	44	50	A	AGACA	ok	True
chr1	21770018	21770019	-	0.480315	mod_ratio	254	275	T	GGTCT	ok	True
chr1	21770892	21770893	-	0.179688	mod_ratio	128	230	T	GGTTT	ok	True
chr1	21771043	21771044	-	0.142857	mod_ratio	182	208	T	AGTTT	ok	True
chr1	21771066	21771067	-	0.124294	mod_ratio	177	208	T	CGTTT	ok	False
chr1	21806276	21806277	-	0.558036	mod_ratio	224	245	T	GGTCT	ok	True
chr1	21807301	21807302	-	0.217647	mod_ratio	170	201	T	AGTTT	ok	True
chr1	21807324	21807325	-	0.129412	mod_ratio	170	201	T	CGTTT	ok	False
chr1	21842534	21842535	-	0.460784	mod_ratio	204	227	T	GGTCT	ok	True
chr1	21843408	21843409	-	0.185484	mod_ratio	124	196	T	GGTTT	ok	True
chr1	21843559	21843560	-	0.165605	mod_ratio	157	186	T	AGTTT	ok	True
chr1	21936609	21936610	+	0.657534	mod_ratio	73	88	A	AAACC	ok	True
chr1	21936695	21936696	+	0.34375	mod_ratio	64	88	A	AGACG	ok	False
chr1	21937614	21937615	+	0.847222	mod_ratio	72	93	A	AGACG	ok	False
chr1	21937670	21937671	+	0.736842	mod_ratio	76	94	A	AAACG	ok	False
chr1	22053259	22053260	+	0.430233	mod_ratio	86	96	A	GAACG	ok	False
chr1	22053623	22053624	+	0.701149	mod_ratio	87	100	A	GGACC	ok	True
chr1	22053682	22053683	+	0.789474	mod_ratio	76	100	A	AAACT	ok	True
chr1	22053806	22053807	+	0.5	mod_ratio	54	86	A	AAACA	ok	True
chr1	22053818	22053819	+	0.472727	mod_ratio	55	90	A	AAACA	ok	True
chr1	22091024	22091025	-	0.956522	mod_ratio	23	30	T	CGTCT	ok	False
chr1	22093609	22093610	-	0.46875	mod_ratio	128	143	T	AGTTC	ok	True
chr1	22093931	22093932	-	0.170543	mod_ratio	129	150	T	TGTTT	ok	True
chr1	22093965	22093966	-	0.23622	mod_ratio	127	152	T	GGTTT	ok	True
chr1	22093969	22093970	-	0.69697	mod_ratio	33	153	T	TGTCT	ok	True
chr1	22094095	22094096	-	0.343284	mod_ratio	134	150	T	AGTTC	ok	True
chr1	22094171	22094172	-	0.727941	mod_ratio	136	151	T	TGTCC	ok	True
chr1	22094487	22094488	-	0.528846	mod_ratio	104	127	T	GGTTT	ok	True
chr1	22095571	22095572	-	0.686275	mod_ratio	51	62	T	TGTTT	ok	True
chr1	22095995	22095996	-	0.808511	mod_ratio	47	61	T	CGTTT	ok	False
chr1	22096008	22096009	-	0.533333	mod_ratio	45	55	T	TGTTT	ok	True
chr1	22096209	22096210	-	0.534884	mod_ratio	43	52	T	AGTTT	ok	True
chr1	22305845	22305846	-	0.717391	mod_ratio	46	62	T	CGTTT	ok	False
chr1	22305875	22305876	-	0.462687	mod_ratio	67	80	T	AGTTT	ok	True
chr1	22305986	22305987	-	0.371429	mod_ratio	70	82	T	TGTTT	ok	True
chr1	22306067	22306068	-	0.351351	mod_ratio	74	90	T	GGTTC	ok	True
chr1	22306343	22306344	-	0.590909	mod_ratio	66	81	T	TGTTC	ok	True
chr1	22306374	22306375	-	0.3375	mod_ratio	80	89	T	AGTTT	ok	True
chr1	22306850	22306851	-	0.78125	mod_ratio	64	82	T	CGTTT	ok	False
chr1	22307228	22307229	-	0.360656	mod_ratio	61	77	T	CGTCT	ok	False
chr1	22307987	22307988	-	0.465517	mod_ratio	58	71	T	AGTTC	ok	True
chr1	22314278	22314279	-	0.897959	mod_ratio	49	64	T	TGTCT	ok	True
chr1	22314575	22314576	-	0.47541	mod_ratio	61	67	T	GGTTT	ok	True
chr1	22315336	22315337	-	0.571429	mod_ratio	49	58	T	TGTTC	ok	True
chr1	22315488	22315489	-	0.619048	mod_ratio	42	55	T	GGTTT	ok	True
chr1	22324751	22324752	-	0.676471	mod_ratio	34	41	T	CGTTT	ok	False
chr1	22325862	22325863	-	0.878788	mod_ratio	33	37	T	TGTCC	ok	True
chr1	22326684	22326685	-	0.88	mod_ratio	25	33	T	CGTTT	ok	False
chr1	22326766	22326767	-	0.793103	mod_ratio	29	34	T	GGTTT	ok	True
chr1	22342651	22342652	-	0.74359	mod_ratio	39	45	T	GGTCC	ok	True
chr1	22342819	22342820	-	0.694444	mod_ratio	36	43	T	GGTCT	ok	True
chr1	22354848	22354849	-	0.5	mod_ratio	120	143	T	AGTTT	ok	True
chr1	22354883	22354884	-	0.59322	mod_ratio	59	160	T	GTTTT	ok	False
chr1	22355070	22355071	-	0.366412	mod_ratio	131	144	T	GGTTT	ok	True
chr1	22355104	22355105	-	0.397059	mod_ratio	136	158	T	TGTCT	ok	True
chr1	22355207	22355208	-	0.419355	mod_ratio	124	144	T	AGTTT	ok	True
chr1	22355229	22355230	-	0.381944	mod_ratio	144	155	T	TGTTC	ok	True
chr1	22355234	22355235	-	0.746269	mod_ratio	134	151	T	TGTTT	ok	True
chr1	22355315	22355316	-	0.268116	mod_ratio	138	150	T	TGTCC	ok	True
chr1	22355379	22355380	-	0.87218	mod_ratio	133	147	T	GGTCT	ok	True
chr1	22355547	22355548	-	0.234783	mod_ratio	115	141	T	GGTCC	ok	True
chr1	22355568	22355569	-	0.644068	mod_ratio	118	140	T	CGTCC	ok	False
chr1	22356189	22356190	-	0.296296	mod_ratio	108	120	T	AGTTC	ok	True
chr1	22356428	22356429	-	0.777778	mod_ratio	90	111	T	GGTCT	ok	True
chr1	22358633	22358634	-	0.916667	mod_ratio	24	25	T	GGTCT	ok	True
chr1	22369168	22369169	-	0.706897	mod_ratio	58	62	T	TGTTT	ok	True
chr1	22369200	22369201	-	0.590909	mod_ratio	44	57	T	TGTCC	ok	True
chr1	22369210	22369211	-	0.966667	mod_ratio	30	38	T	CGTTT	ok	False
chr1	22369769	22369770	-	0.744186	mod_ratio	43	59	T	TGTCC	ok	True
chr1	22370191	22370192	-	0.6	mod_ratio	50	56	T	CGTCC	ok	False
chr1	22370415	22370416	-	0.609756	mod_ratio	41	55	T	CGTCC	ok	False
chr1	22370448	22370449	-	0.688889	mod_ratio	45	52	T	AGTCC	ok	True
chr1	22388631	22388632	-	0.8	mod_ratio	35	38	T	CGTCT	ok	False
chr1	22410136	22410137	+	0.933333	mod_ratio	30	69	A	AAACG	ok	False
chr1	22444554	22444555	+	0.316883	mod_ratio	1925	2363	A	AAACA	ok	True
chr1	22444600	22444601	+	0.196143	mod_ratio	2437	2709	A	GAACT	ok	True
chr1	22444704	22444705	+	0.506329	mod_ratio	79	2884	A	GGACG	ok	False
chr1	22444898	22444899	+	0.376812	mod_ratio	69	3083	A	TGACC	ok	True
chr1	22444920	22444921	+	0.154989	mod_ratio	2355	3076	A	GAACA	ok	True
chr1	22444984	22444985	+	0.329559	mod_ratio	2561	3121	A	AAACC	ok	True
chr1	22445097	22445098	+	0.495957	mod_ratio	2597	2977	A	AAACT	ok	True
chr1	22445158	22445159	+	0.644002	mod_ratio	1809	2298	A	AAACT	ok	True
chr1	22445215	22445216	+	0.522388	mod_ratio	67	106	A	AAACA	ok	True
chr1	22462544	22462545	+	0.686275	mod_ratio	51	57	A	AAACG	ok	False
chr1	22462616	22462617	+	0.829787	mod_ratio	47	61	A	AAACT	ok	True
chr1	22543424	22543425	+	0.758621	mod_ratio	29	32	A	AAACG	ok	False
chr1	22543941	22543942	+	0.933333	mod_ratio	30	37	A	AGACA	ok	True
chr1	22544495	22544496	+	0.8125	mod_ratio	32	42	A	GGACC	ok	True
chr1	22559779	22559780	+	0.958333	mod_ratio	24	26	A	AGACA	ok	True
chr1	22586947	22586948	+	0.931034	mod_ratio	29	33	A	AAACG	ok	False
chr1	22608350	22608351	-	0.956522	mod_ratio	23	24	T	CGTCT	ok	False
chr1	22700095	22700096	+	0.191331	mod_ratio	1615	2539	A	AAACC	ok	True
chr1	22700142	22700143	+	0.19214	mod_ratio	2977	3547	A	GAACA	ok	True
chr1	22700199	22700200	+	0.891046	mod_ratio	2781	3648	A	AGACA	ok	True
chr1	22700207	22700208	+	0.938755	mod_ratio	3037	3663	A	AGACA	ok	True
chr1	22700225	22700226	+	0.208701	mod_ratio	3057	3680	A	AAACC	ok	True
chr1	22700398	22700399	+	0.128765	mod_ratio	3254	3749	A	AGACC	ok	True
chr1	22700556	22700557	+	0.568966	mod_ratio	58	3785	A	CGACC	ok	False
chr1	22700574	22700575	+	0.39446	mod_ratio	3321	3930	A	AGACC	ok	True
chr1	22700759	22700760	+	0.27132	mod_ratio	2908	3636	A	GGACA	ok	True
chr1	22700763	22700764	+	0.22561	mod_ratio	164	3075	A	ATACA	ok	False
chr1	22700778	22700779	+	0.22807	mod_ratio	171	4186	A	AGACA	ok	True
chr1	22700784	22700785	+	0.4	mod_ratio	60	4056	A	TTACA	ok	False
chr1	22700844	22700845	+	0.380914	mod_ratio	3699	4255	A	GGACT	ok	True
chr1	22700872	22700873	+	0.162069	mod_ratio	290	4362	A	AAACA	ok	True
chr1	22700935	22700936	+	0.56338	mod_ratio	71	4345	A	GGACC	ok	True
chr1	22700992	22700993	+	0.363005	mod_ratio	3741	4502	A	AAACT	ok	True
chr1	22701055	22701056	+	0.164894	mod_ratio	3384	4231	A	GGACT	ok	True
chr1	22701073	22701074	+	0.591733	mod_ratio	3532	4542	A	GGACC	ok	True
chr1	22701128	22701129	+	0.653846	mod_ratio	104	4576	A	TGACC	ok	True
chr1	22701195	22701196	+	0.578947	mod_ratio	38	4386	A	ATATT	ok	False
chr1	22701211	22701212	+	0.795455	mod_ratio	44	4299	A	CTACC	ok	False
chr1	22701247	22701248	+	0.704225	mod_ratio	71	4366	A	AAACA	ok	True
chr1	22701289	22701290	+	0.929191	mod_ratio	2076	3058	A	AAACG	ok	False
chr1	22701296	22701297	+	0.180451	mod_ratio	133	2219	A	AAAAC	ok	False
chr1	22701297	22701298	+	0.141502	mod_ratio	1265	2098	A	AAACT	ok	True
chr1	22701332	22701333	+	0.37234	mod_ratio	94	155	A	AAACA	ok	True
chr1	22718724	22718725	-	0.574468	mod_ratio	47	54	T	AGTTT	ok	True
chr1	22718839	22718840	-	0.634615	mod_ratio	52	100	T	GTTTT	ok	False
chr1	22718950	22718951	-	0.278261	mod_ratio	115	132	T	CGTTC	ok	False
chr1	22721284	22721285	-	1	mod_ratio	25	28	T	CGTTT	ok	False
chr1	22721765	22721766	-	0.821429	mod_ratio	28	33	T	AGTTT	ok	True
chr1	22738640	22738641	+	0.884615	mod_ratio	26	31	A	AAACA	ok	True
chr1	22739299	22739300	+	0.69697	mod_ratio	33	40	A	AGACG	ok	False
chr1	22798362	22798363	-	0.717949	mod_ratio	39	45	T	GGTCT	ok	True
chr1	22812709	22812710	-	0.928571	mod_ratio	28	87	T	TGTTT	ok	True
chr1	22812820	22812821	-	0.368421	mod_ratio	76	125	T	TGTTT	ok	True
chr1	22812852	22812853	-	0.808081	mod_ratio	99	125	T	TGTCC	ok	True
chr1	22814642	22814643	+	0.764706	mod_ratio	34	54	A	AAACG	ok	False
chr1	22814922	22814923	+	0.636364	mod_ratio	44	59	A	AAACT	ok	True
chr1	22865519	22865520	-	0.896552	mod_ratio	29	31	T	CGTCT	ok	False
chr1	22933497	22933498	+	0.694915	mod_ratio	59	69	A	AGACA	ok	True
chr1	22975630	22975631	-	0.437888	mod_ratio	322	359	T	AGTCT	ok	True
chr1	22975689	22975690	-	0.115756	mod_ratio	311	362	T	TGTTT	ok	True
chr1	22976367	22976368	-	0.270588	mod_ratio	255	278	T	AGTTC	ok	True
chr1	22976510	22976511	-	0.536585	mod_ratio	246	269	T	TGTCC	ok	True
chr1	22976555	22976556	-	0.668016	mod_ratio	247	266	T	GGTCT	ok	True
chr1	22976713	22976714	-	0.882653	mod_ratio	196	240	T	CGTTT	ok	False
chr1	22976721	22976722	-	0.546798	mod_ratio	203	229	T	GGTTT	ok	True
chr1	22977175	22977176	-	0.543353	mod_ratio	173	208	T	CGTTT	ok	False
chr1	22977183	22977184	-	0.4	mod_ratio	170	205	T	GGTTT	ok	True
chr1	22977215	22977216	-	0.24581	mod_ratio	179	202	T	GGTTC	ok	True
chr1	22995873	22995874	-	0.770492	mod_ratio	61	67	T	TGTCC	ok	True
chr1	22996595	22996596	-	0.807692	mod_ratio	52	64	T	CGTCC	ok	False
chr1	23082405	23082406	+	0.221925	mod_ratio	374	411	A	AAACC	ok	True
chr1	23082619	23082620	+	0.237838	mod_ratio	370	413	A	AGACA	ok	True
chr1	23082679	23082680	+	0.907357	mod_ratio	367	421	A	AGACA	ok	True
chr1	23083254	23083255	+	0.624324	mod_ratio	370	432	A	GGACG	ok	False
chr1	23083267	23083268	+	0.412987	mod_ratio	385	435	A	AGACT	ok	True
chr1	23083368	23083369	+	0.460957	mod_ratio	397	449	A	GAACA	ok	True
chr1	23083389	23083390	+	0.588542	mod_ratio	384	452	A	GGACA	ok	True
chr1	23083421	23083422	+	0.375465	mod_ratio	269	460	A	AAACC	ok	True
chr1	23083486	23083487	+	0.264957	mod_ratio	351	457	A	AGACG	ok	False
chr1	23084034	23084035	+	0.24838	mod_ratio	463	530	A	GAACT	ok	True
chr1	23084059	23084060	+	0.2713	mod_ratio	446	525	A	AGACT	ok	True
chr1	23084142	23084143	+	0.236659	mod_ratio	431	520	A	AAACT	ok	True
chr1	23084736	23084737	-	0.625	mod_ratio	48	53	T	AGTTT	ok	True
chr1	23085298	23085299	-	1	mod_ratio	28	31	T	CGTCT	ok	False
chr1	23129109	23129110	+	0.326087	mod_ratio	92	110	A	GAACA	ok	True
chr1	23129274	23129275	+	0.294643	mod_ratio	112	131	A	AAACC	ok	True
chr1	23129287	23129288	+	0.247706	mod_ratio	109	130	A	AAACA	ok	True
chr1	23129308	23129309	+	0.22807	mod_ratio	114	143	A	AAACT	ok	True
chr1	23129356	23129357	+	0.183206	mod_ratio	131	161	A	AAACT	ok	True
chr1	23129386	23129387	+	0.483146	mod_ratio	89	174	A	AAACA	ok	True
chr1	23129496	23129497	+	0.51634	mod_ratio	153	181	A	AAACC	ok	True
chr1	23129562	23129563	+	0.477941	mod_ratio	136	173	A	AAACT	ok	True
chr1	23136463	23136464	-	0.61811	mod_ratio	254	292	T	AGTTT	ok	True
chr1	23136575	23136576	-	0.906883	mod_ratio	247	324	T	TGTCC	ok	True
chr1	23136624	23136625	-	0.141129	mod_ratio	248	315	T	GGTTC	ok	True
chr1	23136772	23136773	-	0.232143	mod_ratio	224	293	T	AGTCC	ok	True
chr1	23136824	23136825	-	0.886792	mod_ratio	212	292	T	CGTTT	ok	False
chr1	23136928	23136929	-	0.138211	mod_ratio	246	270	T	GGTTT	ok	True
chr1	23136940	23136941	-	0.184615	mod_ratio	195	221	T	GGTTT	ok	True
chr1	23136964	23136965	-	0.510549	mod_ratio	237	271	T	GGTTT	ok	True
chr1	23136970	23136971	-	0.311377	mod_ratio	167	199	T	TGTTT	ok	True
chr1	23136971	23136972	-	0.462687	mod_ratio	67	271	T	GTTTT	ok	False
chr1	23137068	23137069	-	0.159184	mod_ratio	245	267	T	GGTTC	ok	True
chr1	23137113	23137114	-	0.459574	mod_ratio	235	263	T	GGTTT	ok	True
chr1	23203149	23203150	+	0.659091	mod_ratio	44	50	A	AAACC	ok	True
chr1	23203486	23203487	+	0.675	mod_ratio	40	52	A	AGACG	ok	False
chr1	23233114	23233115	+	0.892857	mod_ratio	28	34	A	AGACA	ok	True
chr1	23233513	23233514	-	0.875	mod_ratio	72	124	T	CGTTT	ok	False
chr1	23233514	23233515	-	0.737226	mod_ratio	137	295	T	GTTTT	ok	False
chr1	23233535	23233536	-	0.721519	mod_ratio	79	323	T	TGTCT	ok	True
chr1	23233562	23233563	-	0.341379	mod_ratio	290	342	T	TGTCT	ok	True
chr1	23233593	23233594	-	0.25	mod_ratio	92	272	T	GTTTT	ok	False
chr1	23233594	23233595	-	0.283186	mod_ratio	113	339	T	TTTTT	ok	False
chr1	23233600	23233601	-	0.471483	mod_ratio	263	341	T	TGTCT	ok	True
chr1	23233620	23233621	-	0.699647	mod_ratio	283	325	T	TGTTT	ok	True
chr1	23233658	23233659	-	0.146179	mod_ratio	301	350	T	GGTTC	ok	True
chr1	23233892	23233893	-	0.367857	mod_ratio	280	332	T	GGTTT	ok	True
chr1	23233896	23233897	-	0.422535	mod_ratio	71	326	T	TGTCT	ok	True
chr1	23233994	23233995	-	0.188612	mod_ratio	281	313	T	GGTTC	ok	True
chr1	23234168	23234169	-	0.148594	mod_ratio	249	292	T	AGTCC	ok	True
chr1	23234529	23234530	-	0.271429	mod_ratio	210	237	T	GGTTT	ok	True
chr1	23234625	23234626	-	0.22549	mod_ratio	102	117	T	TGTTT	ok	True
chr1	23234674	23234675	-	0.311881	mod_ratio	202	231	T	CGTTC	ok	False
chr1	23234709	23234710	-	0.515789	mod_ratio	190	226	T	GGTTT	ok	True
chr1	23235003	23235004	-	0.809249	mod_ratio	173	205	T	TGTTC	ok	True
chr1	23235129	23235130	-	0.173333	mod_ratio	150	196	T	GGTTC	ok	True
chr1	23235428	23235429	-	0.323944	mod_ratio	142	166	T	TGTCC	ok	True
chr1	23235461	23235462	-	0.275	mod_ratio	120	167	T	TGTCC	ok	True
chr1	23235522	23235523	-	0.204225	mod_ratio	142	163	T	AGTCT	ok	True
chr1	23235595	23235596	-	0.489209	mod_ratio	139	160	T	CGTTC	ok	False
chr1	23235652	23235653	-	0.4	mod_ratio	125	152	T	TGTTT	ok	True
chr1	23235712	23235713	-	0.316547	mod_ratio	139	156	T	TGTTC	ok	True
chr1	23235815	23235816	-	0.318966	mod_ratio	116	152	T	CGTCT	ok	False
chr1	23236246	23236247	-	0.205128	mod_ratio	117	144	T	CGTCT	ok	False
chr1	23249235	23249236	-	0.722222	mod_ratio	108	162	T	CGTTC	ok	False
chr1	23249721	23249722	-	0.471264	mod_ratio	87	106	T	GGTTT	ok	True
chr1	23249842	23249843	-	0.478261	mod_ratio	92	122	T	GGTTT	ok	True
chr1	23249867	23249868	-	0.532847	mod_ratio	137	165	T	AGTTT	ok	True
chr1	23250045	23250046	-	0.385827	mod_ratio	127	155	T	TGTTT	ok	True
chr1	23250192	23250193	-	0.539823	mod_ratio	113	160	T	TGTCC	ok	True
chr1	23250229	23250230	-	0.756303	mod_ratio	119	157	T	CGTTT	ok	False
chr1	23250743	23250744	-	0.892857	mod_ratio	112	148	T	TGTCT	ok	True
chr1	23250856	23250857	-	0.245283	mod_ratio	106	142	T	AGTTT	ok	True
chr1	23252446	23252447	+	0.348485	mod_ratio	66	75	A	AAACT	ok	True
chr1	23263950	23263951	-	0.521739	mod_ratio	46	51	T	TGTCT	ok	True
chr1	23318290	23318291	-	0.769231	mod_ratio	52	61	T	TGTTT	ok	True
chr1	23318883	23318884	-	0.675	mod_ratio	40	50	T	CGTTT	ok	False
chr1	23342688	23342689	+	0.836735	mod_ratio	49	54	A	AAACC	ok	True
chr1	23342764	23342765	+	0.666667	mod_ratio	45	57	A	AGACG	ok	False
chr1	23342947	23342948	+	0.44	mod_ratio	50	61	A	AAACC	ok	True
chr1	23343536	23343537	+	0.578947	mod_ratio	57	64	A	AAACT	ok	True
chr1	23343665	23343666	+	0.466667	mod_ratio	60	65	A	AGACT	ok	True
chr1	23344049	23344050	+	0.380952	mod_ratio	63	77	A	AAACT	ok	True
chr1	23426932	23426933	+	0.857143	mod_ratio	42	46	A	AGACA	ok	True
chr1	23427082	23427083	+	0.581395	mod_ratio	43	46	A	GAACA	ok	True
chr1	23449782	23449783	+	0.885714	mod_ratio	35	41	A	AGACA	ok	True
chr1	23472455	23472456	-	0.488889	mod_ratio	45	60	T	TGTCC	ok	True
chr1	23535725	23535726	+	0.83871	mod_ratio	31	41	A	AAACT	ok	True
chr1	23536165	23536166	+	0.630435	mod_ratio	46	51	A	AAACG	ok	False
chr1	23585080	23585081	-	0.821429	mod_ratio	28	34	T	TGTCT	ok	True
chr1	23585191	23585192	-	0.923077	mod_ratio	26	31	T	CGTTT	ok	False
chr1	23621170	23621171	+	0.88	mod_ratio	25	31	A	GGACA	ok	True
chr1	23622083	23622084	+	0.96875	mod_ratio	32	35	A	AGACG	ok	False
chr1	23657749	23657750	-	0.454545	mod_ratio	77	94	T	AGTTC	ok	True
chr1	23657763	23657764	-	0.430556	mod_ratio	72	83	T	TGTCT	ok	True
chr1	23658057	23658058	-	0.463415	mod_ratio	82	89	T	GGTTT	ok	True
chr1	23658231	23658232	-	0.926471	mod_ratio	68	88	T	TGTCT	ok	True
chr1	23658419	23658420	-	0.394366	mod_ratio	71	82	T	TGTTT	ok	True
chr1	23658620	23658621	-	0.569231	mod_ratio	65	75	T	CGTCC	ok	False
chr1	23658737	23658738	-	0.47619	mod_ratio	63	71	T	CGTTC	ok	False
chr1	23658748	23658749	-	0.41791	mod_ratio	67	71	T	AGTTC	ok	True
chr1	23659340	23659341	-	0.541667	mod_ratio	48	56	T	TGTCC	ok	True
chr1	23662259	23662260	-	0.956522	mod_ratio	23	29	T	TGTCC	ok	True
chr1	23665036	23665037	-	1	mod_ratio	25	27	T	CGTTT	ok	False
chr1	23666019	23666020	-	0.758621	mod_ratio	29	34	T	GGTCC	ok	True
chr1	23732306	23732307	+	0.319444	mod_ratio	72	91	A	AAACT	ok	True
chr1	23732490	23732491	+	0.293333	mod_ratio	75	91	A	GGACA	ok	True
chr1	23733470	23733471	+	0.590909	mod_ratio	88	101	A	AAACT	ok	True
chr1	23739112	23739113	-	0.220339	mod_ratio	118	143	T	CGTCT	ok	False
chr1	23739142	23739143	-	0.529915	mod_ratio	117	142	T	CGTCC	ok	False
chr1	23740122	23740123	-	0.407895	mod_ratio	76	104	T	CGTTT	ok	False
chr1	23740132	23740133	-	0.421053	mod_ratio	114	125	T	GGTTT	ok	True
chr1	23742695	23742696	+	0.714286	mod_ratio	63	72	A	AAACA	ok	True
chr1	23743110	23743111	+	0.442623	mod_ratio	61	75	A	GGACA	ok	True
chr1	23758609	23758610	-	0.6	mod_ratio	40	44	T	AGTTT	ok	True
chr1	23759123	23759124	-	0.914286	mod_ratio	35	39	T	CGTTT	ok	False
chr1	23789349	23789350	+	0.666667	mod_ratio	48	109	A	AAACC	ok	True
chr1	23789520	23789521	+	0.22314	mod_ratio	121	142	A	AAACC	ok	True
chr1	23790192	23790193	+	0.261194	mod_ratio	134	160	A	GGACA	ok	True
chr1	23825474	23825475	-	0.731707	mod_ratio	41	56	T	GGTTT	ok	True
chr1	23828740	23828741	-	0.727273	mod_ratio	33	40	T	AGTTT	ok	True
chr1	23829630	23829631	-	0.903226	mod_ratio	31	37	T	TGTCT	ok	True
chr1	23833645	23833646	+	0.245833	mod_ratio	240	348	A	AAACC	ok	True
chr1	23834809	23834810	+	0.508547	mod_ratio	234	347	A	AAACC	ok	True
chr1	23834812	23834813	+	0.73913	mod_ratio	46	408	A	CCACC	ok	False
chr1	23834897	23834898	+	0.427419	mod_ratio	372	434	A	GGACA	ok	True
chr1	23835107	23835108	+	0.784741	mod_ratio	367	450	A	GGACC	ok	True
chr1	23835113	23835114	+	0.182156	mod_ratio	269	460	A	AAACC	ok	True
chr1	23835157	23835158	+	0.466867	mod_ratio	332	460	A	AAACC	ok	True
chr1	23835247	23835248	+	0.147757	mod_ratio	379	462	A	AGACT	ok	True
chr1	23835353	23835354	+	0.677249	mod_ratio	378	454	A	AAACC	ok	True
chr1	23835369	23835370	+	0.444056	mod_ratio	286	426	A	AAACA	ok	True
chr1	23835375	23835376	+	0.429936	mod_ratio	314	402	A	AAACA	ok	True
chr1	23886890	23886891	+	0.770833	mod_ratio	48	54	A	AGACA	ok	True
chr1	23888994	23888995	+	0.281879	mod_ratio	149	168	A	AGACT	ok	True
chr1	23888997	23888998	+	0.380952	mod_ratio	63	230	A	CTACT	ok	False
chr1	23889126	23889127	+	0.208955	mod_ratio	201	241	A	AAACC	ok	True
chr1	23889356	23889357	+	0.276699	mod_ratio	206	262	A	AGACA	ok	True
chr1	23889360	23889361	+	0.206278	mod_ratio	223	264	A	AAACA	ok	True
chr1	23889409	23889410	+	0.105263	mod_ratio	228	268	A	AAACA	ok	True
chr1	23913609	23913610	+	0.641026	mod_ratio	39	41	A	AGACA	ok	True
chr1	23914646	23914647	+	0.590909	mod_ratio	44	46	A	AGACA	ok	True
chr1	23916099	23916100	-	1	mod_ratio	24	27	T	TGTCC	ok	True
chr1	23953325	23953326	+	0.577778	mod_ratio	45	60	A	AAACC	ok	True
chr1	23953488	23953489	+	0.438356	mod_ratio	73	74	A	AAACA	ok	True
chr1	23953518	23953519	+	0.492308	mod_ratio	65	76	A	AAACT	ok	True
chr1	23953529	23953530	+	0.763889	mod_ratio	72	77	A	AAACC	ok	True
chr1	23953544	23953545	+	0.897059	mod_ratio	68	77	A	AAACC	ok	True
chr1	23953568	23953569	+	0.41791	mod_ratio	67	73	A	AAACC	ok	True
chr1	23953627	23953628	+	0.370968	mod_ratio	62	75	A	GGACG	ok	False
chr1	23953721	23953722	+	0.323529	mod_ratio	68	74	A	AGACC	ok	True
chr1	23953858	23953859	+	0.795918	mod_ratio	49	56	A	GGACC	ok	True
chr1	23954026	23954027	+	0.647059	mod_ratio	34	47	A	AGACG	ok	False
chr1	23954860	23954861	-	0.234657	mod_ratio	277	329	T	AGTTT	ok	True
chr1	23954930	23954931	-	0.107034	mod_ratio	327	439	T	TGTTC	ok	True
chr1	23954982	23954983	-	0.124706	mod_ratio	425	475	T	TGTTC	ok	True
chr1	23955063	23955064	-	0.443213	mod_ratio	361	483	T	GGTCT	ok	True
chr1	23955088	23955089	-	0.106965	mod_ratio	402	474	T	GGTTT	ok	True
chr1	23955138	23955139	-	0.390244	mod_ratio	410	473	T	GGTTT	ok	True
chr1	23955870	23955871	-	0.284457	mod_ratio	341	456	T	TGTCT	ok	True
chr1	23955875	23955876	-	0.688136	mod_ratio	295	457	T	GGTCT	ok	True
chr1	23955892	23955893	-	0.412698	mod_ratio	315	438	T	TGTTT	ok	True
chr1	23955926	23955927	-	0.133758	mod_ratio	314	439	T	GGTTC	ok	True
chr1	23956015	23956016	-	0.181009	mod_ratio	337	401	T	AGTTC	ok	True
chr1	23956091	23956092	-	0.115894	mod_ratio	302	411	T	GGTTT	ok	True
chr1	23957318	23957319	+	0.434211	mod_ratio	76	93	A	AAACC	ok	True
chr1	23957623	23957624	+	0.906977	mod_ratio	86	99	A	AGACA	ok	True
chr1	23958036	23958037	+	0.336957	mod_ratio	92	106	A	AAACT	ok	True
chr1	23958081	23958082	+	0.271739	mod_ratio	92	105	A	AGACT	ok	True
chr1	23958247	23958248	+	0.57971	mod_ratio	69	93	A	AGACT	ok	True
chr1	23969862	23969863	+	0.884615	mod_ratio	26	34	A	GGACG	ok	False
chr1	23970024	23970025	+	0.766667	mod_ratio	30	34	A	AAACT	ok	True
chr1	23971812	23971813	+	0.833333	mod_ratio	36	43	A	GGACA	ok	True
chr1	23972015	23972016	+	0.939394	mod_ratio	33	43	A	GGACC	ok	True
chr1	23972082	23972083	+	0.560976	mod_ratio	41	46	A	GAACA	ok	True
chr1	23972929	23972930	+	0.478261	mod_ratio	46	49	A	AAACC	ok	True
chr1	23973301	23973302	+	0.583333	mod_ratio	48	51	A	AGACG	ok	False
chr1	24023767	24023768	-	0.846154	mod_ratio	26	33	T	CGTTT	ok	False
chr1	24036239	24036240	+	0.217391	mod_ratio	115	142	A	GGACA	ok	True
chr1	24036411	24036412	+	0.218978	mod_ratio	137	154	A	GAACA	ok	True
chr1	24036537	24036538	+	0.823129	mod_ratio	147	160	A	AAACA	ok	True
chr1	24037049	24037050	+	0.757764	mod_ratio	161	178	A	AAACT	ok	True
chr1	24037139	24037140	+	0.180556	mod_ratio	144	162	A	AAACA	ok	True
chr1	24037161	24037162	+	0.246154	mod_ratio	130	169	A	AGACA	ok	True
chr1	24037269	24037270	+	0.323944	mod_ratio	71	105	A	GAACT	ok	True
chr1	24037332	24037333	+	0.615385	mod_ratio	52	65	A	AAACC	ok	True
chr1	24037339	24037340	+	0.571429	mod_ratio	49	60	A	AAACT	ok	True
chr1	24046156	24046157	+	0.846154	mod_ratio	26	31	A	AAACC	ok	True
chr1	24046609	24046610	-	0.9	mod_ratio	30	38	T	AGTTT	ok	True
chr1	24046693	24046694	-	0.32069	mod_ratio	290	326	T	TGTTC	ok	True
chr1	24046827	24046828	-	0.135685	mod_ratio	737	806	T	AGTCT	ok	True
chr1	24046959	24046960	-	0.536765	mod_ratio	680	826	T	TGTCC	ok	True
chr1	24047013	24047014	-	0.223776	mod_ratio	429	574	T	TGTTT	ok	True
chr1	24047204	24047205	-	0.841402	mod_ratio	599	746	T	TGTCT	ok	True
chr1	24047430	24047431	-	0.198413	mod_ratio	378	490	T	TGTTT	ok	True
chr1	24047435	24047436	-	0.874776	mod_ratio	559	722	T	TGTCT	ok	True
chr1	24047820	24047821	-	0.253707	mod_ratio	607	700	T	TGTCC	ok	True
chr1	24047898	24047899	-	0.159744	mod_ratio	626	674	T	AGTCC	ok	True
chr1	24047935	24047936	-	0.109777	mod_ratio	583	676	T	AGTTC	ok	True
chr1	24048088	24048089	-	0.133981	mod_ratio	515	670	T	GGTCC	ok	True
chr1	24048160	24048161	-	0.557659	mod_ratio	581	665	T	CGTCC	ok	False
chr1	24048177	24048178	-	0.130612	mod_ratio	245	661	T	GTTTT	ok	False
chr1	24048327	24048328	-	0.307692	mod_ratio	91	579	T	GTTTT	ok	False
chr1	24048384	24048385	-	0.5637	mod_ratio	573	633	T	AGTTT	ok	True
chr1	24048563	24048564	-	0.100962	mod_ratio	416	594	T	GGTCT	ok	True
chr1	24051509	24051510	+	0.852941	mod_ratio	34	37	A	AGACA	ok	True
chr1	24051870	24051871	+	0.969697	mod_ratio	33	38	A	AAACG	ok	False
chr1	24052610	24052611	-	0.604938	mod_ratio	81	101	T	AGTTT	ok	True
chr1	24052720	24052721	-	0.521368	mod_ratio	117	138	T	AGTTC	ok	True
chr1	24053700	24053701	-	0.257426	mod_ratio	101	136	T	GGTTC	ok	True
chr1	24057620	24057621	+	0.472527	mod_ratio	91	110	A	AGACA	ok	True
chr1	24057661	24057662	+	0.494845	mod_ratio	97	110	A	GGACG	ok	False
chr1	24057690	24057691	+	0.528736	mod_ratio	87	106	A	AAACA	ok	True
chr1	24057739	24057740	+	0.407767	mod_ratio	103	113	A	AAACT	ok	True
chr1	24057942	24057943	+	0.636364	mod_ratio	110	127	A	AGACG	ok	False
chr1	24058042	24058043	+	0.321101	mod_ratio	109	128	A	GAACT	ok	True
chr1	24058156	24058157	+	0.451923	mod_ratio	104	128	A	AAACC	ok	True
chr1	24058460	24058461	+	0.645669	mod_ratio	127	162	A	AAACT	ok	True
chr1	24059293	24059294	+	0.491935	mod_ratio	124	163	A	GGACA	ok	True
chr1	24059494	24059495	+	0.310924	mod_ratio	119	152	A	AAACA	ok	True
chr1	24060853	24060854	-	0.377049	mod_ratio	61	70	T	AGTTC	ok	True
chr1	24060936	24060937	-	0.87234	mod_ratio	47	70	T	CGTCC	ok	False
chr1	24060945	24060946	-	0.672414	mod_ratio	58	69	T	TGTTT	ok	True
chr1	24060989	24060990	-	0.983607	mod_ratio	61	68	T	CGTTT	ok	False
chr1	24096465	24096466	-	0.541176	mod_ratio	85	108	T	CGTTC	ok	False
chr1	24096732	24096733	-	0.440367	mod_ratio	109	124	T	CGTCT	ok	False
chr1	24097568	24097569	-	0.455696	mod_ratio	79	93	T	TGTCC	ok	True
chr1	24098662	24098663	+	0.410959	mod_ratio	73	96	A	GAACT	ok	True
chr1	24098769	24098770	+	0.582418	mod_ratio	91	101	A	GAACT	ok	True
chr1	24099810	24099811	+	0.214953	mod_ratio	107	129	A	AGACT	ok	True
chr1	24099937	24099938	+	0.478632	mod_ratio	117	132	A	AAACA	ok	True
chr1	24100090	24100091	+	0.769912	mod_ratio	113	133	A	AGACA	ok	True
chr1	24100519	24100520	+	0.586538	mod_ratio	104	139	A	AGACA	ok	True
chr1	24100664	24100665	+	0.960938	mod_ratio	128	143	A	AGACA	ok	True
chr1	24100691	24100692	+	0.483607	mod_ratio	122	142	A	AAACT	ok	True
chr1	24100697	24100698	+	0.291667	mod_ratio	120	140	A	AAACA	ok	True
chr1	24100814	24100815	+	0.776119	mod_ratio	67	101	A	GGACA	ok	True
chr1	24100889	24100890	+	0.294737	mod_ratio	95	122	A	AAACA	ok	True
chr1	24114874	24114875	+	0.722222	mod_ratio	36	39	A	AAACT	ok	True
chr1	24129219	24129220	+	0.585366	mod_ratio	41	41	A	GAACT	ok	True
chr1	24134699	24134700	-	0.560976	mod_ratio	41	61	T	CGTCT	ok	False
chr1	24134713	24134714	-	0.829268	mod_ratio	41	60	T	TGTCC	ok	True
chr1	24216037	24216038	-	0.615385	mod_ratio	39	42	T	GGTTT	ok	True
chr1	24228804	24228805	+	0.973684	mod_ratio	38	43	A	AGACG	ok	False
chr1	24229689	24229690	+	0.763158	mod_ratio	76	85	A	AGACA	ok	True
chr1	24230437	24230438	+	0.60241	mod_ratio	83	98	A	GGACA	ok	True
chr1	24230842	24230843	+	0.375	mod_ratio	64	101	A	GAACA	ok	True
chr1	24236445	24236446	+	0.237705	mod_ratio	122	133	A	GAACA	ok	True
chr1	24236885	24236886	+	0.243902	mod_ratio	123	142	A	AGACT	ok	True
chr1	24236927	24236928	+	0.496241	mod_ratio	133	143	A	GAACG	ok	False
chr1	24237502	24237503	+	0.767123	mod_ratio	146	158	A	AAACG	ok	False
chr1	24239001	24239002	+	0.175182	mod_ratio	137	168	A	GGACA	ok	True
chr1	24239668	24239669	+	0.363636	mod_ratio	143	176	A	GAACC	ok	True
chr1	24239938	24239939	+	0.289655	mod_ratio	145	179	A	AAACT	ok	True
chr1	24240396	24240397	+	0.69697	mod_ratio	165	189	A	AAACG	ok	False
chr1	24240400	24240401	+	0.134503	mod_ratio	171	189	A	GAACT	ok	True
chr1	24240502	24240503	+	0.413793	mod_ratio	87	132	A	AGACA	ok	True
chr1	24240580	24240581	+	0.732143	mod_ratio	56	104	A	AGACA	ok	True
chr1	24244433	24244434	+	0.736842	mod_ratio	38	48	A	AAACA	ok	True
chr1	24248849	24248850	-	0.8	mod_ratio	50	72	T	TGTCT	ok	True
chr1	24248858	24248859	-	0.870968	mod_ratio	93	109	T	CGTTT	ok	False
chr1	24249214	24249215	-	0.523605	mod_ratio	233	289	T	TGTCC	ok	True
chr1	24249223	24249224	-	0.647303	mod_ratio	241	289	T	TGTCC	ok	True
chr1	24250187	24250188	-	0.57265	mod_ratio	117	155	T	AGTTT	ok	True
chr1	24355275	24355276	+	0.48062	mod_ratio	258	309	A	AAACT	ok	True
chr1	24355294	24355295	+	0.12963	mod_ratio	270	333	A	GAACT	ok	True
chr1	24440364	24440365	-	0.607143	mod_ratio	56	89	T	AGTTT	ok	True
chr1	24485884	24485885	+	0.514706	mod_ratio	136	143	A	AAACT	ok	True
chr1	24486822	24486823	+	0.602564	mod_ratio	78	154	A	GAACA	ok	True
chr1	24492875	24492876	+	0.916667	mod_ratio	24	32	A	AAACT	ok	True
chr1	24539066	24539067	+	0.224422	mod_ratio	303	372	A	AAACC	ok	True
chr1	24539084	24539085	+	0.23301	mod_ratio	309	339	A	AAACC	ok	True
chr1	24540003	24540004	+	0.630252	mod_ratio	357	398	A	GGACC	ok	True
chr1	24540108	24540109	+	0.380435	mod_ratio	368	405	A	GAACT	ok	True
chr1	24540243	24540244	+	0.25	mod_ratio	340	419	A	GGACA	ok	True
chr1	24540314	24540315	+	0.262295	mod_ratio	366	417	A	GGACC	ok	True
chr1	24540494	24540495	+	0.638587	mod_ratio	368	430	A	AAACC	ok	True
chr1	24541091	24541092	+	0.241379	mod_ratio	406	483	A	AAACT	ok	True
chr1	24541407	24541408	+	0.464286	mod_ratio	448	508	A	GAACT	ok	True
chr1	24541449	24541450	+	0.857798	mod_ratio	436	525	A	AGACC	ok	True
chr1	24541459	24541460	+	0.203905	mod_ratio	461	524	A	AAACA	ok	True
chr1	24541493	24541494	+	0.23	mod_ratio	100	518	A	GGACT	ok	True
chr1	24541605	24541606	+	0.149798	mod_ratio	247	503	A	AAACT	ok	True
chr1	24541648	24541649	+	0.703125	mod_ratio	448	534	A	GGACA	ok	True
chr1	24541802	24541803	+	0.158333	mod_ratio	480	561	A	GAACA	ok	True
chr1	24541848	24541849	+	0.161034	mod_ratio	503	573	A	AGACT	ok	True
chr1	24541864	24541865	+	0.35534	mod_ratio	515	577	A	AAACT	ok	True
chr1	24541889	24541890	+	0.320463	mod_ratio	518	568	A	GAACG	ok	False
chr1	24541950	24541951	+	0.497006	mod_ratio	334	497	A	AAACT	ok	True
chr1	24541975	24541976	+	0.268116	mod_ratio	138	572	A	GAACG	ok	False
chr1	24552385	24552386	+	0.482759	mod_ratio	58	96	A	GAACC	ok	True
chr1	24555769	24555770	+	0.350649	mod_ratio	77	95	A	GAACC	ok	True
chr1	24555825	24555826	+	0.747126	mod_ratio	87	97	A	AGACG	ok	False
chr1	24555843	24555844	+	0.333333	mod_ratio	81	97	A	GGACA	ok	True
chr1	24555908	24555909	+	0.602273	mod_ratio	88	99	A	AAACG	ok	False
chr1	24555938	24555939	+	0.3	mod_ratio	80	99	A	AAACC	ok	True
chr1	24556131	24556132	+	0.636364	mod_ratio	88	102	A	AGACA	ok	True
chr1	24556219	24556220	+	0.813559	mod_ratio	59	105	A	AAACG	ok	False
chr1	24556248	24556249	+	0.533333	mod_ratio	75	103	A	AAACG	ok	False
chr1	24557369	24557370	+	0.546218	mod_ratio	119	147	A	AAACT	ok	True
chr1	24557394	24557395	+	0.631068	mod_ratio	103	218	A	GAACG	ok	False
chr1	24557487	24557488	-	0.571429	mod_ratio	91	98	T	AGTTT	ok	True
chr1	24557522	24557523	-	0.3	mod_ratio	90	98	T	AGTTT	ok	True
chr1	24557744	24557745	-	0.407407	mod_ratio	54	70	T	TGTTT	ok	True
chr1	24558153	24558154	-	0.493151	mod_ratio	73	92	T	GGTCT	ok	True
chr1	24558189	24558190	-	0.329412	mod_ratio	85	89	T	AGTTC	ok	True
chr1	24558194	24558195	-	0.698795	mod_ratio	83	90	T	CGTCT	ok	False
chr1	24559451	24559452	-	0.762215	mod_ratio	307	439	T	TGTCT	ok	True
chr1	24559724	24559725	-	0.112532	mod_ratio	391	462	T	TGTTT	ok	True
chr1	24559741	24559742	-	0.302703	mod_ratio	185	341	T	TGTTT	ok	True
chr1	24560677	24560678	-	0.338028	mod_ratio	355	431	T	GGTCT	ok	True
chr1	24560713	24560714	-	0.285347	mod_ratio	389	428	T	AGTTC	ok	True
chr1	24560718	24560719	-	0.513995	mod_ratio	393	431	T	CGTCT	ok	False
chr1	24560797	24560798	-	0.258333	mod_ratio	120	267	T	TGTTT	ok	True
chr1	24606491	24606492	-	0.21875	mod_ratio	224	258	T	TGTTT	ok	True
chr1	24615054	24615055	+	0.785714	mod_ratio	28	34	A	AAACG	ok	False
chr1	24615127	24615128	+	0.793103	mod_ratio	29	35	A	AAACG	ok	False
chr1	24616743	24616744	+	0.729167	mod_ratio	48	52	A	AAACT	ok	True
chr1	24647890	24647891	+	0.785714	mod_ratio	28	31	A	AAACC	ok	True
chr1	24648539	24648540	+	0.684211	mod_ratio	38	44	A	AAACA	ok	True
chr1	24648650	24648651	+	0.571429	mod_ratio	42	47	A	GAACA	ok	True
chr1	24655302	24655303	-	0.550218	mod_ratio	458	529	T	GGTTT	ok	True
chr1	24655526	24655527	-	0.283262	mod_ratio	466	540	T	GGTTC	ok	True
chr1	24655542	24655543	-	0.383178	mod_ratio	428	512	T	AGTCT	ok	True
chr1	24655574	24655575	-	0.523404	mod_ratio	470	532	T	GGTCC	ok	True
chr1	24655580	24655581	-	0.406897	mod_ratio	435	517	T	TGTTT	ok	True
chr1	24655636	24655637	-	0.620347	mod_ratio	403	519	T	CGTCC	ok	False
chr1	24655780	24655781	-	0.327635	mod_ratio	351	491	T	AGTTT	ok	True
chr1	24655844	24655845	-	0.556338	mod_ratio	426	483	T	TGTCT	ok	True
chr1	24656049	24656050	-	0.156863	mod_ratio	306	363	T	GGTTT	ok	True
chr1	24656264	24656265	-	0.31383	mod_ratio	376	426	T	TGTCC	ok	True
chr1	24656559	24656560	-	0.178771	mod_ratio	358	393	T	TGTTC	ok	True
chr1	24657041	24657042	-	0.942249	mod_ratio	329	368	T	TGTCT	ok	True
chr1	24657080	24657081	-	0.555556	mod_ratio	333	364	T	AGTTC	ok	True
chr1	24657095	24657096	-	0.628571	mod_ratio	70	325	T	GTTTT	ok	False
chr1	24657250	24657251	-	0.174051	mod_ratio	316	349	T	TGTCC	ok	True
chr1	24657479	24657480	-	0.451411	mod_ratio	319	350	T	TGTCT	ok	True
chr1	24686338	24686339	-	0.555944	mod_ratio	286	348	T	AGTTC	ok	True
chr1	24686458	24686459	-	0.625786	mod_ratio	318	364	T	AGTTT	ok	True
chr1	24686498	24686499	-	0.5	mod_ratio	44	375	T	GTTTT	ok	False
chr1	24686523	24686524	-	0.17	mod_ratio	300	372	T	CGTCT	ok	False
chr1	24686852	24686853	-	0.103448	mod_ratio	261	332	T	GGTCT	ok	True
chr1	24695893	24695894	-	0.808219	mod_ratio	73	87	T	TGTTT	ok	True
chr1	24696245	24696246	-	0.580645	mod_ratio	62	74	T	TGTCT	ok	True
chr1	24696427	24696428	-	0.467742	mod_ratio	62	68	T	AGTTT	ok	True
chr1	24696858	24696859	-	0.58	mod_ratio	50	57	T	GGTTT	ok	True
chr1	24700240	24700241	-	0.765957	mod_ratio	47	86	T	GTTTT	ok	False
chr1	24700484	24700485	-	0.616667	mod_ratio	60	84	T	GGTCC	ok	True
chr1	24701853	24701854	-	0.74	mod_ratio	50	54	T	TGTCC	ok	True
chr1	24729699	24729700	-	0.823529	mod_ratio	34	53	T	AGTTT	ok	True
chr1	24730044	24730045	-	0.25	mod_ratio	104	115	T	AGTCT	ok	True
chr1	24731042	24731043	-	0.487179	mod_ratio	78	90	T	TGTTT	ok	True
chr1	24731512	24731513	-	0.722222	mod_ratio	72	84	T	AGTTT	ok	True
chr1	24774467	24774468	-	0.274336	mod_ratio	113	133	T	AGTTT	ok	True
chr1	24774532	24774533	-	0.431193	mod_ratio	109	128	T	AGTTT	ok	True
chr1	24774638	24774639	-	0.203704	mod_ratio	108	124	T	AGTCT	ok	True
chr1	24774644	24774645	-	0.287037	mod_ratio	108	124	T	TGTCC	ok	True
chr1	24774668	24774669	-	0.564815	mod_ratio	108	120	T	GGTTT	ok	True
chr1	24775761	24775762	-	0.314607	mod_ratio	89	99	T	TGTTC	ok	True
chr1	24775816	24775817	-	0.978261	mod_ratio	46	109	T	CGTTT	ok	False
chr1	24778479	24778480	+	0.651163	mod_ratio	43	47	A	AAACG	ok	False
chr1	24779720	24779721	+	0.431373	mod_ratio	51	72	A	AAACT	ok	True
chr1	24780259	24780260	+	0.323529	mod_ratio	68	76	A	GGACG	ok	False
chr1	24839212	24839213	+	0.608209	mod_ratio	268	321	A	GGACG	ok	False
chr1	24839943	24839944	+	0.195846	mod_ratio	337	419	A	AGACT	ok	True
chr1	24840002	24840003	+	0.54321	mod_ratio	324	427	A	GGACA	ok	True
chr1	24840377	24840378	+	0.316239	mod_ratio	351	442	A	AAACC	ok	True
chr1	24840474	24840475	+	0.302405	mod_ratio	291	442	A	GAACC	ok	True
chr1	24840529	24840530	+	0.704225	mod_ratio	71	437	A	AGACA	ok	True
chr1	24840554	24840555	+	0.880597	mod_ratio	335	430	A	AGACA	ok	True
chr1	24864138	24864139	-	0.415584	mod_ratio	77	87	T	AGTCC	ok	True
chr1	24864359	24864360	-	0.469388	mod_ratio	49	78	T	AGTTT	ok	True
chr1	24864655	24864656	-	0.353846	mod_ratio	65	78	T	TGTTT	ok	True
chr1	24865480	24865481	-	0.428571	mod_ratio	56	69	T	GGTTT	ok	True
chr1	24865484	24865485	-	0.754098	mod_ratio	61	69	T	TGTCT	ok	True
chr1	24865493	24865494	-	0.703704	mod_ratio	54	67	T	GGTTT	ok	True
chr1	24930109	24930110	+	0.55814	mod_ratio	43	101	A	AAACT	ok	True
chr1	24930137	24930138	+	0.329412	mod_ratio	85	104	A	AAACC	ok	True
chr1	25045275	25045276	-	0.83871	mod_ratio	31	51	T	TGTCT	ok	True
chr1	25045290	25045291	-	0.918919	mod_ratio	37	58	T	GGTCT	ok	True
chr1	25045499	25045500	-	0.571429	mod_ratio	56	67	T	CGTCT	ok	False
chr1	25045824	25045825	-	0.407407	mod_ratio	54	65	T	CGTCT	ok	False
chr1	25045833	25045834	-	0.833333	mod_ratio	48	64	T	TGTCC	ok	True
chr1	25046353	25046354	-	0.869565	mod_ratio	46	56	T	CGTTT	ok	False
chr1	25048236	25048237	-	0.457865	mod_ratio	356	445	T	TGTCC	ok	True
chr1	25048297	25048298	-	0.421687	mod_ratio	83	16572	T	TTTAT	ok	False
chr1	25048299	25048300	-	0.632653	mod_ratio	49	15352	T	TATTT	ok	False
chr1	25048319	25048320	-	0.153846	mod_ratio	1157	17395	T	AATCC	ok	False
chr1	25048333	25048334	-	0.136151	mod_ratio	13911	17590	T	TGTCT	ok	True
chr1	25048435	25048436	-	0.470422	mod_ratio	2823	17844	T	GTTTT	ok	False
chr1	25048442	25048443	-	0.488506	mod_ratio	174	17896	T	GGTTT	ok	True
chr1	25048606	25048607	-	0.36	mod_ratio	75	17672	T	AGTCG	ok	False
chr1	25048640	25048641	-	0.249149	mod_ratio	14991	17465	T	TGTCC	ok	True
chr1	25048678	25048679	-	0.727273	mod_ratio	33	17136	T	CGTGC	ok	False
chr1	25048805	25048806	-	0.613636	mod_ratio	44	51	T	AGTTT	ok	True
chr1	25048838	25048839	-	0.555556	mod_ratio	45	17035	T	CCTCC	ok	False
chr1	25048883	25048884	-	0.244565	mod_ratio	184	16006	T	GGTAG	ok	False
chr1	25048903	25048904	-	0.5625	mod_ratio	48	16664	T	AATTC	ok	False
chr1	25048919	25048920	-	0.126984	mod_ratio	252	16515	T	GGTCA	ok	True
chr1	25049103	25049104	-	0.604167	mod_ratio	48	15888	T	CGTTG	ok	False
chr1	25049171	25049172	-	0.208646	mod_ratio	13439	15800	T	AGTCC	ok	True
chr1	25049221	25049222	-	0.407186	mod_ratio	167	14991	T	AGTAG	ok	False
chr1	25137424	25137425	-	0.443038	mod_ratio	79	135	T	GGTTT	ok	True
chr1	25164921	25164922	-	1	mod_ratio	33	83	T	GTTTT	ok	False
chr1	25188785	25188786	-	0.37931	mod_ratio	87	152	T	GTTTT	ok	False
chr1	25188802	25188803	-	0.415094	mod_ratio	53	151	T	GTTTT	ok	False
chr1	25188819	25188820	-	0.252033	mod_ratio	123	151	T	CGTCC	ok	False
chr1	25189183	25189184	-	0.25	mod_ratio	132	143	T	AGTTC	ok	True
chr1	25189395	25189396	-	0.201613	mod_ratio	124	137	T	GGTTC	ok	True
chr1	25189466	25189467	-	0.411765	mod_ratio	68	77	T	AGTTT	ok	True
chr1	25190094	25190095	-	0.320755	mod_ratio	106	123	T	CGTCC	ok	False
chr1	25235887	25235888	+	0.152542	mod_ratio	177	208	A	GAACG	ok	False
chr1	25235892	25235893	+	0.666667	mod_ratio	174	206	A	AGACA	ok	True
chr1	25235987	25235988	+	0.506024	mod_ratio	166	215	A	GGACA	ok	True
chr1	25236126	25236127	+	0.236453	mod_ratio	203	227	A	AAACA	ok	True
chr1	25236720	25236721	+	0.224359	mod_ratio	156	199	A	AAACT	ok	True
chr1	25236739	25236740	+	0.643275	mod_ratio	171	218	A	AAACT	ok	True
chr1	25236751	25236752	+	0.270588	mod_ratio	170	227	A	GAACG	ok	False
chr1	25236955	25236956	-	0.416667	mod_ratio	60	67	T	AGTTC	ok	True
chr1	25236989	25236990	-	0.672727	mod_ratio	55	65	T	GGTCC	ok	True
chr1	25237063	25237064	-	0.467742	mod_ratio	62	68	T	TGTCT	ok	True
chr1	25237799	25237800	-	0.6	mod_ratio	45	55	T	TGTTT	ok	True
chr1	25262337	25262338	+	0.154093	mod_ratio	623	740	A	GAACC	ok	True
chr1	25262350	25262351	+	0.482812	mod_ratio	640	740	A	AGACC	ok	True
chr1	25263078	25263079	+	0.260573	mod_ratio	733	859	A	GGACG	ok	False
chr1	25263588	25263589	+	0.146119	mod_ratio	219	897	A	AGACT	ok	True
chr1	25263665	25263666	+	0.526706	mod_ratio	674	904	A	GAACG	ok	False
chr1	25263711	25263712	+	0.651515	mod_ratio	462	802	A	AGACA	ok	True
chr1	25263718	25263719	+	0.296296	mod_ratio	81	802	A	GGATA	ok	False
chr1	25277074	25277075	+	0.585366	mod_ratio	41	47	A	GAACA	ok	True
chr1	25277634	25277635	+	0.509804	mod_ratio	51	58	A	GGACA	ok	True
chr1	25277932	25277933	+	0.74	mod_ratio	50	61	A	AGACG	ok	False
chr1	25278104	25278105	+	0.40678	mod_ratio	59	66	A	AAACG	ok	False
chr1	25278486	25278487	+	0.415385	mod_ratio	65	67	A	AAACT	ok	True
chr1	25278647	25278648	+	0.72093	mod_ratio	43	62	A	AAACT	ok	True
chr1	25375058	25375059	+	0.149837	mod_ratio	307	363	A	AGACA	ok	True
chr1	25375073	25375074	+	0.185075	mod_ratio	335	370	A	AAACA	ok	True
chr1	25375274	25375275	+	0.264984	mod_ratio	317	374	A	AAACT	ok	True
chr1	25375593	25375594	+	0.762712	mod_ratio	354	389	A	AAACA	ok	True
chr1	25375615	25375616	+	0.42029	mod_ratio	345	386	A	AGACT	ok	True
chr1	25375663	25375664	+	0.130435	mod_ratio	345	394	A	GAACC	ok	True
chr1	25375683	25375684	+	0.314465	mod_ratio	318	397	A	AAACT	ok	True
chr1	25375692	25375693	+	0.489297	mod_ratio	327	397	A	AAACC	ok	True
chr1	25375722	25375723	+	0.449275	mod_ratio	138	209	A	AAACA	ok	True
chr1	25375895	25375896	+	0.253968	mod_ratio	315	392	A	AGACT	ok	True
chr1	25375941	25375942	+	0.247734	mod_ratio	331	391	A	AAACA	ok	True
chr1	25391811	25391812	+	0.454545	mod_ratio	66	72	A	AAACC	ok	True
chr1	25391931	25391932	+	0.416667	mod_ratio	60	80	A	AGACA	ok	True
chr1	25391978	25391979	+	0.430556	mod_ratio	72	78	A	AAACT	ok	True
chr1	25392034	25392035	+	0.901408	mod_ratio	71	83	A	AAACG	ok	False
chr1	25392305	25392306	+	0.813187	mod_ratio	91	98	A	AAACG	ok	False
chr1	25393345	25393346	+	0.456311	mod_ratio	103	111	A	AGACT	ok	True
chr1	25393500	25393501	+	0.517857	mod_ratio	56	97	A	AAACC	ok	True
chr1	25394329	25394330	-	0.297012	mod_ratio	569	778	T	AGTCC	ok	True
chr1	25394353	25394354	-	0.331516	mod_ratio	917	1520	T	TGTCC	ok	True
chr1	25394459	25394460	-	0.215364	mod_ratio	1458	1690	T	GGTTC	ok	True
chr1	25394540	25394541	-	0.596234	mod_ratio	1434	1675	T	TGTCT	ok	True
chr1	25394879	25394880	-	0.773155	mod_ratio	1274	1420	T	CGTTT	ok	False
chr1	25394884	25394885	-	0.10475	mod_ratio	821	977	T	GGTTT	ok	True
chr1	25394885	25394886	-	0.135371	mod_ratio	458	1451	T	GTTTT	ok	False
chr1	25394914	25394915	-	0.178998	mod_ratio	1257	1416	T	GGTTT	ok	True
chr1	25394925	25394926	-	0.220297	mod_ratio	1212	1409	T	GGTTT	ok	True
chr1	25394930	25394931	-	0.109114	mod_ratio	779	1057	T	GGTTT	ok	True
chr1	25394938	25394939	-	0.420747	mod_ratio	1205	1378	T	AGTTT	ok	True
chr1	25394954	25394955	-	0.171136	mod_ratio	1268	1379	T	GGTTT	ok	True
chr1	25395000	25395001	-	0.385553	mod_ratio	1066	1352	T	TGTCT	ok	True
chr1	25395045	25395046	-	0.451163	mod_ratio	215	389	T	GGTTT	ok	True
chr1	25402830	25402831	+	0.967742	mod_ratio	31	39	A	AAACG	ok	False
chr1	25403019	25403020	+	0.842105	mod_ratio	38	43	A	AAACG	ok	False
chr1	25415917	25415918	-	0.533333	mod_ratio	60	77	T	TGTTT	ok	True
chr1	25415918	25415919	-	0.3	mod_ratio	80	156	T	GTTTC	ok	False
chr1	25416018	25416019	-	0.676923	mod_ratio	65	181	T	GGTCC	ok	True
chr1	25416886	25416887	-	0.325581	mod_ratio	172	200	T	CGTCT	ok	False
chr1	25416996	25416997	-	0.666667	mod_ratio	45	192	T	GTTTT	ok	False
chr1	25436246	25436247	+	0.685714	mod_ratio	35	37	A	AGACC	ok	True
chr1	25444832	25444833	-	0.616071	mod_ratio	112	147	T	AGTCC	ok	True
chr1	25444928	25444929	-	0.180328	mod_ratio	122	145	T	AGTCT	ok	True
chr1	25445118	25445119	-	0.521008	mod_ratio	119	138	T	CGTTC	ok	False
chr1	25446629	25446630	-	0.283133	mod_ratio	166	188	T	CGTTC	ok	False
chr1	25449480	25449481	-	0.373134	mod_ratio	67	77	T	AGTTT	ok	True
chr1	25449598	25449599	-	0.264286	mod_ratio	140	158	T	AGTCC	ok	True
chr1	25449619	25449620	-	0.265625	mod_ratio	128	148	T	AGTTT	ok	True
chr1	25468825	25468826	+	0.75	mod_ratio	36	39	A	AAACG	ok	False
chr1	25468970	25468971	+	0.685714	mod_ratio	35	42	A	GAACA	ok	True
chr1	25469463	25469464	+	0.84375	mod_ratio	32	50	A	AAACG	ok	False
chr1	25469939	25469940	+	0.7	mod_ratio	50	53	A	AAACC	ok	True
chr1	25471700	25471701	-	0.794118	mod_ratio	34	37	T	TGTCT	ok	True
chr1	25478668	25478669	+	0.916667	mod_ratio	24	29	A	AGACC	ok	True
chr1	25493425	25493426	+	0.130435	mod_ratio	690	837	A	AAACC	ok	True
chr1	25493482	25493483	+	0.284404	mod_ratio	654	870	A	AAACC	ok	True
chr1	25493495	25493496	+	0.338403	mod_ratio	789	874	A	GAACT	ok	True
chr1	25493691	25493692	+	0.238411	mod_ratio	151	914	A	AGACA	ok	True
chr1	25493818	25493819	+	0.28323	mod_ratio	805	927	A	AGACT	ok	True
chr1	25494052	25494053	+	0.7375	mod_ratio	800	944	A	AGACG	ok	False
chr1	25494063	25494064	+	0.188488	mod_ratio	886	974	A	GAACT	ok	True
chr1	25494275	25494276	+	0.211913	mod_ratio	873	1007	A	GGACA	ok	True
chr1	25494302	25494303	+	0.614841	mod_ratio	849	1017	A	GGACG	ok	False
chr1	25494587	25494588	+	0.237613	mod_ratio	888	1059	A	GGACA	ok	True
chr1	25494629	25494630	+	0.584615	mod_ratio	65	1073	A	AAACG	ok	False
chr1	25494783	25494784	+	0.516089	mod_ratio	808	1101	A	GGACA	ok	True
chr1	25494788	25494789	+	0.267622	mod_ratio	837	1013	A	AAACC	ok	True
chr1	25494923	25494924	+	0.368421	mod_ratio	95	1138	A	GAACT	ok	True
chr1	25494966	25494967	+	0.263903	mod_ratio	989	1132	A	GAACA	ok	True
chr1	25495119	25495120	+	0.574004	mod_ratio	1054	1192	A	AAACC	ok	True
chr1	25495142	25495143	+	0.35958	mod_ratio	381	1193	A	AAACG	ok	False
chr1	25495431	25495432	+	0.252475	mod_ratio	1010	1246	A	GAACC	ok	True
chr1	25495452	25495453	+	0.339458	mod_ratio	1143	1268	A	GAACG	ok	False
chr1	25495458	25495459	+	0.389423	mod_ratio	208	1263	A	AAACG	ok	False
chr1	25495806	25495807	+	0.62963	mod_ratio	1053	1198	A	AAACA	ok	True
chr1	25495809	25495810	+	0.655738	mod_ratio	61	1230	A	CAACC	ok	False
chr1	25495819	25495820	+	0.562162	mod_ratio	185	1237	A	GGATC	ok	False
chr1	25495869	25495870	+	0.881879	mod_ratio	745	938	A	AGACG	ok	False
chr1	25495875	25495876	+	0.634146	mod_ratio	41	815	A	TTACC	ok	False
chr1	25574678	25574679	+	0.776316	mod_ratio	76	85	A	AAACG	ok	False
chr1	25574722	25574723	+	0.565789	mod_ratio	76	82	A	AAACT	ok	True
chr1	25599176	25599177	-	0.73913	mod_ratio	46	67	T	CGTCC	ok	False
chr1	25600630	25600631	+	0.533333	mod_ratio	45	49	A	AAACT	ok	True
chr1	25601156	25601157	+	0.904762	mod_ratio	42	49	A	AAACG	ok	False
chr1	25658083	25658084	+	0.44	mod_ratio	75	101	A	AAACC	ok	True
chr1	25658163	25658164	+	0.44186	mod_ratio	86	106	A	AAACT	ok	True
chr1	25659009	25659010	+	0.45045	mod_ratio	111	164	A	GGACG	ok	False
chr1	25659068	25659069	+	0.5	mod_ratio	140	166	A	GGACG	ok	False
chr1	25659097	25659098	+	0.684211	mod_ratio	133	167	A	GGACG	ok	False
chr1	25709998	25709999	-	0.329897	mod_ratio	97	105	T	GGTCT	ok	True
chr1	25710043	25710044	-	0.956989	mod_ratio	93	100	T	TGTCT	ok	True
chr1	25710212	25710213	-	0.493827	mod_ratio	81	86	T	AGTTC	ok	True
chr1	25710317	25710318	-	0.328947	mod_ratio	76	85	T	TGTTT	ok	True
chr1	25710487	25710488	-	0.753623	mod_ratio	69	82	T	GGTCC	ok	True
chr1	25712862	25712863	-	0.466102	mod_ratio	236	254	T	CGTTC	ok	False
chr1	25712873	25712874	-	0.686047	mod_ratio	86	252	T	GTTTT	ok	False
chr1	25712879	25712880	-	0.805263	mod_ratio	190	239	T	AGTTT	ok	True
chr1	25712886	25712887	-	0.388128	mod_ratio	219	246	T	AGTTT	ok	True
chr1	25712954	25712955	-	0.134615	mod_ratio	208	249	T	TGTCT	ok	True
chr1	25713213	25713214	-	0.282178	mod_ratio	202	215	T	TGTTC	ok	True
chr1	25713273	25713274	-	0.610063	mod_ratio	159	219	T	CGTCC	ok	False
chr1	25713303	25713304	-	0.19898	mod_ratio	196	212	T	TGTTC	ok	True
chr1	25713782	25713783	-	0.237288	mod_ratio	177	198	T	TGTTC	ok	True
chr1	25713879	25713880	-	0.5	mod_ratio	166	197	T	GGTTT	ok	True
chr1	25714190	25714191	-	0.75	mod_ratio	156	170	T	GGTTT	ok	True
chr1	25714218	25714219	-	0.27027	mod_ratio	148	169	T	CGTCC	ok	False
chr1	25714263	25714264	-	0.72028	mod_ratio	143	167	T	CGTCC	ok	False
chr1	25714374	25714375	-	0.184	mod_ratio	125	164	T	TGTCC	ok	True
chr1	25714397	25714398	-	0.319444	mod_ratio	144	161	T	TGTTC	ok	True
chr1	25734623	25734624	-	0.482143	mod_ratio	56	65	T	TGTCC	ok	True
chr1	25734721	25734722	-	0.72549	mod_ratio	51	60	T	TGTCC	ok	True
chr1	25734885	25734886	-	0.65	mod_ratio	40	51	T	CGTCC	ok	False
chr1	25735169	25735170	-	0.605263	mod_ratio	38	46	T	GGTCT	ok	True
chr1	25735278	25735279	-	0.923077	mod_ratio	39	43	T	TGTCC	ok	True
chr1	25735407	25735408	-	0.756757	mod_ratio	37	40	T	TGTCT	ok	True
chr1	25735603	25735604	-	0.909091	mod_ratio	33	38	T	GGTCT	ok	True
chr1	25735904	25735905	-	0.903226	mod_ratio	31	32	T	CGTTT	ok	False
chr1	25747191	25747192	+	0.757576	mod_ratio	33	34	A	GGACC	ok	True
chr1	25749925	25749926	+	0.415094	mod_ratio	53	63	A	GAACC	ok	True
chr1	25757511	25757512	-	0.752381	mod_ratio	105	239	T	TGTTT	ok	True
chr1	25757653	25757654	-	0.553691	mod_ratio	298	359	T	GGTTT	ok	True
chr1	25757691	25757692	-	0.111498	mod_ratio	287	351	T	GGTTT	ok	True
chr1	25757775	25757776	-	0.234875	mod_ratio	281	355	T	TGTCC	ok	True
chr1	25757791	25757792	-	0.623762	mod_ratio	303	354	T	GGTCC	ok	True
chr1	25757809	25757810	-	0.109375	mod_ratio	256	348	T	TGTTC	ok	True
chr1	25757952	25757953	-	0.216667	mod_ratio	300	342	T	TGTTT	ok	True
chr1	25757994	25757995	-	0.880597	mod_ratio	134	194	T	TGTTT	ok	True
chr1	25757995	25757996	-	0.284553	mod_ratio	123	337	T	GTTTC	ok	False
chr1	25758040	25758041	-	0.741379	mod_ratio	174	235	T	CGTTT	ok	False
chr1	25758055	25758056	-	0.162963	mod_ratio	270	324	T	GGTTT	ok	True
chr1	25758063	25758064	-	0.532872	mod_ratio	289	323	T	TGTTT	ok	True
chr1	25758103	25758104	-	0.133333	mod_ratio	195	228	T	AGTTT	ok	True
chr1	25777933	25777934	-	0.333333	mod_ratio	96	148	T	GGTTC	ok	True
chr1	25777953	25777954	-	0.387931	mod_ratio	116	170	T	AGTCT	ok	True
chr1	25777998	25777999	-	0.448276	mod_ratio	58	90	T	TGTTT	ok	True
chr1	25777999	25778000	-	0.285714	mod_ratio	77	170	T	GTTTT	ok	False
chr1	25778000	25778001	-	0.6	mod_ratio	70	241	T	TTTTT	ok	False
chr1	25778017	25778018	-	0.411458	mod_ratio	192	225	T	AGTCC	ok	True
chr1	25778046	25778047	-	0.433155	mod_ratio	187	221	T	AGTTT	ok	True
chr1	25778055	25778056	-	0.611374	mod_ratio	211	247	T	AGTTT	ok	True
chr1	25778078	25778079	-	0.26455	mod_ratio	189	249	T	GGTTC	ok	True
chr1	25778456	25778457	-	0.266332	mod_ratio	199	232	T	GGTTT	ok	True
chr1	25778460	25778461	-	0.898058	mod_ratio	206	232	T	TGTCT	ok	True
chr1	25778552	25778553	-	0.371728	mod_ratio	191	216	T	TGTTT	ok	True
chr1	25778556	25778557	-	0.253086	mod_ratio	162	217	T	TGTCC	ok	True
chr1	25782950	25782951	+	0.754098	mod_ratio	61	71	A	AAACC	ok	True
chr1	25783198	25783199	+	0.730159	mod_ratio	63	75	A	AAACG	ok	False
chr1	25783794	25783795	+	0.736842	mod_ratio	38	81	A	AAACG	ok	False
chr1	25786709	25786710	+	0.813953	mod_ratio	43	64	A	AAACC	ok	True
chr1	25872678	25872679	-	0.407895	mod_ratio	76	99	T	GGTTC	ok	True
chr1	25872691	25872692	-	0.380952	mod_ratio	63	99	T	GGTCT	ok	True
chr1	25872721	25872722	-	0.717949	mod_ratio	78	97	T	GGTCT	ok	True
chr1	25872734	25872735	-	0.862069	mod_ratio	29	98	T	GTTTT	ok	False
chr1	25872947	25872948	-	0.794872	mod_ratio	78	93	T	TGTCC	ok	True
chr1	25873113	25873114	-	0.666667	mod_ratio	66	84	T	TGTCT	ok	True
chr1	25873165	25873166	-	0.75	mod_ratio	72	83	T	CGTCT	ok	False
chr1	25873930	25873931	-	0.349206	mod_ratio	63	78	T	AGTTT	ok	True
chr1	25874293	25874294	-	0.419355	mod_ratio	62	68	T	TGTTC	ok	True
chr1	25874361	25874362	-	0.672414	mod_ratio	58	67	T	TGTCT	ok	True
chr1	25875368	25875369	-	0.666667	mod_ratio	54	58	T	GGTTT	ok	True
chr1	25875404	25875405	-	0.56	mod_ratio	50	55	T	GGTTT	ok	True
chr1	25880970	25880971	+	0.74359	mod_ratio	39	50	A	AAACG	ok	False
chr1	25881399	25881400	+	0.958333	mod_ratio	48	59	A	AAACG	ok	False
chr1	25881605	25881606	+	0.8	mod_ratio	50	55	A	AGACC	ok	True
chr1	26000649	26000650	+	0.763158	mod_ratio	38	44	A	AGACA	ok	True
chr1	26001028	26001029	+	0.74	mod_ratio	50	58	A	AGACC	ok	True
chr1	26001285	26001286	+	0.621622	mod_ratio	37	57	A	AAACT	ok	True
chr1	26036809	26036810	+	0.449153	mod_ratio	118	139	A	AAACC	ok	True
chr1	26037556	26037557	+	0.241379	mod_ratio	145	165	A	GGACT	ok	True
chr1	26086137	26086138	+	0.5	mod_ratio	50	64	A	GGACC	ok	True
chr1	26086206	26086207	+	0.48	mod_ratio	50	63	A	GAACC	ok	True
chr1	26086372	26086373	+	0.8	mod_ratio	40	61	A	AGACA	ok	True
chr1	26089307	26089308	+	0.700787	mod_ratio	127	159	A	AGACG	ok	False
chr1	26089407	26089408	+	0.65	mod_ratio	140	170	A	GGACG	ok	False
chr1	26111937	26111938	-	0.5	mod_ratio	66	81	T	AGTCT	ok	True
chr1	26112003	26112004	-	0.675676	mod_ratio	37	56	T	TGTTT	ok	True
chr1	26112174	26112175	-	0.444444	mod_ratio	63	84	T	GGTTC	ok	True
chr1	26112815	26112816	-	0.485714	mod_ratio	70	78	T	TGTCC	ok	True
chr1	26122964	26122965	+	0.892857	mod_ratio	28	30	A	AGACA	ok	True
chr1	26123042	26123043	+	0.793103	mod_ratio	29	30	A	GGACG	ok	False
chr1	26123083	26123084	+	0.766667	mod_ratio	30	32	A	GGACC	ok	True
chr1	26127151	26127152	+	0.173611	mod_ratio	144	169	A	GGACC	ok	True
chr1	26127158	26127159	+	0.275641	mod_ratio	156	171	A	GAACG	ok	False
chr1	26127369	26127370	+	0.25	mod_ratio	156	186	A	AAACT	ok	True
chr1	26127488	26127489	+	0.359155	mod_ratio	142	187	A	AGACG	ok	False
chr1	26127513	26127514	+	0.805755	mod_ratio	139	186	A	AAACT	ok	True
chr1	26127690	26127691	+	0.260355	mod_ratio	169	198	A	GGACG	ok	False
chr1	26127760	26127761	+	0.134503	mod_ratio	171	190	A	AAACA	ok	True
chr1	26127852	26127853	+	0.616279	mod_ratio	86	151	A	GGACT	ok	True
chr1	26127876	26127877	+	0.550562	mod_ratio	89	171	A	AAACC	ok	True
chr1	26127891	26127892	+	0.693333	mod_ratio	150	197	A	AAACG	ok	False
chr1	26127902	26127903	+	0.532468	mod_ratio	154	198	A	GGACG	ok	False
chr1	26141910	26141911	+	0.612245	mod_ratio	98	107	A	AAACC	ok	True
chr1	26142305	26142306	+	0.368421	mod_ratio	114	130	A	GAACC	ok	True
chr1	26142384	26142385	+	0.820513	mod_ratio	117	133	A	AAACG	ok	False
chr1	26142432	26142433	+	0.448276	mod_ratio	116	135	A	AAACT	ok	True
chr1	26142785	26142786	+	0.156028	mod_ratio	141	155	A	AAACG	ok	False
chr1	26142896	26142897	+	0.187097	mod_ratio	155	167	A	AAACT	ok	True
chr1	26142903	26142904	+	0.745098	mod_ratio	51	166	A	GGACA	ok	True
chr1	26142908	26142909	+	0.166667	mod_ratio	156	166	A	GAACT	ok	True
chr1	26189883	26189884	+	0.495413	mod_ratio	436	642	A	AGACA	ok	True
chr1	26190096	26190097	+	0.17657	mod_ratio	589	668	A	AGACC	ok	True
chr1	26190845	26190846	+	0.109319	mod_ratio	558	684	A	AAACA	ok	True
chr1	26191086	26191087	+	0.197767	mod_ratio	627	701	A	AGACC	ok	True
chr1	26191147	26191148	+	0.246347	mod_ratio	479	689	A	AAACA	ok	True
chr1	26191195	26191196	+	0.245	mod_ratio	200	497	A	GGATC	ok	False
chr1	26191283	26191284	+	0.698113	mod_ratio	53	93	A	AAACT	ok	True
chr1	26221312	26221313	+	0.328358	mod_ratio	67	76	A	GAACA	ok	True
chr1	26221324	26221325	+	0.38806	mod_ratio	67	77	A	AAACA	ok	True
chr1	26221336	26221337	+	0.626866	mod_ratio	67	78	A	AGACC	ok	True
chr1	26221414	26221415	+	0.703704	mod_ratio	54	75	A	AAACG	ok	False
chr1	26221459	26221460	+	0.575758	mod_ratio	66	78	A	GAACA	ok	True
chr1	26221674	26221675	+	0.586207	mod_ratio	58	79	A	AAACC	ok	True
chr1	26221812	26221813	+	0.871795	mod_ratio	39	59	A	AAACA	ok	True
chr1	26232481	26232482	+	0.696629	mod_ratio	89	102	A	GGACA	ok	True
chr1	26233458	26233459	+	0.336634	mod_ratio	101	117	A	GAACA	ok	True
chr1	26233746	26233747	+	0.78	mod_ratio	100	126	A	AAACA	ok	True
chr1	26233963	26233964	+	0.720721	mod_ratio	111	136	A	AAACG	ok	False
chr1	26234115	26234116	+	0.521368	mod_ratio	117	142	A	AAACC	ok	True
chr1	26234404	26234405	+	0.571429	mod_ratio	119	146	A	GGACA	ok	True
chr1	26234738	26234739	+	0.61194	mod_ratio	67	149	A	AAACT	ok	True
chr1	26234772	26234773	+	0.362745	mod_ratio	102	136	A	AGACT	ok	True
chr1	26342089	26342090	-	0.826923	mod_ratio	52	64	T	GGTCC	ok	True
chr1	26342663	26342664	-	0.934783	mod_ratio	46	55	T	CGTTT	ok	False
chr1	26420977	26420978	+	0.613636	mod_ratio	44	48	A	GGACG	ok	False
chr1	26421184	26421185	+	0.583333	mod_ratio	48	52	A	AGACG	ok	False
chr1	26422286	26422287	+	0.359375	mod_ratio	64	72	A	AAACA	ok	True
chr1	26471268	26471269	-	0.568627	mod_ratio	51	61	T	TGTTT	ok	True
chr1	26471330	26471331	-	0.717391	mod_ratio	46	59	T	GGTTT	ok	True
chr1	26471762	26471763	-	0.682927	mod_ratio	41	52	T	GGTTT	ok	True
chr1	26471877	26471878	-	0.560976	mod_ratio	41	53	T	CGTCT	ok	False
chr1	26471923	26471924	-	0.636364	mod_ratio	44	51	T	CGTCC	ok	False
chr1	26471960	26471961	-	0.595238	mod_ratio	42	46	T	GGTTC	ok	True
chr1	26474103	26474104	-	0.961538	mod_ratio	26	28	T	TGTCT	ok	True
chr1	26485888	26485889	-	0.532258	mod_ratio	62	88	T	GGTCC	ok	True
chr1	26486036	26486037	-	0.547945	mod_ratio	73	84	T	GGTTT	ok	True
chr1	26513001	26513002	-	0.794521	mod_ratio	73	89	T	GGTCT	ok	True
chr1	26513416	26513417	-	0.833333	mod_ratio	48	64	T	CGTTT	ok	False
chr1	26513527	26513528	-	0.583333	mod_ratio	48	53	T	AGTTT	ok	True
chr1	26514153	26514154	-	0.923077	mod_ratio	26	38	T	GTTTT	ok	False
chr1	26514989	26514990	-	1	mod_ratio	28	28	T	TGTTT	ok	True
chr1	26533935	26533936	-	0.505495	mod_ratio	91	104	T	AGTTC	ok	True
chr1	26533947	26533948	-	0.574359	mod_ratio	195	228	T	CGTTC	ok	False
chr1	26533976	26533977	-	0.364407	mod_ratio	236	283	T	AGTTT	ok	True
chr1	26534003	26534004	-	0.540881	mod_ratio	159	270	T	TGTTT	ok	True
chr1	26534038	26534039	-	0.284615	mod_ratio	130	240	T	AGTTT	ok	True
chr1	26534039	26534040	-	0.336207	mod_ratio	116	313	T	GTTTT	ok	False
chr1	26534118	26534119	-	0.160142	mod_ratio	281	323	T	TGTCT	ok	True
chr1	26534139	26534140	-	0.259259	mod_ratio	162	227	T	AGTTT	ok	True
chr1	26534140	26534141	-	0.35	mod_ratio	160	369	T	GTTTT	ok	False
chr1	26534148	26534149	-	0.332344	mod_ratio	337	374	T	TGTTC	ok	True
chr1	26534192	26534193	-	0.130564	mod_ratio	337	377	T	GGTCT	ok	True
chr1	26534222	26534223	-	0.252595	mod_ratio	289	355	T	CGTTC	ok	False
chr1	26534703	26534704	-	0.212838	mod_ratio	296	344	T	AGTCC	ok	True
chr1	26535198	26535199	-	0.105455	mod_ratio	275	303	T	TGTCT	ok	True
chr1	26535315	26535316	-	0.12	mod_ratio	250	319	T	TGTTT	ok	True
chr1	26535654	26535655	-	0.438849	mod_ratio	278	309	T	GGTCT	ok	True
chr1	26536075	26536076	-	0.311741	mod_ratio	247	303	T	GGTCT	ok	True
chr1	26536085	26536086	-	0.311203	mod_ratio	241	304	T	CGTTC	ok	False
chr1	26536095	26536096	-	0.580153	mod_ratio	262	305	T	CGTCT	ok	False
chr1	26536161	26536162	-	0.726027	mod_ratio	73	294	T	CGTTT	ok	False
chr1	26536469	26536470	-	0.183908	mod_ratio	261	293	T	AGTCC	ok	True
chr1	26536633	26536634	-	0.755556	mod_ratio	45	64	T	TTTTT	ok	False
chr1	26537411	26537412	-	0.679688	mod_ratio	128	150	T	GGTTT	ok	True
chr1	26563987	26563988	-	0.354839	mod_ratio	155	237	T	GGTTC	ok	True
chr1	26564066	26564067	-	0.253165	mod_ratio	158	228	T	GGTTC	ok	True
chr1	26564302	26564303	-	0.142857	mod_ratio	203	251	T	AGTCC	ok	True
chr1	26564727	26564728	-	0.20603	mod_ratio	199	227	T	TGTTC	ok	True
chr1	26564843	26564844	-	0.477157	mod_ratio	197	217	T	TGTCC	ok	True
chr1	26565061	26565062	-	0.738636	mod_ratio	176	211	T	GGTCT	ok	True
chr1	26565697	26565698	-	0.307692	mod_ratio	91	120	T	TGTTT	ok	True
chr1	26613468	26613469	+	0.698413	mod_ratio	63	74	A	GGACA	ok	True
chr1	26613474	26613475	+	0.523077	mod_ratio	65	74	A	AAACC	ok	True
chr1	26613838	26613839	+	0.391892	mod_ratio	74	79	A	GAACG	ok	False
chr1	26615455	26615456	+	0.444444	mod_ratio	81	100	A	AAACG	ok	False
chr1	26615624	26615625	+	0.344828	mod_ratio	87	102	A	GGACA	ok	True
chr1	26621004	26621005	-	0.285714	mod_ratio	434	588	T	AGTCT	ok	True
chr1	26621036	26621037	-	0.205426	mod_ratio	258	859	T	AATCC	ok	False
chr1	26621048	26621049	-	0.111782	mod_ratio	662	891	T	GGTTC	ok	True
chr1	26621092	26621093	-	0.229592	mod_ratio	196	864	T	AATCC	ok	False
chr1	26624051	26624052	+	0.774194	mod_ratio	31	31	A	AGACA	ok	True
chr1	26625172	26625173	+	0.6875	mod_ratio	32	36	A	AAACG	ok	False
chr1	26626314	26626315	+	0.727273	mod_ratio	33	41	A	AAACG	ok	False
chr1	26641020	26641021	+	0.367925	mod_ratio	106	128	A	GGACA	ok	True
chr1	26641738	26641739	+	0.221311	mod_ratio	122	144	A	GAACC	ok	True
chr1	26641907	26641908	+	0.848	mod_ratio	125	145	A	GGACA	ok	True
chr1	26641989	26641990	+	0.310606	mod_ratio	132	147	A	AAACA	ok	True
chr1	26642002	26642003	+	0.28	mod_ratio	100	130	A	AAACA	ok	True
chr1	26642036	26642037	+	0.27	mod_ratio	100	139	A	GAACC	ok	True
chr1	26642114	26642115	+	0.628866	mod_ratio	97	141	A	AAACA	ok	True
chr1	26642131	26642132	+	0.685714	mod_ratio	70	124	A	AAACC	ok	True
chr1	26654817	26654818	+	0.891892	mod_ratio	37	46	A	AAACG	ok	False
chr1	26655917	26655918	+	0.916667	mod_ratio	48	63	A	AAACG	ok	False
chr1	26656805	26656806	+	0.543478	mod_ratio	46	78	A	AAACC	ok	True
chr1	26669017	26669018	-	0.818182	mod_ratio	88	120	T	TGTCT	ok	True
chr1	26669233	26669234	-	0.730769	mod_ratio	78	120	T	CGTCC	ok	False
chr1	26669855	26669856	-	0.459016	mod_ratio	61	70	T	AGTTT	ok	True
chr1	26670038	26670039	-	0.566667	mod_ratio	90	101	T	GGTTC	ok	True
chr1	26670614	26670615	-	0.358974	mod_ratio	78	91	T	TGTTT	ok	True
chr1	26671282	26671283	-	0.5	mod_ratio	66	79	T	AGTTT	ok	True
chr1	26671983	26671984	-	0.85	mod_ratio	60	67	T	TGTTT	ok	True
chr1	26672003	26672004	-	0.901639	mod_ratio	61	70	T	CGTCT	ok	False
chr1	26687880	26687881	+	0.134259	mod_ratio	216	257	A	GAACT	ok	True
chr1	26688118	26688119	+	0.553571	mod_ratio	224	268	A	GGACA	ok	True
chr1	26688122	26688123	+	0.430493	mod_ratio	223	269	A	AAACC	ok	True
chr1	26688130	26688131	+	0.166667	mod_ratio	216	276	A	AGACC	ok	True
chr1	26688136	26688137	+	0.272727	mod_ratio	253	276	A	AGACT	ok	True
chr1	26688148	26688149	+	0.135021	mod_ratio	237	269	A	GAACG	ok	False
chr1	26688235	26688236	+	0.126263	mod_ratio	198	264	A	AGACT	ok	True
chr1	26688318	26688319	+	0.456853	mod_ratio	197	243	A	AAACA	ok	True
chr1	26688329	26688330	+	0.52027	mod_ratio	148	268	A	AAACA	ok	True
chr1	26688833	26688834	-	1	mod_ratio	26	37	T	CGTTT	ok	False
chr1	26689053	26689054	-	0.490909	mod_ratio	55	59	T	AGTTT	ok	True
chr1	26689135	26689136	-	0.8125	mod_ratio	48	57	T	TGTCC	ok	True
chr1	26689350	26689351	-	0.681818	mod_ratio	44	53	T	TGTTT	ok	True
chr1	26690340	26690341	-	0.692308	mod_ratio	39	43	T	TGTCT	ok	True
chr1	26691095	26691096	-	0.774194	mod_ratio	31	31	T	CGTTT	ok	False
chr1	26695425	26695426	-	0.79661	mod_ratio	118	139	T	GGTCT	ok	True
chr1	26695747	26695748	-	0.371429	mod_ratio	105	133	T	GGTCC	ok	True
chr1	26695940	26695941	-	0.606742	mod_ratio	89	101	T	CGTTT	ok	False
chr1	26695941	26695942	-	0.758621	mod_ratio	29	132	T	GTTTT	ok	False
chr1	26709973	26709974	-	0.302326	mod_ratio	86	114	T	AGTCC	ok	True
chr1	26710223	26710224	-	0.188119	mod_ratio	202	225	T	TGTTC	ok	True
chr1	26710578	26710579	-	0.295858	mod_ratio	169	193	T	AGTTC	ok	True
chr1	26710796	26710797	-	0.1625	mod_ratio	160	174	T	TGTTC	ok	True
chr1	26715449	26715450	-	0.171091	mod_ratio	339	368	T	TGTTC	ok	True
chr1	26715493	26715494	-	0.170659	mod_ratio	334	367	T	AGTCT	ok	True
chr1	26715516	26715517	-	0.30605	mod_ratio	281	342	T	CGTTT	ok	False
chr1	26715943	26715944	-	0.255474	mod_ratio	274	328	T	AGTTC	ok	True
chr1	26716094	26716095	-	0.809524	mod_ratio	273	309	T	TGTCT	ok	True
chr1	26716143	26716144	-	0.125899	mod_ratio	278	302	T	TGTTC	ok	True
chr1	26716187	26716188	-	0.274419	mod_ratio	215	300	T	AGTTT	ok	True
chr1	26716672	26716673	-	0.519608	mod_ratio	204	258	T	TGTCC	ok	True
chr1	26716734	26716735	-	0.305882	mod_ratio	85	113	T	AGTTT	ok	True
chr1	26716735	26716736	-	0.625	mod_ratio	96	210	T	GTTTT	ok	False
chr1	26725857	26725858	-	0.753521	mod_ratio	142	159	T	AGTTT	ok	True
chr1	26725876	26725877	-	0.633588	mod_ratio	131	160	T	AGTTT	ok	True
chr1	26725932	26725933	-	0.153846	mod_ratio	143	159	T	TGTTC	ok	True
chr1	26726452	26726453	-	0.892562	mod_ratio	121	131	T	TGTCT	ok	True
chr1	26732733	26732734	+	0.589744	mod_ratio	39	42	A	AGACC	ok	True
chr1	26733459	26733460	+	0.969697	mod_ratio	33	46	A	AAACG	ok	False
chr1	26733695	26733696	+	0.625	mod_ratio	40	45	A	AAACC	ok	True
chr1	26745952	26745953	+	0.609756	mod_ratio	41	46	A	GAACA	ok	True
chr1	26746097	26746098	+	0.820513	mod_ratio	39	46	A	AGACA	ok	True
chr1	26746105	26746106	+	0.846154	mod_ratio	39	48	A	GGACG	ok	False
chr1	26746141	26746142	+	0.681818	mod_ratio	44	48	A	AGACA	ok	True
chr1	26795494	26795495	-	0.455882	mod_ratio	68	71	T	TGTTT	ok	True
chr1	26795517	26795518	-	0.462687	mod_ratio	67	77	T	CGTCC	ok	False
chr1	26795621	26795622	-	0.681818	mod_ratio	66	72	T	GGTTT	ok	True
chr1	26795655	26795656	-	0.731343	mod_ratio	67	70	T	CGTCT	ok	False
chr1	26795772	26795773	-	0.384615	mod_ratio	65	69	T	CGTCC	ok	False
chr1	26861751	26861752	-	0.787879	mod_ratio	33	40	T	AGTTT	ok	True
chr1	26936176	26936177	+	0.184685	mod_ratio	222	248	A	GAACG	ok	False
chr1	26936231	26936232	+	0.751724	mod_ratio	145	258	A	GGACC	ok	True
chr1	26936384	26936385	+	0.164609	mod_ratio	243	268	A	AGACG	ok	False
chr1	26936392	26936393	+	0.516393	mod_ratio	244	274	A	AGACG	ok	False
chr1	26936880	26936881	+	0.446328	mod_ratio	177	290	A	AAACC	ok	True
chr1	26936973	26936974	+	0.115672	mod_ratio	268	307	A	AGACA	ok	True
chr1	26937045	26937046	+	0.665428	mod_ratio	269	324	A	AAACG	ok	False
chr1	26937206	26937207	+	0.276423	mod_ratio	246	332	A	AAACG	ok	False
chr1	26937283	26937284	+	0.254019	mod_ratio	311	339	A	GAACA	ok	True
chr1	26937296	26937297	+	0.304498	mod_ratio	289	335	A	GGACT	ok	True
chr1	26937388	26937389	+	0.183333	mod_ratio	240	319	A	AAACA	ok	True
chr1	26937403	26937404	+	0.254826	mod_ratio	259	307	A	AAACC	ok	True
chr1	26966078	26966079	+	0.472222	mod_ratio	72	82	A	AAACC	ok	True
chr1	26966211	26966212	+	0.890411	mod_ratio	73	86	A	AAACG	ok	False
chr1	26966495	26966496	+	0.455556	mod_ratio	90	99	A	AAACA	ok	True
chr1	26966641	26966642	+	0.709091	mod_ratio	55	93	A	AAACT	ok	True
chr1	26986097	26986098	-	0.925926	mod_ratio	27	40	T	TGTTT	ok	True
chr1	26986304	26986305	-	0.543478	mod_ratio	46	58	T	CGTTC	ok	False
chr1	26986333	26986334	-	0.547619	mod_ratio	42	53	T	TGTTC	ok	True
chr1	27023678	27023679	+	0.732143	mod_ratio	56	58	A	AGACA	ok	True
chr1	27024222	27024223	+	0.75	mod_ratio	48	61	A	GGACA	ok	True
chr1	27024414	27024415	+	0.571429	mod_ratio	56	62	A	AGACA	ok	True
chr1	27027192	27027193	+	0.965517	mod_ratio	29	33	A	AAACA	ok	True
chr1	27028663	27028664	+	0.564103	mod_ratio	39	44	A	GAACG	ok	False
chr1	27080368	27080369	-	0.533333	mod_ratio	45	94	T	GGTTC	ok	True
chr1	27080400	27080401	-	0.542857	mod_ratio	70	85	T	AGTTT	ok	True
chr1	27080485	27080486	-	0.505747	mod_ratio	87	98	T	GGTTT	ok	True
chr1	27080536	27080537	-	0.347222	mod_ratio	72	79	T	TGTTC	ok	True
chr1	27081383	27081384	-	0.378378	mod_ratio	74	81	T	GGTTT	ok	True
chr1	27081405	27081406	-	0.831169	mod_ratio	77	92	T	GGTTT	ok	True
chr1	27109340	27109341	-	0.821429	mod_ratio	84	312	T	TGTCA	ok	True
chr1	27109467	27109468	-	0.593023	mod_ratio	258	300	T	AGTTT	ok	True
chr1	27109638	27109639	-	0.644444	mod_ratio	225	316	T	GGTCC	ok	True
chr1	27111097	27111098	+	0.702128	mod_ratio	47	62	A	GGACG	ok	False
chr1	27111332	27111333	+	0.527273	mod_ratio	55	62	A	AAACT	ok	True
chr1	27111471	27111472	+	0.660714	mod_ratio	56	68	A	AAACT	ok	True
chr1	27111477	27111478	+	0.365079	mod_ratio	63	68	A	AAACT	ok	True
chr1	27111525	27111526	+	0.733333	mod_ratio	60	68	A	AAACT	ok	True
chr1	27111854	27111855	+	0.45	mod_ratio	60	72	A	AAACA	ok	True
chr1	27148548	27148549	+	0.916667	mod_ratio	24	41	A	AGACA	ok	True
chr1	27148886	27148887	+	0.438596	mod_ratio	57	62	A	AAACG	ok	False
chr1	27149082	27149083	+	0.838235	mod_ratio	68	79	A	AGACC	ok	True
chr1	27149099	27149100	+	0.689189	mod_ratio	74	80	A	AAACC	ok	True
chr1	27149157	27149158	+	0.448718	mod_ratio	78	82	A	GAACC	ok	True
chr1	27149163	27149164	+	0.480519	mod_ratio	77	82	A	AGACC	ok	True
chr1	27149311	27149312	+	0.544118	mod_ratio	68	85	A	AGACG	ok	False
chr1	27149392	27149393	+	0.333333	mod_ratio	78	88	A	AAACA	ok	True
chr1	27149429	27149430	+	0.297619	mod_ratio	84	90	A	GAACT	ok	True
chr1	27149690	27149691	+	0.30303	mod_ratio	99	99	A	GGACT	ok	True
chr1	27149723	27149724	+	0.634409	mod_ratio	93	101	A	AGACG	ok	False
chr1	27150036	27150037	+	0.347368	mod_ratio	95	107	A	GGACT	ok	True
chr1	27150250	27150251	+	0.261682	mod_ratio	107	111	A	AAACC	ok	True
chr1	27150273	27150274	+	0.698113	mod_ratio	106	113	A	AAACC	ok	True
chr1	27150514	27150515	+	0.356436	mod_ratio	101	113	A	AGACA	ok	True
chr1	27150643	27150644	+	0.31405	mod_ratio	121	135	A	AAACT	ok	True
chr1	27153951	27153952	-	0.852941	mod_ratio	34	38	T	GGTCT	ok	True
chr1	27156457	27156458	+	0.62	mod_ratio	50	68	A	GGACG	ok	False
chr1	27243031	27243032	-	0.704545	mod_ratio	440	604	T	GGTCT	ok	True
chr1	27243069	27243070	-	0.30198	mod_ratio	404	624	T	GGTTC	ok	True
chr1	27243085	27243086	-	0.260504	mod_ratio	119	532	T	AATCC	ok	False
chr1	27243109	27243110	-	0.237255	mod_ratio	510	615	T	TGTCT	ok	True
chr1	27243387	27243388	-	0.1375	mod_ratio	480	637	T	GGTCC	ok	True
chr1	27243395	27243396	-	0.472973	mod_ratio	74	638	T	GGTCT	ok	True
chr1	27243636	27243637	-	0.462719	mod_ratio	456	612	T	TGTCC	ok	True
chr1	27243650	27243651	-	0.289256	mod_ratio	484	601	T	GGTTC	ok	True
chr1	27243760	27243761	-	0.207171	mod_ratio	502	575	T	AGTCT	ok	True
chr1	27244073	27244074	-	0.102249	mod_ratio	489	532	T	TGTCC	ok	True
chr1	27244131	27244132	-	0.164983	mod_ratio	297	390	T	TGTTT	ok	True
chr1	27244707	27244708	-	0.105991	mod_ratio	434	503	T	CGTCT	ok	False
chr1	27244751	27244752	-	0.256236	mod_ratio	441	512	T	GGTTC	ok	True
chr1	27264951	27264952	-	0.65	mod_ratio	40	46	T	GGTCT	ok	True
chr1	27265042	27265043	-	0.635294	mod_ratio	85	112	T	CGTTT	ok	False
chr1	27265043	27265044	-	0.939394	mod_ratio	33	148	T	GTTTT	ok	False
chr1	27265269	27265270	-	0.197183	mod_ratio	142	155	T	TGTTC	ok	True
chr1	27265335	27265336	-	0.608696	mod_ratio	92	153	T	GGTCT	ok	True
chr1	27265358	27265359	-	0.370079	mod_ratio	127	149	T	AGTTT	ok	True
chr1	27265401	27265402	-	0.246032	mod_ratio	126	141	T	AGTTC	ok	True
chr1	27265441	27265442	-	0.459459	mod_ratio	111	136	T	GGTTC	ok	True
chr1	27303421	27303422	+	0.451613	mod_ratio	62	67	A	AAACA	ok	True
chr1	27303655	27303656	+	0.829787	mod_ratio	47	64	A	AAACG	ok	False
chr1	27303902	27303903	+	0.3375	mod_ratio	80	93	A	AAACC	ok	True
chr1	27304237	27304238	+	0.309524	mod_ratio	84	99	A	GGACA	ok	True
chr1	27304258	27304259	+	0.824324	mod_ratio	74	104	A	AGACA	ok	True
chr1	27304434	27304435	+	0.630952	mod_ratio	84	100	A	AAACC	ok	True
chr1	27304449	27304450	+	0.345238	mod_ratio	84	97	A	GGACC	ok	True
chr1	27319965	27319966	-	0.710526	mod_ratio	38	44	T	TGTCT	ok	True
chr1	27339270	27339271	-	0.223577	mod_ratio	246	298	T	TGTTT	ok	True
chr1	27339287	27339288	-	0.311284	mod_ratio	257	306	T	AGTCC	ok	True
chr1	27339376	27339377	-	0.256055	mod_ratio	289	312	T	AGTTC	ok	True
chr1	27339523	27339524	-	0.352941	mod_ratio	238	301	T	TGTCC	ok	True
chr1	27339529	27339530	-	0.557312	mod_ratio	253	298	T	GGTTT	ok	True
chr1	27339689	27339690	-	0.168675	mod_ratio	249	277	T	CGTTC	ok	False
chr1	27339785	27339786	-	0.454167	mod_ratio	240	266	T	AGTCT	ok	True
chr1	27339834	27339835	-	0.349345	mod_ratio	229	263	T	GGTTT	ok	True
chr1	27339844	27339845	-	0.895062	mod_ratio	162	261	T	CGTTT	ok	False
chr1	27339941	27339942	-	0.691244	mod_ratio	217	248	T	GGTTT	ok	True
chr1	27346330	27346331	-	0.71875	mod_ratio	32	40	T	TGTCT	ok	True
chr1	27349179	27349180	+	0.522388	mod_ratio	67	84	A	AAACA	ok	True
chr1	27360003	27360004	-	0.657895	mod_ratio	38	41	T	TGTCC	ok	True
chr1	27360437	27360438	-	0.702703	mod_ratio	37	39	T	CGTTC	ok	False
chr1	27375114	27375115	+	0.9	mod_ratio	30	41	A	AAACG	ok	False
chr1	27375630	27375631	+	0.790698	mod_ratio	43	46	A	AGACG	ok	False
chr1	27376213	27376214	+	0.52381	mod_ratio	42	52	A	GGACA	ok	True
chr1	27383553	27383554	+	0.688889	mod_ratio	45	54	A	AAACC	ok	True
chr1	27383610	27383611	+	0.705882	mod_ratio	51	59	A	AGACG	ok	False
chr1	27391638	27391639	+	0.8	mod_ratio	35	42	A	AAACT	ok	True
chr1	27391908	27391909	+	0.541667	mod_ratio	48	50	A	GAACG	ok	False
chr1	27392077	27392078	+	0.659091	mod_ratio	44	55	A	AGACC	ok	True
chr1	27440156	27440157	+	0.5	mod_ratio	68	74	A	AGACG	ok	False
chr1	27440401	27440402	+	0.46	mod_ratio	50	69	A	AAACA	ok	True
chr1	27454674	27454675	+	0.652174	mod_ratio	46	52	A	GGACC	ok	True
chr1	27455279	27455280	+	0.581818	mod_ratio	55	67	A	AAACT	ok	True
chr1	27455303	27455304	+	0.972222	mod_ratio	36	67	A	AAACG	ok	False
chr1	27455366	27455367	+	0.396825	mod_ratio	63	71	A	GAACG	ok	False
chr1	27464778	27464779	-	0.634146	mod_ratio	41	45	T	CGTCT	ok	False
chr1	27465067	27465068	-	0.675676	mod_ratio	37	40	T	AGTTT	ok	True
chr1	27479492	27479493	+	0.732558	mod_ratio	86	98	A	AGACG	ok	False
chr1	27479560	27479561	+	0.563636	mod_ratio	55	102	A	AGACC	ok	True
chr1	27479912	27479913	+	0.23	mod_ratio	100	109	A	GGACT	ok	True
chr1	27480469	27480470	+	0.476923	mod_ratio	65	113	A	GAACC	ok	True
chr1	27480611	27480612	+	0.333333	mod_ratio	81	105	A	GAACT	ok	True
chr1	27481030	27481031	+	0.783784	mod_ratio	74	127	A	AGACG	ok	False
chr1	27481059	27481060	+	0.266055	mod_ratio	109	125	A	GGACT	ok	True
chr1	27481258	27481259	+	0.747899	mod_ratio	119	131	A	GAACG	ok	False
chr1	27494350	27494351	-	0.55102	mod_ratio	49	59	T	CGTCC	ok	False
chr1	27494590	27494591	-	0.590909	mod_ratio	44	57	T	CGTCT	ok	False
chr1	27540347	27540348	-	0.579882	mod_ratio	169	281	T	TGTTC	ok	True
chr1	27540384	27540385	-	0.15102	mod_ratio	245	345	T	AGTCT	ok	True
chr1	27540546	27540547	-	0.111821	mod_ratio	313	359	T	GGTCT	ok	True
chr1	27540555	27540556	-	0.285714	mod_ratio	273	320	T	AGTCT	ok	True
chr1	27540640	27540641	-	0.100746	mod_ratio	268	347	T	TGTTT	ok	True
chr1	27540674	27540675	-	0.76779	mod_ratio	267	347	T	TGTCC	ok	True
chr1	27540688	27540689	-	0.583333	mod_ratio	204	341	T	GGTCC	ok	True
chr1	27540811	27540812	-	0.362963	mod_ratio	270	324	T	TGTCT	ok	True
chr1	27540911	27540912	-	0.301754	mod_ratio	285	335	T	CGTCT	ok	False
chr1	27541187	27541188	-	0.341727	mod_ratio	278	318	T	GGTCT	ok	True
chr1	27541840	27541841	-	0.181373	mod_ratio	204	260	T	GGTTC	ok	True
chr1	27547631	27547632	-	0.621622	mod_ratio	37	47	T	TGTCC	ok	True
chr1	27547744	27547745	-	0.861111	mod_ratio	36	43	T	TGTTT	ok	True
chr1	27547983	27547984	-	0.84375	mod_ratio	32	40	T	CGTTT	ok	False
chr1	27568842	27568843	-	0.488038	mod_ratio	209	282	T	GGTTT	ok	True
chr1	27568960	27568961	-	0.879747	mod_ratio	316	374	T	TGTCT	ok	True
chr1	27569184	27569185	-	0.180645	mod_ratio	310	350	T	TGTTT	ok	True
chr1	27569247	27569248	-	0.177994	mod_ratio	309	359	T	GGTTT	ok	True
chr1	27569343	27569344	-	0.354839	mod_ratio	279	324	T	AGTTC	ok	True
chr1	27569478	27569479	-	0.447099	mod_ratio	293	314	T	TGTTC	ok	True
chr1	27569500	27569501	-	0.519435	mod_ratio	283	323	T	TGTCT	ok	True
chr1	27569530	27569531	-	0.973384	mod_ratio	263	317	T	CGTTT	ok	False
chr1	27569656	27569657	-	0.177358	mod_ratio	265	303	T	TGTTT	ok	True
chr1	27569679	27569680	-	0.489177	mod_ratio	231	289	T	TGTTT	ok	True
chr1	27591162	27591163	-	0.837209	mod_ratio	43	53	T	GGTTT	ok	True
chr1	27591383	27591384	-	0.511628	mod_ratio	43	50	T	TGTCC	ok	True
chr1	27630761	27630762	+	0.794118	mod_ratio	34	41	A	AAACG	ok	False
chr1	27631779	27631780	+	0.583333	mod_ratio	48	55	A	GGACA	ok	True
chr1	27632231	27632232	+	0.519231	mod_ratio	52	59	A	AAACC	ok	True
chr1	27632379	27632380	+	0.90566	mod_ratio	53	68	A	AGACA	ok	True
chr1	27632434	27632435	+	0.833333	mod_ratio	48	66	A	GAACG	ok	False
chr1	27632495	27632496	+	0.483333	mod_ratio	60	69	A	AAACC	ok	True
chr1	27632539	27632540	+	0.836066	mod_ratio	61	73	A	AGACA	ok	True
chr1	27632586	27632587	+	0.465517	mod_ratio	58	70	A	AAACG	ok	False
chr1	27632781	27632782	+	0.52	mod_ratio	50	59	A	AAACT	ok	True
chr1	27633331	27633332	-	0.916667	mod_ratio	36	53	T	CGTTT	ok	False
chr1	27633570	27633571	-	0.5625	mod_ratio	48	59	T	GGTTT	ok	True
chr1	27633845	27633846	-	0.704545	mod_ratio	44	53	T	GGTTT	ok	True
chr1	27633959	27633960	-	0.97561	mod_ratio	41	49	T	TGTCT	ok	True
chr1	27634216	27634217	-	0.547619	mod_ratio	42	46	T	TGTTC	ok	True
chr1	27634230	27634231	-	0.794872	mod_ratio	39	47	T	TGTCT	ok	True
chr1	27634532	27634533	-	0.731707	mod_ratio	41	46	T	TGTTT	ok	True
chr1	27643851	27643852	-	0.603774	mod_ratio	53	71	T	CGTCT	ok	False
chr1	27643883	27643884	-	0.553191	mod_ratio	47	67	T	GGTTT	ok	True
chr1	27644064	27644065	-	0.633333	mod_ratio	60	70	T	TGTTT	ok	True
chr1	27644233	27644234	-	0.396552	mod_ratio	58	65	T	TGTTC	ok	True
chr1	27672274	27672275	+	0.531915	mod_ratio	47	61	A	GGACA	ok	True
chr1	27672487	27672488	+	0.587302	mod_ratio	63	65	A	AGACA	ok	True
chr1	27672522	27672523	+	0.810345	mod_ratio	58	65	A	AAACC	ok	True
chr1	27672542	27672543	+	0.631579	mod_ratio	57	65	A	AGACG	ok	False
chr1	27673243	27673244	+	0.551724	mod_ratio	87	98	A	AAACG	ok	False
chr1	27673395	27673396	+	0.512195	mod_ratio	82	102	A	AAACT	ok	True
chr1	27688329	27688330	-	0.384615	mod_ratio	65	76	T	AGTTT	ok	True
chr1	27688439	27688440	-	0.725	mod_ratio	40	52	T	TGTTT	ok	True
chr1	27688440	27688441	-	0.676471	mod_ratio	34	89	T	GTTTT	ok	False
chr1	27688610	27688611	-	0.960526	mod_ratio	76	88	T	CGTCT	ok	False
chr1	27688948	27688949	-	0.753425	mod_ratio	73	86	T	GGTCC	ok	True
chr1	27689132	27689133	-	0.641791	mod_ratio	67	82	T	AGTTT	ok	True
chr1	27689281	27689282	-	0.628571	mod_ratio	70	81	T	GGTTT	ok	True
chr1	27689337	27689338	-	0.358209	mod_ratio	67	79	T	CGTCC	ok	False
chr1	27690478	27690479	-	0.55	mod_ratio	60	84	T	AGTTT	ok	True
chr1	27690551	27690552	-	0.662338	mod_ratio	77	92	T	TGTCC	ok	True
chr1	27691243	27691244	-	0.810811	mod_ratio	74	81	T	CGTTT	ok	False
chr1	27691712	27691713	-	0.75	mod_ratio	60	67	T	TGTTT	ok	True
chr1	27702804	27702805	+	0.925926	mod_ratio	27	31	A	AAACA	ok	True
chr1	27779535	27779536	+	0.916667	mod_ratio	36	38	A	AAACG	ok	False
chr1	27779817	27779818	+	0.676471	mod_ratio	34	38	A	GGACG	ok	False
chr1	27779871	27779872	+	1	mod_ratio	35	41	A	AAACG	ok	False
chr1	27780367	27780368	+	0.431373	mod_ratio	51	57	A	GGACG	ok	False
chr1	27787014	27787015	+	0.857143	mod_ratio	28	381	A	AAAAC	ok	False
chr1	27787015	27787016	+	0.687075	mod_ratio	294	357	A	AAACC	ok	True
chr1	27787083	27787084	+	0.148876	mod_ratio	356	429	A	GAACA	ok	True
chr1	27787165	27787166	+	0.27027	mod_ratio	407	442	A	GAACG	ok	False
chr1	27787242	27787243	+	0.205036	mod_ratio	278	454	A	GAACC	ok	True
chr1	27787443	27787444	+	0.326531	mod_ratio	196	468	A	GGACG	ok	False
chr1	27787537	27787538	+	0.525843	mod_ratio	445	480	A	AAACT	ok	True
chr1	27787626	27787627	+	0.18136	mod_ratio	397	464	A	AGACT	ok	True
chr1	27787632	27787633	+	0.264286	mod_ratio	420	474	A	AAACT	ok	True
chr1	27787768	27787769	+	0.421053	mod_ratio	57	76	A	GAACT	ok	True
chr1	27794616	27794617	+	0.8125	mod_ratio	32	35	A	AAACA	ok	True
chr1	27794706	27794707	+	0.870968	mod_ratio	31	35	A	AAACC	ok	True
chr1	27828841	27828842	+	0.69697	mod_ratio	33	36	A	AAACT	ok	True
chr1	27828859	27828860	+	0.714286	mod_ratio	35	37	A	AAACA	ok	True
chr1	27840239	27840240	-	1	mod_ratio	28	30	T	CGTTT	ok	False
chr1	27841095	27841096	-	0.884615	mod_ratio	26	27	T	GGTCC	ok	True
chr1	27847116	27847117	-	0.66	mod_ratio	50	139	T	AGTTT	ok	True
chr1	27847120	27847121	-	0.469697	mod_ratio	66	131	T	TGTCC	ok	True
chr1	27847165	27847166	-	0.540146	mod_ratio	137	228	T	TGTTC	ok	True
chr1	27847288	27847289	-	0.254545	mod_ratio	220	318	T	TGTTT	ok	True
chr1	27847740	27847741	-	0.438053	mod_ratio	226	285	T	CGTCT	ok	False
chr1	27848437	27848438	-	0.144385	mod_ratio	187	224	T	GGTTT	ok	True
chr1	27848464	27848465	-	0.421739	mod_ratio	230	274	T	GGTTT	ok	True
chr1	27848642	27848643	-	0.447489	mod_ratio	219	260	T	GGTTT	ok	True
chr1	27848668	27848669	-	0.87766	mod_ratio	188	237	T	TGTTT	ok	True
chr1	27850065	27850066	-	0.185714	mod_ratio	140	198	T	TGTTT	ok	True
chr1	27850478	27850479	-	0.446667	mod_ratio	150	176	T	CGTCT	ok	False
chr1	27850726	27850727	-	0.167832	mod_ratio	143	167	T	TGTCC	ok	True
chr1	27851083	27851084	-	0.54	mod_ratio	150	169	T	GGTTT	ok	True
chr1	27851287	27851288	-	0.835938	mod_ratio	128	143	T	TGTTT	ok	True
chr1	27852093	27852094	-	0.976744	mod_ratio	43	48	T	CGTTT	ok	False
chr1	27863074	27863075	+	0.935484	mod_ratio	31	35	A	AGACA	ok	True
chr1	27863364	27863365	+	0.942857	mod_ratio	35	39	A	AAACG	ok	False
chr1	27863595	27863596	+	0.939394	mod_ratio	33	43	A	GGACC	ok	True
chr1	27863966	27863967	+	0.658537	mod_ratio	41	51	A	GAACT	ok	True
chr1	27864446	27864447	-	0.867647	mod_ratio	68	81	T	TGTTT	ok	True
chr1	27864685	27864686	-	0.615385	mod_ratio	65	80	T	CGTCT	ok	False
chr1	27865068	27865069	-	0.785714	mod_ratio	28	62	T	CGTTT	ok	False
chr1	27865104	27865105	-	0.875	mod_ratio	48	60	T	TGTCT	ok	True
chr1	27865178	27865179	-	0.923077	mod_ratio	52	57	T	CGTTT	ok	False
chr1	27865482	27865483	-	0.774194	mod_ratio	31	43	T	CGTTT	ok	False
chr1	27915384	27915385	+	0.5	mod_ratio	54	61	A	AGACC	ok	True
chr1	27915757	27915758	+	0.666667	mod_ratio	51	66	A	AAACA	ok	True
chr1	27916824	27916825	+	0.468354	mod_ratio	79	90	A	AAACT	ok	True
chr1	27916895	27916896	+	0.358974	mod_ratio	78	88	A	GAACT	ok	True
chr1	27916930	27916931	+	0.62069	mod_ratio	58	81	A	GAACT	ok	True
chr1	27917030	27917031	+	0.515625	mod_ratio	64	79	A	AAACT	ok	True
chr1	27928392	27928393	-	0.534314	mod_ratio	204	277	T	AGTTT	ok	True
chr1	27928663	27928664	-	0.239496	mod_ratio	238	284	T	TGTCT	ok	True
chr1	27928755	27928756	-	0.178138	mod_ratio	247	280	T	TGTTT	ok	True
chr1	27929454	27929455	-	0.688889	mod_ratio	135	249	T	CGTCC	ok	False
chr1	27961146	27961147	+	0.892857	mod_ratio	28	32	A	AGACA	ok	True
chr1	27991202	27991203	+	0.595506	mod_ratio	89	653	A	AGACT	ok	True
chr1	27991229	27991230	+	0.283333	mod_ratio	600	716	A	GAACT	ok	True
chr1	27991241	27991242	+	0.336093	mod_ratio	604	713	A	AAACA	ok	True
chr1	27991311	27991312	+	0.322785	mod_ratio	632	729	A	AAACT	ok	True
chr1	27991358	27991359	+	0.63586	mod_ratio	541	756	A	GGACC	ok	True
chr1	27991396	27991397	+	0.478125	mod_ratio	640	752	A	AAACT	ok	True
chr1	27991463	27991464	+	0.272727	mod_ratio	671	779	A	AGACT	ok	True
chr1	27991487	27991488	+	0.640351	mod_ratio	684	788	A	AGACG	ok	False
chr1	27991626	27991627	+	0.341679	mod_ratio	679	807	A	GAACA	ok	True
chr1	27991785	27991786	+	0.173611	mod_ratio	720	865	A	GGACT	ok	True
chr1	27991826	27991827	+	0.102439	mod_ratio	410	886	A	AAACT	ok	True
chr1	27991841	27991842	+	0.486556	mod_ratio	781	890	A	GGACG	ok	False
chr1	27992185	27992186	+	0.554162	mod_ratio	877	995	A	GAACA	ok	True
chr1	27992240	27992241	+	0.148526	mod_ratio	882	1009	A	AAACA	ok	True
chr1	27992304	27992305	+	0.204927	mod_ratio	893	1037	A	GAACA	ok	True
chr1	27992313	27992314	+	0.291904	mod_ratio	877	1025	A	AGACC	ok	True
chr1	27992331	27992332	+	0.570891	mod_ratio	797	991	A	AAACG	ok	False
chr1	27992596	27992597	+	0.585317	mod_ratio	1008	1132	A	AGACA	ok	True
chr1	27992780	27992781	+	0.213115	mod_ratio	122	1165	A	GAACA	ok	True
chr1	28008137	28008138	-	0.659574	mod_ratio	47	54	T	CGTTT	ok	False
chr1	28017657	28017658	-	0.509434	mod_ratio	53	99	T	GGTTC	ok	True
chr1	28017722	28017723	-	0.432836	mod_ratio	67	96	T	AGTCT	ok	True
chr1	28018485	28018486	-	0.576087	mod_ratio	92	103	T	CGTTT	ok	False
chr1	28018712	28018713	-	0.54878	mod_ratio	82	99	T	GGTTT	ok	True
chr1	28019784	28019785	-	0.615385	mod_ratio	78	95	T	CGTCT	ok	False
chr1	28053385	28053386	+	0.257143	mod_ratio	175	191	A	AAACT	ok	True
chr1	28053608	28053609	+	0.293413	mod_ratio	167	190	A	GGACC	ok	True
chr1	28053893	28053894	+	0.269841	mod_ratio	189	212	A	AAACA	ok	True
chr1	28053899	28053900	+	0.363128	mod_ratio	179	199	A	AAACA	ok	True
chr1	28053913	28053914	+	0.535519	mod_ratio	183	220	A	AAACC	ok	True
chr1	28054015	28054016	+	0.202532	mod_ratio	158	208	A	AAACA	ok	True
chr1	28061435	28061436	-	0.766667	mod_ratio	30	38	T	TGTTT	ok	True
chr1	28062396	28062397	-	1	mod_ratio	23	26	T	CGTTT	ok	False
chr1	28079416	28079417	+	0.110465	mod_ratio	344	400	A	AAACA	ok	True
chr1	28079463	28079464	+	0.174174	mod_ratio	333	403	A	AAACG	ok	False
chr1	28079639	28079640	+	0.295977	mod_ratio	348	419	A	GAACA	ok	True
chr1	28079812	28079813	+	0.16208	mod_ratio	327	426	A	GGACT	ok	True
chr1	28079850	28079851	+	0.422727	mod_ratio	220	417	A	GAACA	ok	True
chr1	28079856	28079857	+	0.447183	mod_ratio	284	415	A	AAACC	ok	True
chr1	28079934	28079935	+	0.227586	mod_ratio	145	222	A	AGACA	ok	True
chr1	28079974	28079975	+	0.505155	mod_ratio	97	137	A	AAACA	ok	True
chr1	28116060	28116061	-	0.392405	mod_ratio	79	92	T	TGTTT	ok	True
chr1	28117189	28117190	-	0.293333	mod_ratio	75	81	T	TGTTC	ok	True
chr1	28129931	28129932	-	0.279762	mod_ratio	168	216	T	AGTCT	ok	True
chr1	28129961	28129962	-	0.697674	mod_ratio	43	82	T	AGTTT	ok	True
chr1	28129962	28129963	-	0.681159	mod_ratio	69	159	T	GTTTT	ok	False
chr1	28129963	28129964	-	0.675	mod_ratio	40	210	T	TTTTT	ok	False
chr1	28130132	28130133	-	0.172222	mod_ratio	180	209	T	AGTTT	ok	True
chr1	28130391	28130392	-	0.673203	mod_ratio	153	194	T	TGTCT	ok	True
chr1	28130408	28130409	-	0.709877	mod_ratio	162	194	T	GGTCC	ok	True
chr1	28130542	28130543	-	0.845638	mod_ratio	149	190	T	TGTCC	ok	True
chr1	28130810	28130811	-	0.207547	mod_ratio	159	186	T	GGTTT	ok	True
chr1	28130824	28130825	-	0.195652	mod_ratio	138	156	T	GGTTT	ok	True
chr1	28130885	28130886	-	0.208861	mod_ratio	158	181	T	TGTTT	ok	True
chr1	28135742	28135743	-	0.765957	mod_ratio	47	67	T	GGTTC	ok	True
chr1	28135785	28135786	-	0.425926	mod_ratio	54	69	T	CGTCT	ok	False
chr1	28135800	28135801	-	0.584906	mod_ratio	53	66	T	CGTTC	ok	False
chr1	28136958	28136959	-	0.868421	mod_ratio	38	42	T	CGTTT	ok	False
chr1	28139063	28139064	-	0.679245	mod_ratio	53	67	T	GGTTT	ok	True
chr1	28139076	28139077	-	0.588235	mod_ratio	51	64	T	AGTTT	ok	True
chr1	28139208	28139209	-	0.933333	mod_ratio	30	81	T	CGTTT	ok	False
chr1	28139378	28139379	-	0.476923	mod_ratio	65	80	T	CGTCC	ok	False
chr1	28139393	28139394	-	0.934426	mod_ratio	61	74	T	CGTTT	ok	False
chr1	28140998	28140999	-	0.458333	mod_ratio	48	55	T	AGTTC	ok	True
chr1	28152137	28152138	-	0.66129	mod_ratio	62	72	T	CGTTT	ok	False
chr1	28152149	28152150	-	0.835443	mod_ratio	79	90	T	TGTCC	ok	True
chr1	28152639	28152640	-	0.320988	mod_ratio	81	94	T	TGTCC	ok	True
chr1	28152799	28152800	-	0.753086	mod_ratio	81	96	T	TGTCT	ok	True
chr1	28153020	28153021	-	0.36	mod_ratio	75	94	T	TGTCC	ok	True
chr1	28154307	28154308	-	0.405405	mod_ratio	74	83	T	AGTTT	ok	True
chr1	28155137	28155138	-	0.769231	mod_ratio	52	68	T	TGTTT	ok	True
chr1	28155186	28155187	-	0.59375	mod_ratio	64	73	T	GGTTT	ok	True
chr1	28157558	28157559	-	0.688889	mod_ratio	45	59	T	TGTCT	ok	True
chr1	28157609	28157610	-	0.612335	mod_ratio	227	274	T	CGTTC	ok	False
chr1	28157640	28157641	-	0.295652	mod_ratio	230	274	T	AGTTC	ok	True
chr1	28157696	28157697	-	0.153191	mod_ratio	235	276	T	AGTTT	ok	True
chr1	28158941	28158942	-	0.291892	mod_ratio	185	256	T	CGTCC	ok	False
chr1	28159007	28159008	-	0.147982	mod_ratio	223	248	T	AGTTC	ok	True
chr1	28159185	28159186	-	0.345178	mod_ratio	197	230	T	GGTTC	ok	True
chr1	28178677	28178678	+	0.916667	mod_ratio	24	27	A	AAACG	ok	False
chr1	28191116	28191117	-	0.666667	mod_ratio	48	54	T	GGTCC	ok	True
chr1	28191135	28191136	-	0.511111	mod_ratio	45	53	T	GGTCC	ok	True
chr1	28191316	28191317	-	0.75	mod_ratio	44	55	T	TGTCT	ok	True
chr1	28192849	28192850	-	0.83871	mod_ratio	31	37	T	TGTCT	ok	True
chr1	28229455	28229456	-	0.903846	mod_ratio	52	57	T	GGTCT	ok	True
chr1	28229865	28229866	-	0.744186	mod_ratio	43	51	T	GGTCC	ok	True
chr1	28230697	28230698	-	0.914286	mod_ratio	35	42	T	CGTTT	ok	False
chr1	28232516	28232517	-	0.933333	mod_ratio	30	33	T	TGTCT	ok	True
chr1	28250738	28250739	-	0.6	mod_ratio	65	74	T	TGTCT	ok	True
chr1	28250945	28250946	-	0.396825	mod_ratio	63	73	T	GGTTT	ok	True
chr1	28252022	28252023	+	0.5625	mod_ratio	96	121	A	AAACT	ok	True
chr1	28252027	28252028	+	0.666667	mod_ratio	84	122	A	AAACA	ok	True
chr1	28252340	28252341	+	0.878049	mod_ratio	123	141	A	AAACA	ok	True
chr1	28252392	28252393	+	0.491667	mod_ratio	120	145	A	AAACC	ok	True
chr1	28252625	28252626	+	0.477612	mod_ratio	134	147	A	GGACG	ok	False
chr1	28252968	28252969	+	0.234483	mod_ratio	145	167	A	GGACT	ok	True
chr1	28252975	28252976	+	0.356688	mod_ratio	157	169	A	GAACA	ok	True
chr1	28253227	28253228	+	0.530303	mod_ratio	132	174	A	AAACC	ok	True
chr1	28253370	28253371	+	0.416149	mod_ratio	161	190	A	AAACG	ok	False
chr1	28266455	28266456	-	0.305556	mod_ratio	72	82	T	GGTTT	ok	True
chr1	28266802	28266803	-	0.590909	mod_ratio	66	78	T	CGTCT	ok	False
chr1	28266904	28266905	-	0.835821	mod_ratio	67	76	T	TGTCT	ok	True
chr1	28267879	28267880	-	0.818182	mod_ratio	44	57	T	TGTCT	ok	True
chr1	28272181	28272182	+	0.661046	mod_ratio	593	671	A	GAACT	ok	True
chr1	28281560	28281561	-	0.297619	mod_ratio	84	103	T	TGTTT	ok	True
chr1	28281676	28281677	-	0.742574	mod_ratio	101	112	T	AGTTT	ok	True
chr1	28281812	28281813	-	0.76	mod_ratio	100	113	T	CGTTT	ok	False
chr1	28283101	28283102	-	0.388235	mod_ratio	85	93	T	AGTTC	ok	True
chr1	28283510	28283511	-	0.411765	mod_ratio	68	82	T	TGTCC	ok	True
chr1	28283538	28283539	-	0.785714	mod_ratio	70	80	T	GGTTT	ok	True
chr1	28283583	28283584	-	0.34375	mod_ratio	64	78	T	TGTCT	ok	True
chr1	28314997	28314998	+	0.966667	mod_ratio	30	33	A	AAACA	ok	True
chr1	28328050	28328051	+	0.710843	mod_ratio	83	98	A	AAACC	ok	True
chr1	28328383	28328384	+	0.555556	mod_ratio	99	115	A	AAACA	ok	True
chr1	28328750	28328751	+	0.415385	mod_ratio	130	144	A	AGACT	ok	True
chr1	28328859	28328860	+	0.268519	mod_ratio	108	133	A	GAACC	ok	True
chr1	28338082	28338083	-	0.394366	mod_ratio	71	81	T	TGTCT	ok	True
chr1	28338271	28338272	-	0.646154	mod_ratio	65	81	T	TGTCC	ok	True
chr1	28338359	28338360	-	0.309859	mod_ratio	71	76	T	CGTTC	ok	False
chr1	28339110	28339111	-	0.5	mod_ratio	52	57	T	AGTTT	ok	True
chr1	28347353	28347354	-	1	mod_ratio	37	41	T	CGTTT	ok	False
chr1	28400691	28400692	+	0.385965	mod_ratio	171	198	A	AAACT	ok	True
chr1	28400853	28400854	+	0.282353	mod_ratio	170	200	A	GGACG	ok	False
chr1	28400897	28400898	+	0.195402	mod_ratio	174	202	A	AGACC	ok	True
chr1	28400903	28400904	+	0.156757	mod_ratio	185	201	A	GAACT	ok	True
chr1	28402144	28402145	+	0.754545	mod_ratio	110	162	A	AGACA	ok	True
chr1	28417083	28417084	-	0.846154	mod_ratio	26	39	T	TGTTT	ok	True
chr1	28417336	28417337	-	0.607143	mod_ratio	56	64	T	CGTCT	ok	False
chr1	28418120	28418121	-	0.75	mod_ratio	40	49	T	TGTCC	ok	True
chr1	28418344	28418345	-	0.605263	mod_ratio	38	45	T	TGTTT	ok	True
chr1	28422146	28422147	-	0.527273	mod_ratio	55	406	T	GTTTT	ok	False
chr1	28422193	28422194	-	0.540351	mod_ratio	285	386	T	TGTTT	ok	True
chr1	28422480	28422481	-	0.457534	mod_ratio	365	404	T	AGTTT	ok	True
chr1	28423035	28423036	-	0.116352	mod_ratio	318	364	T	AGTTC	ok	True
chr1	28441720	28441721	-	0.314286	mod_ratio	490	560	T	CGTTT	ok	False
chr1	28441775	28441776	-	0.427948	mod_ratio	458	565	T	CGTCC	ok	False
chr1	28441876	28441877	-	0.259615	mod_ratio	104	547	T	AGTTT	ok	True
chr1	28442300	28442301	-	0.543478	mod_ratio	368	415	T	AGTTT	ok	True
chr1	28459093	28459094	+	0.916667	mod_ratio	24	27	A	AAACG	ok	False
chr1	28459486	28459487	+	0.931034	mod_ratio	29	33	A	AGACG	ok	False
chr1	28460545	28460546	+	0.676471	mod_ratio	34	38	A	GAACG	ok	False
chr1	28476630	28476631	+	0.62	mod_ratio	50	57	A	AGACC	ok	True
chr1	28477033	28477034	+	0.576923	mod_ratio	52	61	A	AAACC	ok	True
chr1	28477331	28477332	+	0.890909	mod_ratio	55	63	A	AAACA	ok	True
chr1	28477393	28477394	+	0.704918	mod_ratio	61	66	A	AAACG	ok	False
chr1	28516795	28516796	+	0.329193	mod_ratio	322	389	A	AAACC	ok	True
chr1	28516973	28516974	+	0.497126	mod_ratio	348	417	A	GGACG	ok	False
chr1	28517013	28517014	+	0.229111	mod_ratio	371	414	A	GAACT	ok	True
chr1	28517328	28517329	+	0.94837	mod_ratio	368	432	A	AGACA	ok	True
chr1	28517355	28517356	+	0.221918	mod_ratio	365	436	A	AGACT	ok	True
chr1	28517606	28517607	+	0.199262	mod_ratio	271	396	A	GAACC	ok	True
chr1	28528151	28528152	-	0.742857	mod_ratio	35	48	T	TGTCT	ok	True
chr1	28534944	28534945	+	0.8	mod_ratio	40	63	A	GGACA	ok	True
chr1	28536641	28536642	+	0.297297	mod_ratio	74	86	A	GAACC	ok	True
chr1	28536826	28536827	+	0.604938	mod_ratio	81	93	A	GGACA	ok	True
chr1	28536945	28536946	+	0.595238	mod_ratio	84	96	A	AAACT	ok	True
chr1	28537105	28537106	+	0.675	mod_ratio	40	87	A	AAACG	ok	False
chr1	28547962	28547963	-	0.3	mod_ratio	200	338	T	TTTTT	ok	False
chr1	28547983	28547984	-	0.501792	mod_ratio	279	412	T	GGTTT	ok	True
chr1	28548050	28548051	-	0.17603	mod_ratio	267	365	T	AGTTT	ok	True
chr1	28548051	28548052	-	0.496063	mod_ratio	127	498	T	GTTTT	ok	False
chr1	28548234	28548235	-	0.148889	mod_ratio	450	504	T	CGTTC	ok	False
chr1	28548256	28548257	-	0.954649	mod_ratio	441	500	T	TGTCT	ok	True
chr1	28548278	28548279	-	0.436916	mod_ratio	428	492	T	AGTTT	ok	True
chr1	28548320	28548321	-	0.748408	mod_ratio	314	348	T	TGTTT	ok	True
chr1	28548321	28548322	-	0.475524	mod_ratio	143	493	T	GTTTT	ok	False
chr1	28548444	28548445	-	0.630769	mod_ratio	65	472	T	CGTCT	ok	False
chr1	28548459	28548460	-	0.190709	mod_ratio	409	471	T	GGTCC	ok	True
chr1	28548464	28548465	-	0.236074	mod_ratio	377	472	T	GGTTC	ok	True
chr1	28548936	28548937	-	0.166113	mod_ratio	301	449	T	GGTCT	ok	True
chr1	28548997	28548998	-	0.355623	mod_ratio	329	436	T	AGTTC	ok	True
chr1	28549217	28549218	-	0.605405	mod_ratio	185	250	T	GGTTT	ok	True
chr1	28549242	28549243	-	0.353191	mod_ratio	235	278	T	AGTTT	ok	True
chr1	28549243	28549244	-	0.882353	mod_ratio	102	389	T	GTTTT	ok	False
chr1	28549318	28549319	-	0.141066	mod_ratio	319	382	T	GGTTT	ok	True
chr1	28554338	28554339	-	0.630435	mod_ratio	322	358	T	TGTCT	ok	True
chr1	28554653	28554654	-	0.492537	mod_ratio	268	315	T	TGTCT	ok	True
chr1	28554660	28554661	-	0.129032	mod_ratio	217	265	T	GGTTT	ok	True
chr1	28555225	28555226	-	0.74359	mod_ratio	39	67	T	CGTCC	ok	False
chr1	28555389	28555390	-	0.457627	mod_ratio	59	65	T	TGTCT	ok	True
chr1	28555630	28555631	-	0.52381	mod_ratio	42	59	T	GGTTT	ok	True
chr1	28578002	28578003	-	0.785714	mod_ratio	42	46	T	TGTTT	ok	True
chr1	28578007	28578008	-	0.631579	mod_ratio	38	47	T	CGTTC	ok	False
chr1	28578327	28578328	-	0.625	mod_ratio	48	53	T	TGTCC	ok	True
chr1	28579339	28579340	-	0.631579	mod_ratio	38	44	T	TGTCC	ok	True
chr1	28579479	28579480	-	0.888889	mod_ratio	36	42	T	TGTCT	ok	True
chr1	28579635	28579636	-	0.621622	mod_ratio	37	42	T	CGTCT	ok	False
chr1	28586847	28586848	-	0.364384	mod_ratio	365	466	T	TGTTT	ok	True
chr1	28586848	28586849	-	0.278351	mod_ratio	97	565	T	GTTTT	ok	False
chr1	28587047	28587048	-	0.681159	mod_ratio	621	746	T	GGTCT	ok	True
chr1	28587169	28587170	-	0.634146	mod_ratio	41	726	T	CGTCT	ok	False
chr1	28587177	28587178	-	0.599676	mod_ratio	617	719	T	GGTTT	ok	True
chr1	28587459	28587460	-	0.297619	mod_ratio	420	552	T	TGTTT	ok	True
chr1	28587521	28587522	-	0.4	mod_ratio	65	555	T	AGTCT	ok	True
chr1	28587531	28587532	-	0.164384	mod_ratio	292	486	T	GGTTT	ok	True
chr1	28587536	28587537	-	0.634831	mod_ratio	356	552	T	TGTTT	ok	True
chr1	28587627	28587628	-	0.193333	mod_ratio	450	526	T	TGTTC	ok	True
chr1	28587720	28587721	-	0.365385	mod_ratio	260	483	T	GGTTT	ok	True
chr1	28594504	28594505	+	0.105882	mod_ratio	340	386	A	GAACC	ok	True
chr1	28594596	28594597	+	0.624	mod_ratio	125	395	A	AGACG	ok	False
chr1	28594628	28594629	+	0.587549	mod_ratio	257	376	A	AGACT	ok	True
chr1	28594718	28594719	+	0.787611	mod_ratio	113	139	A	AAACG	ok	False
chr1	28626080	28626081	+	0.44898	mod_ratio	49	58	A	GAACT	ok	True
chr1	28627117	28627118	+	0.679245	mod_ratio	53	66	A	AGACA	ok	True
chr1	28685139	28685140	+	0.80597	mod_ratio	134	158	A	AAACG	ok	False
chr1	28685325	28685326	+	0.253623	mod_ratio	138	158	A	AAACT	ok	True
chr1	28685513	28685514	+	0.436242	mod_ratio	149	163	A	AAACA	ok	True
chr1	28685637	28685638	+	0.311594	mod_ratio	138	166	A	AAACC	ok	True
chr1	28685791	28685792	+	0.186207	mod_ratio	145	169	A	AAACC	ok	True
chr1	28685876	28685877	+	0.682432	mod_ratio	148	177	A	GGACA	ok	True
chr1	28686135	28686136	+	0.360544	mod_ratio	147	181	A	GAACT	ok	True
chr1	28686157	28686158	+	0.327731	mod_ratio	119	178	A	AAACA	ok	True
chr1	28686173	28686174	+	0.288462	mod_ratio	104	179	A	GAACA	ok	True
chr1	28695976	28695977	+	0.693548	mod_ratio	62	77	A	AAACC	ok	True
chr1	28696125	28696126	+	0.894737	mod_ratio	76	94	A	AAACG	ok	False
chr1	28696867	28696868	+	0.578431	mod_ratio	102	123	A	AGACG	ok	False
chr1	28697522	28697523	+	0.584906	mod_ratio	106	141	A	GGACA	ok	True
chr1	28697529	28697530	+	0.387931	mod_ratio	116	139	A	AAACC	ok	True
chr1	28697556	28697557	+	0.607477	mod_ratio	107	141	A	GGACG	ok	False
chr1	28697620	28697621	+	0.861538	mod_ratio	65	146	A	AAACG	ok	False
chr1	28697765	28697766	+	0.362963	mod_ratio	135	157	A	AAACG	ok	False
chr1	28697951	28697952	+	0.626374	mod_ratio	91	166	A	GGACA	ok	True
chr1	28697997	28697998	+	0.691275	mod_ratio	149	169	A	AAACC	ok	True
chr1	28698121	28698122	+	0.831683	mod_ratio	101	171	A	GGACA	ok	True
chr1	28698165	28698166	+	0.480519	mod_ratio	154	175	A	AGACA	ok	True
chr1	28698252	28698253	+	0.349398	mod_ratio	166	184	A	AAACA	ok	True
chr1	28698349	28698350	+	0.558282	mod_ratio	163	181	A	AAACT	ok	True
chr1	28698424	28698425	+	0.257143	mod_ratio	140	158	A	AAACT	ok	True
chr1	28698524	28698525	+	0.330935	mod_ratio	139	163	A	GAACG	ok	False
chr1	28698560	28698561	+	0.864865	mod_ratio	37	101	A	GGACA	ok	True
chr1	28730748	28730749	+	0.636364	mod_ratio	44	50	A	AGACA	ok	True
chr1	28774281	28774282	-	0.897959	mod_ratio	49	54	T	CGTTT	ok	False
chr1	28777001	28777002	+	0.716216	mod_ratio	74	102	A	AAACA	ok	True
chr1	28777082	28777083	+	0.809524	mod_ratio	84	102	A	AGACA	ok	True
chr1	28777320	28777321	+	0.247312	mod_ratio	93	108	A	GGACT	ok	True
chr1	28777529	28777530	+	0.555556	mod_ratio	90	115	A	AGACG	ok	False
chr1	28777835	28777836	+	0.76	mod_ratio	100	131	A	GGACC	ok	True
chr1	28777840	28777841	+	0.220183	mod_ratio	109	131	A	AGACC	ok	True
chr1	28777936	28777937	+	0.318966	mod_ratio	116	135	A	GAACA	ok	True
chr1	28778046	28778047	+	0.317308	mod_ratio	104	139	A	GGACT	ok	True
chr1	28803171	28803172	-	0.576923	mod_ratio	52	59	T	TGTCC	ok	True
chr1	28803850	28803851	-	0.96875	mod_ratio	32	50	T	CGTTT	ok	False
chr1	28803857	28803858	-	0.75	mod_ratio	44	52	T	GGTTT	ok	True
chr1	28822363	28822364	-	0.756098	mod_ratio	41	47	T	TGTTT	ok	True
chr1	28822745	28822746	-	0.851852	mod_ratio	27	41	T	ACTTT	ok	False
chr1	28854272	28854273	+	0.846154	mod_ratio	26	29	A	AGACG	ok	False
chr1	28854506	28854507	-	0.431373	mod_ratio	51	61	T	TGTTT	ok	True
chr1	28854586	28854587	-	0.484848	mod_ratio	66	86	T	AGTTT	ok	True
chr1	28855138	28855139	-	0.415584	mod_ratio	77	85	T	AGTTT	ok	True
chr1	28855545	28855546	-	0.478873	mod_ratio	71	86	T	GGTCT	ok	True
chr1	28895437	28895438	-	0.385542	mod_ratio	83	93	T	TGTTT	ok	True
chr1	28895444	28895445	-	0.571429	mod_ratio	77	91	T	AGTTT	ok	True
chr1	28895520	28895521	-	0.821918	mod_ratio	73	93	T	CGTTT	ok	False
chr1	28933683	28933684	+	0.5625	mod_ratio	48	50	A	AAACC	ok	True
chr1	28934042	28934043	+	0.613636	mod_ratio	44	45	A	GGACC	ok	True
chr1	28934536	28934537	+	0.666667	mod_ratio	48	56	A	AAACG	ok	False
chr1	28934666	28934667	+	0.458333	mod_ratio	48	50	A	AGACA	ok	True
chr1	28935043	28935044	+	0.955882	mod_ratio	68	79	A	GGACA	ok	True
chr1	28935134	28935135	+	0.561644	mod_ratio	73	80	A	AAACC	ok	True
chr1	28935206	28935207	+	0.661538	mod_ratio	65	82	A	AAACG	ok	False
chr1	28935298	28935299	+	0.442623	mod_ratio	61	82	A	AAACC	ok	True
chr1	28935309	28935310	+	0.459016	mod_ratio	61	76	A	AAACT	ok	True
chr1	28955746	28955747	+	0.958333	mod_ratio	24	30	A	AAACG	ok	False
chr1	28960444	28960445	-	0.814815	mod_ratio	27	61	T	TGTTT	ok	True
chr1	28960515	28960516	-	0.297872	mod_ratio	94	102	T	AGTCT	ok	True
chr1	28960908	28960909	-	0.894737	mod_ratio	76	104	T	GGTCC	ok	True
chr1	28960938	28960939	-	0.813953	mod_ratio	86	104	T	TGTCC	ok	True
chr1	28961365	28961366	-	0.517241	mod_ratio	58	91	T	CGTCT	ok	False
chr1	29073909	29073910	+	0.83871	mod_ratio	31	63	A	AAACG	ok	False
chr1	29074259	29074260	+	0.631579	mod_ratio	57	67	A	AAACG	ok	False
chr1	29097830	29097831	+	0.864865	mod_ratio	37	43	A	AGACA	ok	True
chr1	29100362	29100363	+	0.9	mod_ratio	30	35	A	AAACG	ok	False
chr1	29101061	29101062	+	0.810811	mod_ratio	37	44	A	AAACC	ok	True
chr1	29117958	29117959	+	0.622222	mod_ratio	45	63	A	GGACG	ok	False
chr1	29119024	29119025	+	0.855072	mod_ratio	69	80	A	AGACA	ok	True
chr1	29138005	29138006	-	0.906977	mod_ratio	43	49	T	CGTTT	ok	False
chr1	29189659	29189660	-	0.605263	mod_ratio	38	49	T	GGTTT	ok	True
chr1	29189880	29189881	-	0.564103	mod_ratio	39	43	T	GGTTT	ok	True
chr1	29190169	29190170	-	0.575	mod_ratio	40	43	T	AGTCT	ok	True
chr1	29190868	29190869	-	0.928571	mod_ratio	28	32	T	TGTTT	ok	True
chr1	29206700	29206701	+	0.864865	mod_ratio	37	134	A	AAACG	ok	False
chr1	29206969	29206970	+	0.325123	mod_ratio	203	275	A	AAACC	ok	True
chr1	29207840	29207841	+	0.187251	mod_ratio	251	281	A	GAACT	ok	True
chr1	29207919	29207920	+	0.245098	mod_ratio	204	277	A	AAACT	ok	True
chr1	29207936	29207937	+	0.248945	mod_ratio	237	273	A	AAACA	ok	True
chr1	29230781	29230782	-	0.666667	mod_ratio	33	33	T	TGTTT	ok	True
chr1	29236848	29236849	-	0.78125	mod_ratio	32	35	T	AGTTT	ok	True
chr1	29301173	29301174	+	0.45098	mod_ratio	51	59	A	GAACT	ok	True
chr1	29302131	29302132	+	0.465517	mod_ratio	58	64	A	AAACC	ok	True
chr1	29302475	29302476	+	0.369231	mod_ratio	65	73	A	AAACA	ok	True
chr1	29304035	29304036	-	0.378378	mod_ratio	296	398	T	TGTCT	ok	True
chr1	29304086	29304087	-	0.123077	mod_ratio	455	507	T	AGTCT	ok	True
chr1	29305270	29305271	-	0.144796	mod_ratio	221	469	T	GTTTT	ok	False
chr1	29305318	29305319	-	0.409877	mod_ratio	405	461	T	TGTCT	ok	True
chr1	29330490	29330491	+	0.785714	mod_ratio	28	32	A	GGACC	ok	True
chr1	29332804	29332805	+	0.565217	mod_ratio	46	71	A	GGACA	ok	True
chr1	29332809	29332810	+	0.489796	mod_ratio	49	71	A	AGACA	ok	True
chr1	29332991	29332992	+	0.808511	mod_ratio	47	60	A	GGACC	ok	True
chr1	29338760	29338761	+	0.461538	mod_ratio	117	153	A	AAACA	ok	True
chr1	29338774	29338775	+	0.233871	mod_ratio	124	158	A	AAACA	ok	True
chr1	29338825	29338826	+	0.219298	mod_ratio	114	155	A	GAACC	ok	True
chr1	29338859	29338860	+	0.528169	mod_ratio	142	166	A	AAACC	ok	True
chr1	29338958	29338959	+	0.173611	mod_ratio	144	172	A	AAACC	ok	True
chr1	29339046	29339047	+	0.296296	mod_ratio	135	180	A	GGACA	ok	True
chr1	29346000	29346001	+	0.588583	mod_ratio	508	629	A	AAACT	ok	True
chr1	29346562	29346563	+	0.706087	mod_ratio	575	700	A	AGACA	ok	True
chr1	29346648	29346649	+	0.564019	mod_ratio	617	720	A	AAACC	ok	True
chr1	29346671	29346672	+	0.615809	mod_ratio	544	726	A	GGACG	ok	False
chr1	29346697	29346698	+	0.130081	mod_ratio	615	733	A	GAACC	ok	True
chr1	29346728	29346729	+	0.666667	mod_ratio	624	740	A	AGACA	ok	True
chr1	29346829	29346830	+	0.313821	mod_ratio	615	739	A	AAACC	ok	True
chr1	29346952	29346953	+	0.52381	mod_ratio	42	678	A	TGACT	ok	True
chr1	29346966	29346967	+	0.45283	mod_ratio	53	704	A	GGATA	ok	False
chr1	29355468	29355469	+	0.846154	mod_ratio	26	27	A	AGACG	ok	False
chr1	29358012	29358013	+	0.820513	mod_ratio	39	41	A	AAACG	ok	False
chr1	29358063	29358064	+	0.892857	mod_ratio	28	42	A	GGACG	ok	False
chr1	29402279	29402280	-	0.468085	mod_ratio	47	54	T	GGTCT	ok	True
chr1	29403221	29403222	-	0.769231	mod_ratio	39	48	T	CGTCT	ok	False
chr1	29403721	29403722	-	0.810811	mod_ratio	37	46	T	TGTCT	ok	True
chr1	29405819	29405820	+	0.979592	mod_ratio	49	67	A	AAACA	ok	True
chr1	29405914	29405915	+	0.449275	mod_ratio	69	73	A	GAACA	ok	True
chr1	29405942	29405943	+	0.455882	mod_ratio	68	74	A	AAACC	ok	True
chr1	29405955	29405956	+	0.686567	mod_ratio	67	74	A	GAACT	ok	True
chr1	29406092	29406093	+	0.545455	mod_ratio	66	74	A	AGACT	ok	True
chr1	29406609	29406610	+	0.857143	mod_ratio	28	32	A	AAACC	ok	True
chr1	29457505	29457506	-	0.965517	mod_ratio	29	31	T	TGTCC	ok	True
chr1	29457644	29457645	-	0.896552	mod_ratio	29	30	T	TGTCT	ok	True
chr1	29462161	29462162	+	0.734694	mod_ratio	49	53	A	AGACG	ok	False
chr1	29462655	29462656	+	0.673469	mod_ratio	49	57	A	AAACA	ok	True
chr1	29462799	29462800	+	0.679245	mod_ratio	53	58	A	GGACA	ok	True
chr1	29463065	29463066	+	0.461538	mod_ratio	52	60	A	AAACT	ok	True
chr1	29484538	29484539	-	0.893424	mod_ratio	441	596	T	AGTTT	ok	True
chr1	29484655	29484656	-	0.389222	mod_ratio	501	591	T	GGTTT	ok	True
chr1	29484959	29484960	-	0.169456	mod_ratio	478	557	T	GGTTC	ok	True
chr1	29485088	29485089	-	0.202643	mod_ratio	454	530	T	TGTTC	ok	True
chr1	29486630	29486631	-	0.170414	mod_ratio	845	1014	T	AGTCC	ok	True
chr1	29486775	29486776	-	0.915777	mod_ratio	843	950	T	AGTTT	ok	True
chr1	29486776	29486777	-	0.7	mod_ratio	50	1010	T	GTTTC	ok	False
chr1	29486892	29486893	-	0.466357	mod_ratio	862	984	T	GGTTT	ok	True
chr1	29487574	29487575	-	0.197561	mod_ratio	820	929	T	GGTTC	ok	True
chr1	29535351	29535352	-	0.421687	mod_ratio	83	104	T	TGTTT	ok	True
chr1	29535380	29535381	-	0.805195	mod_ratio	77	111	T	TGTCT	ok	True
chr1	29535858	29535859	-	0.873418	mod_ratio	79	103	T	TGTCT	ok	True
chr1	29535947	29535948	-	0.315217	mod_ratio	92	99	T	AGTCT	ok	True
chr1	29536288	29536289	-	0.643836	mod_ratio	73	95	T	CGTCT	ok	False
chr1	29536529	29536530	-	0.858974	mod_ratio	78	90	T	GGTCT	ok	True
chr1	29536772	29536773	-	0.703704	mod_ratio	54	66	T	TGTTT	ok	True
chr1	29536784	29536785	-	0.405797	mod_ratio	69	85	T	TGTTT	ok	True
chr1	29536804	29536805	-	0.819277	mod_ratio	83	89	T	TGTTT	ok	True
chr1	29546746	29546747	-	1	mod_ratio	22	31	T	GTTTT	ok	False
chr1	29550923	29550924	+	0.555556	mod_ratio	63	79	A	GGACC	ok	True
chr1	29551207	29551208	+	0.338028	mod_ratio	71	92	A	AAACC	ok	True
chr1	29551474	29551475	+	0.321839	mod_ratio	87	110	A	AGACC	ok	True
chr1	29551480	29551481	+	0.271739	mod_ratio	92	106	A	AGACT	ok	True
chr1	29551836	29551837	+	0.655462	mod_ratio	119	132	A	AAACA	ok	True
chr1	29551896	29551897	+	0.9	mod_ratio	110	135	A	AAACA	ok	True
chr1	29551914	29551915	+	0.330709	mod_ratio	127	148	A	GGACG	ok	False
chr1	29551971	29551972	+	0.23741	mod_ratio	139	149	A	GAACT	ok	True
chr1	29551980	29551981	+	0.434109	mod_ratio	129	155	A	AAACC	ok	True
chr1	29552025	29552026	+	0.528169	mod_ratio	142	155	A	AGACT	ok	True
chr1	29552193	29552194	+	0.552448	mod_ratio	143	175	A	AAACA	ok	True
chr1	29552201	29552202	+	0.661017	mod_ratio	59	174	A	AAACC	ok	True
chr1	29552484	29552485	-	0.92	mod_ratio	25	29	T	TGTCT	ok	True
chr1	29573859	29573860	-	0.894737	mod_ratio	38	45	T	GGTTT	ok	True
chr1	29576566	29576567	+	0.167266	mod_ratio	556	649	A	GAACA	ok	True
chr1	29576593	29576594	+	0.464527	mod_ratio	592	668	A	AGACC	ok	True
chr1	29576608	29576609	+	0.11575	mod_ratio	527	671	A	GGACA	ok	True
chr1	29577010	29577011	+	0.510903	mod_ratio	642	712	A	GGACG	ok	False
chr1	29577035	29577036	+	0.116041	mod_ratio	586	713	A	AGACA	ok	True
chr1	29577109	29577110	+	0.251291	mod_ratio	581	728	A	GGACG	ok	False
chr1	29577357	29577358	+	0.27027	mod_ratio	666	742	A	AAACC	ok	True
chr1	29577484	29577485	+	0.409091	mod_ratio	330	734	A	AAACC	ok	True
chr1	29577543	29577544	+	0.343685	mod_ratio	483	681	A	AAACT	ok	True
chr1	29588240	29588241	+	0.862069	mod_ratio	29	34	A	AAACT	ok	True
chr1	29591266	29591267	+	0.793103	mod_ratio	29	34	A	GGACG	ok	False
chr1	29592546	29592547	+	0.837838	mod_ratio	37	41	A	AGACA	ok	True
chr1	29592737	29592738	+	0.85	mod_ratio	40	43	A	AAACG	ok	False
chr1	29593351	29593352	+	0.611111	mod_ratio	36	46	A	AAACA	ok	True
chr1	29593436	29593437	+	0.733333	mod_ratio	30	42	A	GAACT	ok	True
chr1	29594725	29594726	+	0.416667	mod_ratio	60	66	A	GAACA	ok	True
chr1	29595804	29595805	+	0.557143	mod_ratio	70	77	A	GAACA	ok	True
chr1	29596129	29596130	+	0.518519	mod_ratio	54	72	A	GAACG	ok	False
chr1	29596160	29596161	+	0.522727	mod_ratio	44	65	A	AAACT	ok	True
chr1	29634381	29634382	-	0.468085	mod_ratio	47	58	T	GGTTT	ok	True
chr1	29634952	29634953	-	0.84375	mod_ratio	32	40	T	GGTCT	ok	True
chr1	29635481	29635482	-	0.851852	mod_ratio	27	29	T	CGTCC	ok	False
chr1	29637305	29637306	-	0.430108	mod_ratio	93	136	T	TGTCC	ok	True
chr1	29637400	29637401	-	0.62963	mod_ratio	54	68	T	CGTTT	ok	False
chr1	29637401	29637402	-	0.960784	mod_ratio	51	126	T	GTTTT	ok	False
chr1	29637692	29637693	-	0.566265	mod_ratio	83	107	T	GGTCT	ok	True
chr1	29637726	29637727	-	0.25	mod_ratio	88	105	T	GGTTC	ok	True
chr1	29637903	29637904	-	0.716418	mod_ratio	67	94	T	TGTCC	ok	True
chr1	29637936	29637937	-	0.303797	mod_ratio	79	93	T	CGTTC	ok	False
chr1	29637962	29637963	-	0.315789	mod_ratio	76	91	T	AGTTT	ok	True
chr1	29638048	29638049	-	0.848485	mod_ratio	33	78	T	GTTTT	ok	False
chr1	29638136	29638137	-	0.796875	mod_ratio	64	87	T	CGTCC	ok	False
chr1	29638221	29638222	-	0.848485	mod_ratio	66	84	T	CGTCC	ok	False
chr1	29638341	29638342	-	0.633333	mod_ratio	60	83	T	GGTTT	ok	True
chr1	29642136	29642137	-	0.321212	mod_ratio	165	203	T	GGTTC	ok	True
chr1	29642148	29642149	-	0.284916	mod_ratio	179	203	T	TGTCT	ok	True
chr1	29642231	29642232	-	0.602273	mod_ratio	88	200	T	TGTCC	ok	True
chr1	29642319	29642320	-	0.421053	mod_ratio	171	191	T	TGTCT	ok	True
chr1	29642358	29642359	-	0.22807	mod_ratio	171	189	T	TGTCT	ok	True
chr1	29642363	29642364	-	0.42953	mod_ratio	149	189	T	CGTCC	ok	False
chr1	29642504	29642505	-	0.428571	mod_ratio	147	179	T	CGTCC	ok	False
chr1	29642558	29642559	-	0.652439	mod_ratio	164	177	T	CGTCT	ok	False
chr1	29642771	29642772	-	0.261538	mod_ratio	130	154	T	TGTTT	ok	True
chr1	29642863	29642864	-	0.569106	mod_ratio	123	147	T	AGTTT	ok	True
chr1	29642868	29642869	-	0.678261	mod_ratio	115	150	T	GGTCC	ok	True
chr1	29642881	29642882	-	0.435115	mod_ratio	131	146	T	AGTTT	ok	True
chr1	29642893	29642894	-	0.835165	mod_ratio	91	151	T	TGTCC	ok	True
chr1	29643037	29643038	-	0.636364	mod_ratio	110	141	T	CGTCC	ok	False
chr1	29643188	29643189	-	0.582609	mod_ratio	115	128	T	CGTTT	ok	False
chr1	29650554	29650555	+	0.535714	mod_ratio	56	65	A	AAACC	ok	True
chr1	29652176	29652177	+	0.5	mod_ratio	64	73	A	GGACC	ok	True
chr1	29656703	29656704	+	0.560976	mod_ratio	41	44	A	AAACC	ok	True
chr1	29657489	29657490	+	0.697674	mod_ratio	43	49	A	AGACG	ok	False
chr1	29662327	29662328	+	0.311688	mod_ratio	77	103	A	GAACC	ok	True
chr1	29662681	29662682	+	0.934211	mod_ratio	76	111	A	AAACG	ok	False
chr1	29662938	29662939	+	0.509434	mod_ratio	106	120	A	GGACG	ok	False
chr1	29663149	29663150	+	0.35	mod_ratio	120	131	A	GAACG	ok	False
chr1	29663446	29663447	+	0.645833	mod_ratio	96	136	A	GGACA	ok	True
chr1	29663651	29663652	+	0.352	mod_ratio	125	152	A	GGACA	ok	True
chr1	29663991	29663992	+	0.409091	mod_ratio	132	154	A	AAACG	ok	False
chr1	29664302	29664303	+	0.187919	mod_ratio	149	171	A	GGACG	ok	False
chr1	29664566	29664567	+	0.307692	mod_ratio	143	181	A	AAACT	ok	True
chr1	29676493	29676494	+	0.727273	mod_ratio	33	37	A	GGACA	ok	True
chr1	29725035	29725036	-	0.685714	mod_ratio	70	152	T	GTTTT	ok	False
chr1	29725056	29725057	-	0.491379	mod_ratio	116	154	T	CGTCT	ok	False
chr1	29725136	29725137	-	0.305344	mod_ratio	131	152	T	GGTTC	ok	True
chr1	29725320	29725321	-	0.273504	mod_ratio	117	153	T	TGTCT	ok	True
chr1	29725345	29725346	-	0.384615	mod_ratio	117	151	T	GGTCC	ok	True
chr1	29725513	29725514	-	0.235294	mod_ratio	119	146	T	GGTTC	ok	True
chr1	29726084	29726085	-	0.516484	mod_ratio	91	125	T	TGTTT	ok	True
chr1	29726095	29726096	-	0.42735	mod_ratio	117	132	T	CGTTC	ok	False
chr1	29736122	29736123	+	0.550841	mod_ratio	9569	10986	A	AAACC	ok	True
chr1	29736161	29736162	+	0.176	mod_ratio	125	10958	A	GGATT	ok	False
chr1	29736164	29736165	+	0.126844	mod_ratio	339	10897	A	TTACC	ok	False
chr1	29736228	29736229	+	0.233571	mod_ratio	9800	11345	A	AGACC	ok	True
chr1	29736362	29736363	+	0.123188	mod_ratio	8280	11654	A	GGACG	ok	False
chr1	29736530	29736531	+	0.520468	mod_ratio	171	11762	A	GGATA	ok	False
chr1	29736696	29736697	+	0.214815	mod_ratio	135	12044	A	GGATT	ok	False
chr1	29736861	29736862	+	0.269236	mod_ratio	7785	11513	A	AAACT	ok	True
chr1	29736867	29736868	+	0.612707	mod_ratio	8877	11793	A	AGACA	ok	True
chr1	29736887	29736888	+	0.101184	mod_ratio	8618	11482	A	AGACT	ok	True
chr1	29746689	29746690	+	1	mod_ratio	24	51	A	AGACA	ok	True
chr1	29780280	29780281	-	1	mod_ratio	25	26	T	TGTTT	ok	True
chr1	29796140	29796141	-	0.84375	mod_ratio	32	40	T	CGTTT	ok	False
chr1	29797711	29797712	-	0.4	mod_ratio	60	64	T	AGTTC	ok	True
chr1	29797906	29797907	-	0.461538	mod_ratio	52	62	T	AGTTT	ok	True
chr1	29798046	29798047	-	0.423729	mod_ratio	59	64	T	TGTTT	ok	True
chr1	29801378	29801379	+	0.859375	mod_ratio	64	71	A	AGACA	ok	True
chr1	29801813	29801814	+	0.423077	mod_ratio	52	76	A	AAACT	ok	True
chr1	29802365	29802366	+	0.676471	mod_ratio	68	79	A	GGACA	ok	True
chr1	29802507	29802508	+	0.461538	mod_ratio	78	85	A	AAACC	ok	True
chr1	29803836	29803837	+	0.290323	mod_ratio	93	107	A	GAACT	ok	True
chr1	29817050	29817051	+	0.628571	mod_ratio	35	38	A	GAACA	ok	True
chr1	29817412	29817413	+	0.605263	mod_ratio	38	40	A	AAACA	ok	True
chr1	29817716	29817717	+	0.625	mod_ratio	40	42	A	AAACA	ok	True
chr1	29818014	29818015	+	0.973684	mod_ratio	38	45	A	AGACA	ok	True
chr1	29818214	29818215	+	0.55814	mod_ratio	43	50	A	GGACG	ok	False
chr1	29818533	29818534	+	0.734694	mod_ratio	49	57	A	AGACA	ok	True
chr1	29844021	29844022	+	0.783784	mod_ratio	37	42	A	AAACG	ok	False
chr1	29844117	29844118	+	0.717949	mod_ratio	39	45	A	AGACA	ok	True
chr1	29844258	29844259	+	0.568182	mod_ratio	44	48	A	AAACA	ok	True
chr1	29863297	29863298	-	0.64	mod_ratio	50	69	T	GGTTT	ok	True
chr1	29863358	29863359	-	0.722222	mod_ratio	54	70	T	GGTTT	ok	True
chr1	29863573	29863574	-	0.389831	mod_ratio	59	66	T	CGTTT	ok	False
chr1	29863590	29863591	-	0.728814	mod_ratio	59	65	T	TGTTT	ok	True
chr1	29913481	29913482	-	0.85	mod_ratio	40	44	T	CGTTT	ok	False
chr1	29913652	29913653	-	0.666667	mod_ratio	39	41	T	AGTTT	ok	True
chr1	29924136	29924137	-	0.485507	mod_ratio	138	170	T	AGTTT	ok	True
chr1	29924171	29924172	-	0.564576	mod_ratio	271	324	T	AGTTT	ok	True
chr1	29924269	29924270	-	0.684971	mod_ratio	346	447	T	CGTCT	ok	False
chr1	29924517	29924518	-	0.146814	mod_ratio	361	420	T	AGTTC	ok	True
chr1	29924705	29924706	-	0.581717	mod_ratio	361	410	T	AGTTC	ok	True
chr1	29924762	29924763	-	0.100324	mod_ratio	309	357	T	GGTTT	ok	True
chr1	29924773	29924774	-	0.481375	mod_ratio	349	408	T	TGTCC	ok	True
chr1	29924792	29924793	-	0.450276	mod_ratio	362	403	T	TGTCT	ok	True
chr1	29925114	29925115	-	0.136778	mod_ratio	329	373	T	AGTCC	ok	True
chr1	29925175	29925176	-	0.121311	mod_ratio	305	366	T	TGTTC	ok	True
chr1	29925453	29925454	-	0.272109	mod_ratio	294	339	T	AGTTC	ok	True
chr1	29925580	29925581	-	0.518657	mod_ratio	268	322	T	AGTCC	ok	True
chr1	29925737	29925738	-	0.265233	mod_ratio	279	308	T	AGTTC	ok	True
chr1	29926270	29926271	-	0.337121	mod_ratio	264	291	T	AGTTC	ok	True
chr1	29951301	29951302	-	0.916667	mod_ratio	36	38	T	AGTTT	ok	True
chr1	29951967	29951968	-	0.647059	mod_ratio	34	36	T	GGTCC	ok	True
chr1	29988944	29988945	+	0.956522	mod_ratio	23	24	A	AAACG	ok	False
chr1	30008164	30008165	-	0.666667	mod_ratio	39	53	T	TGTCC	ok	True
chr1	30017228	30017229	-	0.882353	mod_ratio	34	41	T	TGTCC	ok	True
chr1	30041392	30041393	-	0.116883	mod_ratio	462	650	T	GGTTC	ok	True
chr1	30041607	30041608	-	0.101083	mod_ratio	554	656	T	AGTCT	ok	True
chr1	30041729	30041730	-	0.205714	mod_ratio	525	608	T	AGTCT	ok	True
chr1	30041769	30041770	-	0.616071	mod_ratio	112	601	T	GTTTT	ok	False
chr1	30041812	30041813	-	0.317881	mod_ratio	453	577	T	GGTTC	ok	True
chr1	30045498	30045499	+	0.62069	mod_ratio	58	64	A	AGACA	ok	True
chr1	30045594	30045595	+	0.566667	mod_ratio	60	67	A	AAACA	ok	True
chr1	30058840	30058841	-	0.980392	mod_ratio	51	81	T	CGTTT	ok	False
chr1	30059180	30059181	-	0.661972	mod_ratio	71	85	T	TGTCC	ok	True
chr1	30059695	30059696	-	0.847458	mod_ratio	59	65	T	GGTCT	ok	True
chr1	30059885	30059886	-	0.44898	mod_ratio	49	55	T	ACTTT	ok	False
chr1	30059889	30059890	-	0.52	mod_ratio	50	54	T	TGTTT	ok	True
chr1	30059955	30059956	-	0.693878	mod_ratio	49	54	T	TGTCT	ok	True
chr1	30064540	30064541	-	0.806452	mod_ratio	31	32	T	GGTCT	ok	True
chr1	30064800	30064801	-	0.857143	mod_ratio	28	32	T	TGTCT	ok	True
chr1	30109806	30109807	-	0.921053	mod_ratio	38	41	T	CGTTT	ok	False
chr1	30112448	30112449	-	0.818182	mod_ratio	33	37	T	GGTCC	ok	True
chr1	30126541	30126542	+	0.96	mod_ratio	25	27	A	AGACA	ok	True
chr1	30156891	30156892	-	0.433962	mod_ratio	106	133	T	AGTTT	ok	True
chr1	30156900	30156901	-	0.298077	mod_ratio	104	120	T	AGTTT	ok	True
chr1	30156993	30156994	-	0.5	mod_ratio	86	127	T	TGTTT	ok	True
chr1	30156998	30156999	-	0.633333	mod_ratio	90	128	T	TGTTT	ok	True
chr1	30157113	30157114	-	0.483333	mod_ratio	120	134	T	TGTTT	ok	True
chr1	30157152	30157153	-	0.232	mod_ratio	125	142	T	AGTCT	ok	True
chr1	30157256	30157257	-	0.266129	mod_ratio	124	140	T	AGTTC	ok	True
chr1	30157266	30157267	-	0.801653	mod_ratio	121	138	T	GGTTT	ok	True
chr1	30157290	30157291	-	0.220339	mod_ratio	118	139	T	GGTTT	ok	True
chr1	30157298	30157299	-	0.744	mod_ratio	125	140	T	TGTCT	ok	True
chr1	30157335	30157336	-	0.372727	mod_ratio	110	131	T	TGTTC	ok	True
chr1	30157339	30157340	-	0.292035	mod_ratio	113	135	T	CGTCC	ok	False
chr1	30157408	30157409	-	0.362069	mod_ratio	116	133	T	CGTCC	ok	False
chr1	30157532	30157533	-	0.474576	mod_ratio	59	74	T	CGTTT	ok	False
chr1	30157533	30157534	-	0.923077	mod_ratio	39	120	T	GTTTT	ok	False
chr1	30170306	30170307	-	0.5	mod_ratio	50	62	T	CGTCC	ok	False
chr1	30171028	30171029	-	0.581395	mod_ratio	43	51	T	GGTTT	ok	True
chr1	30194206	30194207	+	0.658537	mod_ratio	41	46	A	GGACG	ok	False
chr1	30217886	30217887	+	0.942857	mod_ratio	105	125	A	AGACA	ok	True
chr1	30217927	30217928	+	0.852941	mod_ratio	102	129	A	GGACG	ok	False
chr1	30217961	30217962	+	0.36036	mod_ratio	111	124	A	AAACA	ok	True
chr1	30218370	30218371	+	0.412281	mod_ratio	114	129	A	AGACT	ok	True
chr1	30218406	30218407	+	0.189394	mod_ratio	132	149	A	AGACA	ok	True
chr1	30218787	30218788	+	0.275168	mod_ratio	149	162	A	AAACT	ok	True
chr1	30218800	30218801	+	0.291971	mod_ratio	137	155	A	AAACA	ok	True
chr1	30218820	30218821	+	0.811321	mod_ratio	106	162	A	AAACT	ok	True
chr1	30219119	30219120	+	0.277778	mod_ratio	162	182	A	GGACC	ok	True
chr1	30219312	30219313	+	0.136364	mod_ratio	176	190	A	GAACC	ok	True
chr1	30219339	30219340	+	0.198718	mod_ratio	156	188	A	GGACA	ok	True
chr1	30219722	30219723	+	0.485549	mod_ratio	173	199	A	AGACC	ok	True
chr1	30219728	30219729	+	0.259669	mod_ratio	181	196	A	AGACC	ok	True
chr1	30241723	30241724	+	0.325301	mod_ratio	83	97	A	AAACA	ok	True
chr1	30241767	30241768	+	0.448276	mod_ratio	87	103	A	GAACT	ok	True
chr1	30241865	30241866	+	0.421053	mod_ratio	95	107	A	GAACC	ok	True
chr1	30242032	30242033	+	0.536082	mod_ratio	97	115	A	GGACG	ok	False
chr1	30242059	30242060	+	0.490196	mod_ratio	102	114	A	AAACC	ok	True
chr1	30242257	30242258	+	0.357798	mod_ratio	109	123	A	GGACG	ok	False
chr1	30242372	30242373	+	0.333333	mod_ratio	117	128	A	AGACG	ok	False
chr1	30242455	30242456	+	0.506849	mod_ratio	73	128	A	AAACA	ok	True
chr1	30242856	30242857	+	0.320896	mod_ratio	134	152	A	GAACC	ok	True
chr1	30242862	30242863	+	0.366412	mod_ratio	131	150	A	AAACC	ok	True
chr1	30242872	30242873	+	0.300813	mod_ratio	123	152	A	AAACC	ok	True
chr1	30243005	30243006	+	0.342466	mod_ratio	73	82	A	GAACT	ok	True
chr1	30247052	30247053	-	0.433962	mod_ratio	53	56	T	GGTCT	ok	True
chr1	30247997	30247998	-	0.757576	mod_ratio	33	41	T	GGTCC	ok	True
chr1	30289314	30289315	+	0.861111	mod_ratio	36	42	A	AAACA	ok	True
chr1	30290254	30290255	+	0.735294	mod_ratio	34	41	A	AAACG	ok	False
chr1	30298719	30298720	-	0.430556	mod_ratio	72	88	T	CGTTC	ok	False
chr1	30299050	30299051	-	0.606557	mod_ratio	61	78	T	AGTTT	ok	True
chr1	30349200	30349201	+	0.773585	mod_ratio	53	58	A	AAACG	ok	False
chr1	30350124	30350125	+	0.433333	mod_ratio	60	66	A	GAACA	ok	True
chr1	30350310	30350311	+	0.57377	mod_ratio	61	69	A	GGACC	ok	True
chr1	30350502	30350503	+	0.733333	mod_ratio	30	66	A	AAACC	ok	True
chr1	30358916	30358917	+	0.611111	mod_ratio	36	50	A	AGACG	ok	False
chr1	30373009	30373010	-	0.604167	mod_ratio	48	56	T	GGTTT	ok	True
chr1	30373117	30373118	-	0.372881	mod_ratio	59	66	T	TGTCC	ok	True
chr1	30373122	30373123	-	0.672131	mod_ratio	61	74	T	TGTCT	ok	True
chr1	30373296	30373297	-	0.566667	mod_ratio	60	68	T	AGTTT	ok	True
chr1	30373789	30373790	-	0.468085	mod_ratio	47	59	T	TGTCC	ok	True
chr1	30374068	30374069	-	0.541667	mod_ratio	48	55	T	CGTTT	ok	False
chr1	30403675	30403676	-	0.628571	mod_ratio	35	46	T	AGTTC	ok	True
chr1	30403858	30403859	-	0.134328	mod_ratio	268	323	T	CGTTT	ok	False
chr1	30403900	30403901	-	0.449664	mod_ratio	298	338	T	GGTTC	ok	True
chr1	30403962	30403963	-	0.704545	mod_ratio	308	331	T	CGTTC	ok	False
chr1	30404169	30404170	-	0.860902	mod_ratio	266	314	T	TGTCT	ok	True
chr1	30404321	30404322	-	0.578182	mod_ratio	275	299	T	TGTCT	ok	True
chr1	30404374	30404375	-	0.118421	mod_ratio	228	297	T	AGTCT	ok	True
chr1	30404634	30404635	-	0.345865	mod_ratio	133	205	T	TTTTT	ok	False
chr1	30411770	30411771	+	0.97561	mod_ratio	41	45	A	AAACG	ok	False
chr1	30413191	30413192	-	0.647059	mod_ratio	34	41	T	TGTCT	ok	True
chr1	30414002	30414003	-	0.757576	mod_ratio	33	35	T	TGTCC	ok	True
chr1	30414822	30414823	-	1	mod_ratio	23	31	T	TGTCT	ok	True
chr2	14163009	14163010	+	0.529412	mod_ratio	68	104	A	AAACC	ok	True
chr2	14163061	14163062	+	0.40625	mod_ratio	64	107	A	AAACC	ok	True
chr1	10475621	10475622	-	0.535714	mod_ratio	56	7259	T	TGTCT	ok	True
chr1	10475650	10475651	-	0.833333	mod_ratio	54	7202	T	TGTCC	ok	True
chr1	10478037	10478038	+	0.921569	mod_ratio	51	11043	A	AAACG	ok	False
chr1	10478311	10478312	+	0.764706	mod_ratio	68	12267	A	GGACA	ok	True
chr1	10478340	10478341	+	0.689189	mod_ratio	74	12792	A	AGACA	ok	True
chr1	25048640	25048641	-	0.546875	mod_ratio	64	17465	T	TGTCC	ok	True
chr2	80896	80897	+	0.758621	mod_ratio	29	33	A	AAACA	ok	True
chr2	80993	80994	+	0.6875	mod_ratio	32	37	A	AAACT	ok	True
chr2	83652	83653	-	0.652174	mod_ratio	46	87	T	TTTTT	ok	False
chr2	83765	83766	-	0.217822	mod_ratio	101	117	T	CGTCT	ok	False
chr2	83968	83969	-	0.586207	mod_ratio	87	117	T	TGTCC	ok	True
chr2	95237	95238	-	0.488095	mod_ratio	84	92	T	CGTTC	ok	False
chr2	95349	95350	-	0.772727	mod_ratio	66	86	T	GGTCT	ok	True
chr2	95510	95511	-	0.352113	mod_ratio	71	81	T	CGTCC	ok	False
chr2	96009	96010	-	0.354839	mod_ratio	62	72	T	GGTCT	ok	True
chr2	132730	132731	-	0.766667	mod_ratio	30	52	T	TGTCC	ok	True
chr2	132758	132759	-	0.371069	mod_ratio	159	214	T	AGTTT	ok	True
chr2	132855	132856	-	0.441038	mod_ratio	424	591	T	TGTCT	ok	True
chr2	132918	132919	-	0.493304	mod_ratio	448	637	T	AGTTT	ok	True
chr2	133095	133096	-	0.4375	mod_ratio	544	732	T	GGTCC	ok	True
chr2	133775	133776	-	0.737391	mod_ratio	575	682	T	TGTCT	ok	True
chr2	133996	133997	-	0.651416	mod_ratio	459	672	T	CGTTT	ok	False
chr2	134154	134155	-	0.101523	mod_ratio	591	642	T	CGTTC	ok	False
chr2	165340	165341	-	0.973684	mod_ratio	38	50	T	CGTTT	ok	False
chr2	165395	165396	-	0.714286	mod_ratio	42	49	T	TGTCT	ok	True
chr2	165554	165555	-	0.941176	mod_ratio	34	47	T	TGTCT	ok	True
chr2	165656	165657	-	0.785714	mod_ratio	42	47	T	TGTCT	ok	True
chr2	180248	180249	-	0.897436	mod_ratio	39	46	T	CGTCT	ok	False
chr2	200249	200250	-	0.565217	mod_ratio	46	49	T	AGTTT	ok	True
chr2	222130	222131	+	0.360656	mod_ratio	61	73	A	AAACA	ok	True
chr2	223371	223372	+	0.571429	mod_ratio	42	54	A	AAACT	ok	True
chr2	236047	236048	+	0.179487	mod_ratio	156	181	A	AAACA	ok	True
chr2	236139	236140	+	0.502762	mod_ratio	181	204	A	GGACT	ok	True
chr2	236166	236167	+	0.270115	mod_ratio	174	197	A	GAACT	ok	True
chr2	236795	236796	+	0.952663	mod_ratio	169	221	A	AAACG	ok	False
chr2	239962	239963	+	0.176471	mod_ratio	136	150	A	GGACT	ok	True
chr2	239989	239990	+	0.465278	mod_ratio	144	153	A	GAACT	ok	True
chr2	240326	240327	+	0.744966	mod_ratio	149	163	A	GGACG	ok	False
chr2	240360	240361	+	0.243421	mod_ratio	152	163	A	GAACC	ok	True
chr2	255480	255481	-	0.71875	mod_ratio	32	44	T	GGTTT	ok	True
chr2	255492	255493	-	0.857143	mod_ratio	42	46	T	GGTCC	ok	True
chr2	255953	255954	-	0.9	mod_ratio	30	43	T	GGTCT	ok	True
chr2	256021	256022	-	0.71875	mod_ratio	32	38	T	TGTTT	ok	True
chr2	266811	266812	+	0.34127	mod_ratio	126	143	A	AAACC	ok	True
chr2	266820	266821	+	0.412698	mod_ratio	126	143	A	AAACT	ok	True
chr2	266826	266827	+	0.743119	mod_ratio	109	143	A	AGACA	ok	True
chr2	267146	267147	+	0.622222	mod_ratio	135	155	A	GAACA	ok	True
chr2	267336	267337	+	0.219858	mod_ratio	141	158	A	AAACT	ok	True
chr2	296781	296782	-	0.8	mod_ratio	65	80	T	CGTCT	ok	False
chr2	297147	297148	-	0.364865	mod_ratio	74	79	T	TGTTC	ok	True
chr2	297168	297169	-	0.318841	mod_ratio	69	77	T	TGTTC	ok	True
chr2	297989	297990	-	0.666667	mod_ratio	54	64	T	AGTTT	ok	True
chr2	308029	308030	+	0.846154	mod_ratio	26	29	A	AAACG	ok	False
chr2	385338	385339	+	0.412903	mod_ratio	155	186	A	AAACA	ok	True
chr2	385947	385948	+	0.742991	mod_ratio	214	231	A	AGACA	ok	True
chr2	385951	385952	+	0.468599	mod_ratio	207	223	A	AAACA	ok	True
chr2	386666	386667	+	0.881188	mod_ratio	202	242	A	AAACG	ok	False
chr2	386731	386732	+	0.651515	mod_ratio	198	246	A	GGACG	ok	False
chr2	386939	386940	+	0.923404	mod_ratio	235	262	A	AGACG	ok	False
chr2	387123	387124	+	0.526316	mod_ratio	209	259	A	GAACC	ok	True
chr2	389851	389852	-	0.888889	mod_ratio	27	35	T	TGTTT	ok	True
chr2	390163	390164	-	0.823529	mod_ratio	34	38	T	TGTTT	ok	True
chr2	396972	396973	-	0.878788	mod_ratio	33	38	T	TGTCT	ok	True
chr2	490274	490275	+	0.96	mod_ratio	150	171	A	AAACA	ok	True
chr2	490283	490284	+	0.618321	mod_ratio	131	165	A	AAACT	ok	True
chr2	490320	490321	+	0.429487	mod_ratio	156	171	A	AAACT	ok	True
chr2	491769	491770	+	0.184713	mod_ratio	157	172	A	GAACT	ok	True
chr2	528722	528723	+	0.458537	mod_ratio	205	279	A	GGACC	ok	True
chr2	528796	528797	+	0.719512	mod_ratio	246	284	A	AAACT	ok	True
chr2	528875	528876	+	0.497976	mod_ratio	247	291	A	AGACA	ok	True
chr2	629772	629773	+	0.574074	mod_ratio	54	61	A	AAACG	ok	False
chr2	630849	630850	+	0.45283	mod_ratio	53	68	A	GAACC	ok	True
chr2	630998	630999	+	0.7	mod_ratio	50	55	A	AGACA	ok	True
chr2	671393	671394	-	0.741935	mod_ratio	31	37	T	GGTTT	ok	True
chr2	673345	673346	+	0.263736	mod_ratio	91	161	A	AAACC	ok	True
chr2	673423	673424	+	0.367647	mod_ratio	136	163	A	AGACA	ok	True
chr2	673534	673535	+	0.161972	mod_ratio	142	167	A	AAACA	ok	True
chr2	674606	674607	+	0.261745	mod_ratio	149	170	A	AGACT	ok	True
chr2	758757	758758	-	0.870968	mod_ratio	31	36	T	TGTCC	ok	True
chr2	758886	758887	-	0.846154	mod_ratio	26	36	T	GGTCT	ok	True
chr2	758951	758952	-	0.8	mod_ratio	30	35	T	TGTCT	ok	True
chr2	774804	774805	+	0.709091	mod_ratio	55	67	A	GGACA	ok	True
chr2	775282	775283	+	0.520833	mod_ratio	48	62	A	AAACT	ok	True
chr2	797110	797111	-	0.8125	mod_ratio	32	39	T	GGTCT	ok	True
chr2	939340	939341	+	0.675	mod_ratio	40	43	A	AGACC	ok	True
chr2	939535	939536	+	0.547619	mod_ratio	42	46	A	AGACG	ok	False
chr2	939805	939806	+	0.577778	mod_ratio	45	49	A	AAACC	ok	True
chr2	940147	940148	+	0.659574	mod_ratio	47	53	A	GAACA	ok	True
chr2	1030644	1030645	-	0.577778	mod_ratio	45	56	T	CGTCT	ok	False
chr2	1031023	1031024	-	0.647059	mod_ratio	34	46	T	CGTCC	ok	False
chr2	1031366	1031367	-	0.571429	mod_ratio	42	46	T	TGTCT	ok	True
chr2	1031378	1031379	-	0.805556	mod_ratio	36	46	T	TGTCC	ok	True
chr2	1032112	1032113	-	0.648649	mod_ratio	37	41	T	GGTCT	ok	True
chr2	1035217	1035218	-	0.690476	mod_ratio	42	50	T	TGTCT	ok	True
chr2	1035402	1035403	-	0.511628	mod_ratio	43	49	T	AGTTT	ok	True
chr2	1039542	1039543	-	0.286885	mod_ratio	122	144	T	AGTTC	ok	True
chr2	1039661	1039662	-	0.635593	mod_ratio	118	142	T	CGTCT	ok	False
chr2	1039709	1039710	-	0.838095	mod_ratio	105	140	T	TGTCT	ok	True
chr2	1039778	1039779	-	0.284553	mod_ratio	123	139	T	CGTTC	ok	False
chr2	1039822	1039823	-	0.646018	mod_ratio	113	130	T	GGTTT	ok	True
chr2	1039852	1039853	-	0.550847	mod_ratio	118	128	T	GGTTT	ok	True
chr2	1039882	1039883	-	0.358491	mod_ratio	106	124	T	GGTTT	ok	True
chr2	1039887	1039888	-	0.466667	mod_ratio	60	117	T	GTTTT	ok	False
chr2	1039898	1039899	-	0.598214	mod_ratio	112	127	T	GGTTT	ok	True
chr2	1077855	1077856	+	0.911765	mod_ratio	34	39	A	AGACA	ok	True
chr2	1104656	1104657	-	0.648148	mod_ratio	54	62	T	CGTCT	ok	False
chr2	1105190	1105191	-	0.621622	mod_ratio	37	50	T	TGTTT	ok	True
chr2	1105358	1105359	-	0.78125	mod_ratio	32	43	T	GGTTT	ok	True
chr2	1105689	1105690	-	0.864865	mod_ratio	37	45	T	CGTTT	ok	False
chr2	1106401	1106402	-	0.833333	mod_ratio	30	40	T	CGTTT	ok	False
chr2	1121410	1121411	+	0.83871	mod_ratio	31	189	A	AAACA	ok	True
chr2	1121519	1121520	+	0.147059	mod_ratio	170	196	A	GGACC	ok	True
chr2	1121622	1121623	+	0.178771	mod_ratio	179	198	A	AAACT	ok	True
chr2	1121907	1121908	+	0.505618	mod_ratio	178	203	A	AAACT	ok	True
chr2	1137944	1137945	-	0.914286	mod_ratio	35	37	T	CGTCT	ok	False
chr2	1147914	1147915	-	0.871795	mod_ratio	39	46	T	CGTTT	ok	False
chr2	1148865	1148866	-	0.6875	mod_ratio	32	33	T	TGTCT	ok	True
chr2	1180998	1180999	+	0.631579	mod_ratio	76	96	A	AGACA	ok	True
chr2	1181003	1181004	+	0.271605	mod_ratio	81	96	A	AGACG	ok	False
chr2	1181178	1181179	+	0.465753	mod_ratio	73	95	A	GAACA	ok	True
chr2	1181365	1181366	+	0.622951	mod_ratio	61	88	A	AAACA	ok	True
chr2	1181375	1181376	+	0.542373	mod_ratio	59	82	A	GAACA	ok	True
chr2	1282766	1282767	+	0.412698	mod_ratio	63	66	A	GAACT	ok	True
chr2	1282939	1282940	+	0.677419	mod_ratio	62	69	A	GGACA	ok	True
chr2	1283162	1283163	+	0.478261	mod_ratio	69	73	A	AAACA	ok	True
chr2	1283676	1283677	+	0.32	mod_ratio	75	80	A	AAACT	ok	True
chr2	1283712	1283713	+	0.532468	mod_ratio	77	83	A	AGACC	ok	True
chr2	1283717	1283718	+	0.323529	mod_ratio	68	83	A	AAACC	ok	True
chr2	1284451	1284452	+	0.5	mod_ratio	80	108	A	AAACC	ok	True
chr2	1284807	1284808	+	0.458333	mod_ratio	120	132	A	AAACT	ok	True
chr2	1284928	1284929	+	0.317757	mod_ratio	107	134	A	GAACC	ok	True
chr2	1285009	1285010	+	0.469697	mod_ratio	132	138	A	GAACT	ok	True
chr2	1285129	1285130	+	0.368852	mod_ratio	122	143	A	AAACA	ok	True
chr2	1285162	1285163	+	0.565891	mod_ratio	129	142	A	AAACA	ok	True
chr2	1285203	1285204	+	0.42735	mod_ratio	117	143	A	AAACC	ok	True
chr2	1285469	1285470	+	0.35	mod_ratio	140	153	A	GAACG	ok	False
chr2	1285852	1285853	+	0.255034	mod_ratio	149	169	A	AAACA	ok	True
chr2	1285954	1285955	+	0.333333	mod_ratio	141	168	A	GAACG	ok	False
chr2	1333389	1333390	+	0.301205	mod_ratio	83	139	A	AAACT	ok	True
chr2	1333841	1333842	+	0.642857	mod_ratio	168	207	A	AAACC	ok	True
chr2	1333877	1333878	+	0.226519	mod_ratio	181	209	A	AAACC	ok	True
chr2	1333886	1333887	+	0.664516	mod_ratio	155	210	A	AGACA	ok	True
chr2	1333975	1333976	+	0.143678	mod_ratio	174	212	A	AGACG	ok	False
chr2	1334335	1334336	+	0.207865	mod_ratio	178	211	A	GAACC	ok	True
chr2	1334430	1334431	+	0.248677	mod_ratio	189	211	A	GAACC	ok	True
chr2	1334544	1334545	+	0.522727	mod_ratio	44	84	A	AAACA	ok	True
chr2	1401492	1401493	-	0.774194	mod_ratio	31	37	T	TGTCT	ok	True
chr2	1480299	1480300	-	0.866667	mod_ratio	30	35	T	GGTCC	ok	True
chr2	1518124	1518125	+	0.793103	mod_ratio	29	37	A	AAACG	ok	False
chr2	1518180	1518181	+	0.742857	mod_ratio	35	37	A	GGACC	ok	True
chr2	1519728	1519729	-	0.741935	mod_ratio	31	34	T	GGTCC	ok	True
chr2	1520276	1520277	-	0.846154	mod_ratio	26	28	T	TGTCT	ok	True
chr2	1527925	1527926	+	0.215859	mod_ratio	227	251	A	GAACC	ok	True
chr2	1527931	1527932	+	0.232227	mod_ratio	211	244	A	AGACC	ok	True
chr2	1528044	1528045	+	0.491803	mod_ratio	244	268	A	AGACT	ok	True
chr2	1528086	1528087	+	0.923913	mod_ratio	184	272	A	AAACG	ok	False
chr2	1528101	1528102	+	0.593361	mod_ratio	241	272	A	GGACC	ok	True
chr2	1528157	1528158	+	0.151639	mod_ratio	244	282	A	GGACT	ok	True
chr2	1528186	1528187	+	0.162037	mod_ratio	216	278	A	AGACT	ok	True
chr2	1528213	1528214	+	0.412214	mod_ratio	262	286	A	AGACT	ok	True
chr2	1528341	1528342	+	0.211454	mod_ratio	227	288	A	GGACG	ok	False
chr2	1528371	1528372	+	0.164948	mod_ratio	194	282	A	GGACA	ok	True
chr2	1528380	1528381	+	0.13278	mod_ratio	241	281	A	AGACT	ok	True
chr2	1528421	1528422	+	0.445714	mod_ratio	175	260	A	AAACT	ok	True
chr2	1528433	1528434	+	0.388889	mod_ratio	198	270	A	AGACT	ok	True
chr2	1528468	1528469	+	0.423729	mod_ratio	118	229	A	GAACC	ok	True
chr2	1531293	1531294	+	0.741935	mod_ratio	31	37	A	AGACG	ok	False
chr2	1531762	1531763	+	0.564103	mod_ratio	39	42	A	GGACC	ok	True
chr2	1533150	1533151	+	0.808511	mod_ratio	47	50	A	AAACA	ok	True
chr2	1533522	1533523	+	0.543478	mod_ratio	46	52	A	GAACG	ok	False
chr2	1533689	1533690	+	0.8125	mod_ratio	32	48	A	AGACA	ok	True
chr2	1534137	1534138	-	0.461538	mod_ratio	130	164	T	GGTTT	ok	True
chr2	1534219	1534220	-	0.420561	mod_ratio	107	153	T	CGTTT	ok	False
chr2	1574730	1574731	-	0.510638	mod_ratio	47	66	T	TGTTT	ok	True
chr2	1574731	1574732	-	0.373626	mod_ratio	91	157	T	GTTTT	ok	False
chr2	1574752	1574753	-	0.679245	mod_ratio	106	157	T	CGTCT	ok	False
chr2	1575076	1575077	-	0.328	mod_ratio	125	147	T	GGTTC	ok	True
chr2	1619348	1619349	-	0.62963	mod_ratio	54	62	T	CGTCT	ok	False
chr2	1619510	1619511	-	0.471698	mod_ratio	53	58	T	AGTCT	ok	True
chr2	1619725	1619726	-	0.744186	mod_ratio	43	53	T	TGTTT	ok	True
chr2	1645614	1645615	+	0.387097	mod_ratio	62	65	A	GAACT	ok	True
chr2	1645652	1645653	+	0.638298	mod_ratio	47	61	A	AAACT	ok	True
chr2	1645947	1645948	+	0.338235	mod_ratio	68	75	A	AAACT	ok	True
chr2	1645995	1645996	+	0.553846	mod_ratio	65	77	A	AAACC	ok	True
chr2	1646160	1646161	+	0.42623	mod_ratio	61	68	A	AAACT	ok	True
chr2	1646874	1646875	+	0.311688	mod_ratio	77	97	A	AAACG	ok	False
chr2	1646924	1646925	+	0.282051	mod_ratio	117	213	A	AAACT	ok	True
chr2	1646955	1646956	+	0.233333	mod_ratio	150	213	A	AAACT	ok	True
chr2	1647059	1647060	+	0.969697	mod_ratio	33	227	A	AAAGT	ok	False
chr2	1647152	1647153	+	0.157895	mod_ratio	190	226	A	GAACC	ok	True
chr2	1647216	1647217	+	0.248677	mod_ratio	189	228	A	GGACT	ok	True
chr2	1647582	1647583	+	0.432584	mod_ratio	178	238	A	GGACA	ok	True
chr2	1648300	1648301	+	0.808824	mod_ratio	204	238	A	AGACG	ok	False
chr2	1648327	1648328	+	0.45283	mod_ratio	106	174	A	AAACT	ok	True
chr2	1678188	1678189	+	0.52459	mod_ratio	61	66	A	GGACA	ok	True
chr2	1678341	1678342	+	0.528302	mod_ratio	53	64	A	AAACC	ok	True
chr2	1680072	1680073	+	0.794872	mod_ratio	39	43	A	GGACC	ok	True
chr2	1680376	1680377	+	0.727273	mod_ratio	33	40	A	AGACC	ok	True
chr2	1698482	1698483	-	0.938776	mod_ratio	49	62	T	GGTTT	ok	True
chr2	1698530	1698531	-	0.578947	mod_ratio	38	63	T	GGTTC	ok	True
chr2	1698575	1698576	-	0.464286	mod_ratio	56	64	T	GGTCT	ok	True
chr2	1698591	1698592	-	0.916667	mod_ratio	60	64	T	GGTCC	ok	True
chr2	1698946	1698947	-	0.828571	mod_ratio	35	53	T	CGTTT	ok	False
chr2	1699389	1699390	-	0.794118	mod_ratio	34	48	T	CGTCC	ok	False
chr2	1700143	1700144	-	0.741935	mod_ratio	31	34	T	GGTCT	ok	True
chr2	1701196	1701197	-	0.958333	mod_ratio	24	28	T	CGTCT	ok	False
chr2	1722715	1722716	+	0.735849	mod_ratio	53	85	A	AAACC	ok	True
chr2	1723606	1723607	+	0.42623	mod_ratio	61	86	A	AAACA	ok	True
chr2	1799333	1799334	-	0.175141	mod_ratio	354	855	T	AGTCC	ok	True
chr2	1799394	1799395	-	0.384615	mod_ratio	78	3812	T	AGTTT	ok	True
chr2	1799640	1799641	-	0.146799	mod_ratio	3733	4090	T	AGTTC	ok	True
chr2	1799676	1799677	-	0.615385	mod_ratio	65	4074	T	GGTCA	ok	True
chr2	1799696	1799697	-	0.424242	mod_ratio	66	3997	T	GGTCC	ok	True
chr2	1799790	1799791	-	0.542714	mod_ratio	199	3833	T	GGTTT	ok	True
chr2	1799799	1799800	-	0.26087	mod_ratio	92	3454	T	GGTAA	ok	False
chr2	1799900	1799901	-	0.666667	mod_ratio	159	3732	T	CATCC	ok	False
chr2	1799965	1799966	-	0.159444	mod_ratio	1223	3610	T	TGTCT	ok	True
chr2	1799984	1799985	-	0.188504	mod_ratio	3114	3627	T	AGTCC	ok	True
chr2	1799994	1799995	-	0.600069	mod_ratio	2918	3594	T	TGTCC	ok	True
chr2	1800006	1800007	-	0.384534	mod_ratio	944	3533	T	AGTCT	ok	True
chr2	1800042	1800043	-	0.172316	mod_ratio	354	3511	T	TGTTC	ok	True
chr2	1800056	1800057	-	0.811862	mod_ratio	3136	3537	T	GGTCC	ok	True
chr2	1800075	1800076	-	0.222137	mod_ratio	2593	3527	T	GGTCT	ok	True
chr2	1800080	1800081	-	0.162439	mod_ratio	2247	3504	T	GGTCC	ok	True
chr2	1800286	1800287	-	0.843432	mod_ratio	2657	3305	T	CGTTT	ok	False
chr2	1823367	1823368	-	0.676471	mod_ratio	34	4593	T	AGTAC	ok	False
chr2	1823399	1823400	-	0.787879	mod_ratio	33	5109	T	CATTC	ok	False
chr2	1823653	1823654	-	0.116206	mod_ratio	4776	5242	T	AGTTC	ok	True
chr2	1823689	1823690	-	0.686747	mod_ratio	83	5232	T	GGTCA	ok	True
chr2	1823803	1823804	-	0.537931	mod_ratio	290	4925	T	GGTTT	ok	True
chr2	1823812	1823813	-	0.345133	mod_ratio	113	4538	T	GGTAA	ok	False
chr2	1823913	1823914	-	0.564935	mod_ratio	154	4773	T	CATCC	ok	False
chr2	1823978	1823979	-	0.130966	mod_ratio	1718	4598	T	TGTCT	ok	True
chr2	1823997	1823998	-	0.193704	mod_ratio	3939	4607	T	AGTCC	ok	True
chr2	1824007	1824008	-	0.52661	mod_ratio	3758	4540	T	TGTCC	ok	True
chr2	1824019	1824020	-	0.398036	mod_ratio	1324	4480	T	AGTCT	ok	True
chr2	1824069	1824070	-	0.651228	mod_ratio	3951	4471	T	GGTCC	ok	True
chr2	1824088	1824089	-	0.285128	mod_ratio	3658	4441	T	GGTCT	ok	True
chr2	1824093	1824094	-	0.18511	mod_ratio	2955	4425	T	GGTCC	ok	True
chr2	1824097	1824098	-	0.679487	mod_ratio	78	4394	T	CGTAC	ok	False
chr2	1824265	1824266	-	0.109813	mod_ratio	3424	4109	T	AGTTC	ok	True
chr2	1824288	1824289	-	0.864756	mod_ratio	3490	4133	T	CGTTT	ok	False
chr2	1894586	1894587	-	0.62069	mod_ratio	58	129	T	TGTTT	ok	True
chr2	1894604	1894605	-	0.473934	mod_ratio	211	393	T	GGTTC	ok	True
chr2	1894639	1894640	-	0.393333	mod_ratio	300	435	T	AGTCT	ok	True
chr2	1894651	1894652	-	0.357377	mod_ratio	305	385	T	AGTTT	ok	True
chr2	1894692	1894693	-	0.101036	mod_ratio	386	468	T	AGTCT	ok	True
chr2	1894701	1894702	-	0.193038	mod_ratio	316	475	T	TGTCC	ok	True
chr2	1894875	1894876	-	0.416465	mod_ratio	413	463	T	AGTCT	ok	True
chr2	1894902	1894903	-	0.260989	mod_ratio	364	470	T	AGTCT	ok	True
chr2	1894942	1894943	-	0.307692	mod_ratio	78	460	T	CGTTC	ok	False
chr2	1894987	1894988	-	0.675393	mod_ratio	382	453	T	GGTCC	ok	True
chr2	1895002	1895003	-	0.903226	mod_ratio	279	442	T	CGTTT	ok	False
chr2	1895044	1895045	-	0.411458	mod_ratio	384	439	T	AGTCT	ok	True
chr2	1895157	1895158	-	0.650538	mod_ratio	372	427	T	CGTCT	ok	False
chr2	1895163	1895164	-	0.172507	mod_ratio	371	424	T	GGTTC	ok	True
chr2	1933340	1933341	-	0.32967	mod_ratio	182	235	T	TGTTT	ok	True
chr2	1933619	1933620	-	0.695652	mod_ratio	46	51	T	AGTTT	ok	True
chr2	1933794	1933795	-	0.489362	mod_ratio	47	53	T	TGTTT	ok	True
chr2	1933849	1933850	-	0.300395	mod_ratio	253	284	T	TGTTC	ok	True
chr2	1933855	1933856	-	0.20765	mod_ratio	183	276	T	GGTTC	ok	True
chr2	1934099	1934100	-	0.191919	mod_ratio	198	241	T	AGTTC	ok	True
chr2	1967576	1967577	+	0.597793	mod_ratio	997	1218	A	AAACC	ok	True
chr2	1967582	1967583	+	0.508391	mod_ratio	1013	1216	A	GAACA	ok	True
chr2	1967941	1967942	+	0.421222	mod_ratio	1244	1577	A	AAACT	ok	True
chr2	1993670	1993671	+	0.157895	mod_ratio	323	360	A	GGACA	ok	True
chr2	1993703	1993704	+	0.113497	mod_ratio	326	376	A	GGACT	ok	True
chr2	1993924	1993925	+	0.987864	mod_ratio	412	486	A	AAACG	ok	False
chr2	1993928	1993929	+	0.116915	mod_ratio	402	485	A	GAACC	ok	True
chr2	1993957	1993958	+	0.618938	mod_ratio	433	486	A	AAACT	ok	True
chr2	1994036	1994037	+	0.293801	mod_ratio	371	487	A	AAACC	ok	True
chr2	1994126	1994127	+	0.652174	mod_ratio	138	214	A	AAACT	ok	True
chr2	2026207	2026208	+	0.280303	mod_ratio	528	641	A	AAACA	ok	True
chr2	2026557	2026558	+	0.653907	mod_ratio	627	764	A	AAACC	ok	True
chr2	2026883	2026884	+	0.242561	mod_ratio	1109	1185	A	AAACA	ok	True
chr2	2026966	2026967	+	0.151697	mod_ratio	501	1181	A	GAACT	ok	True
chr2	2033945	2033946	+	0.584	mod_ratio	125	151	A	AAACT	ok	True
chr2	2081063	2081064	-	0.449367	mod_ratio	158	205	T	TGTTT	ok	True
chr2	2081109	2081110	-	0.403955	mod_ratio	354	535	T	GGTTT	ok	True
chr2	2081266	2081267	-	0.890173	mod_ratio	346	448	T	TGTTT	ok	True
chr2	2081569	2081570	-	0.446188	mod_ratio	446	534	T	TGTCT	ok	True
chr2	2081584	2081585	-	0.237996	mod_ratio	479	530	T	GGTTT	ok	True
chr2	2081635	2081636	-	0.177419	mod_ratio	310	494	T	AGTTC	ok	True
chr2	2081647	2081648	-	0.724891	mod_ratio	458	518	T	AGTTT	ok	True
chr2	2143551	2143552	+	0.925926	mod_ratio	27	32	A	AGACA	ok	True
chr2	2145052	2145053	+	0.674419	mod_ratio	43	51	A	AAACG	ok	False
chr2	2145086	2145087	+	0.627907	mod_ratio	43	52	A	GGACG	ok	False
chr2	2145865	2145866	+	0.61039	mod_ratio	77	82	A	GGACC	ok	True
chr2	2146130	2146131	+	0.35	mod_ratio	80	95	A	AGACC	ok	True
chr2	2199860	2199861	+	0.964286	mod_ratio	28	33	A	AAACG	ok	False
chr2	2200616	2200617	+	0.705882	mod_ratio	34	43	A	AAACA	ok	True
chr2	2201430	2201431	+	0.825	mod_ratio	40	54	A	AGACG	ok	False
chr2	2234560	2234561	+	0.4625	mod_ratio	80	90	A	GGACA	ok	True
chr2	2234922	2234923	+	0.317647	mod_ratio	85	91	A	AGACC	ok	True
chr2	2235494	2235495	+	0.816092	mod_ratio	87	101	A	AAACA	ok	True
chr2	2236067	2236068	+	0.340659	mod_ratio	91	106	A	GAACA	ok	True
chr2	2236138	2236139	+	0.426966	mod_ratio	89	106	A	AAACG	ok	False
chr2	2269840	2269841	-	0.527273	mod_ratio	55	78	T	GGTTC	ok	True
chr2	2270001	2270002	-	0.42029	mod_ratio	69	77	T	GGTTT	ok	True
chr2	2323029	2323030	+	0.37931	mod_ratio	87	93	A	AAACC	ok	True
chr2	2323047	2323048	+	0.311111	mod_ratio	90	92	A	AAACC	ok	True
chr2	2323075	2323076	+	0.264368	mod_ratio	87	91	A	AGACC	ok	True
chr2	2323437	2323438	+	0.851351	mod_ratio	74	103	A	AGACA	ok	True
chr2	2323448	2323449	+	0.625	mod_ratio	88	103	A	AGACG	ok	False
chr2	2323667	2323668	+	0.48	mod_ratio	100	112	A	AAACT	ok	True
chr2	2323672	2323673	+	0.244681	mod_ratio	94	113	A	GGACC	ok	True
chr2	2324423	2324424	+	0.565574	mod_ratio	122	125	A	AAACA	ok	True
chr2	2324584	2324585	+	0.322034	mod_ratio	118	127	A	AGACA	ok	True
chr2	2324829	2324830	+	0.964912	mod_ratio	114	140	A	GGACA	ok	True
chr2	2351841	2351842	+	0.733333	mod_ratio	30	41	A	AAACA	ok	True
chr2	2587782	2587783	-	0.531915	mod_ratio	47	4501	T	TATCC	ok	False
chr2	2587790	2587791	-	0.204484	mod_ratio	4059	4575	T	AGTTC	ok	True
chr2	2587865	2587866	-	0.50948	mod_ratio	4114	4669	T	GGTCT	ok	True
chr2	2587872	2587873	-	0.122257	mod_ratio	319	4623	T	GGTTC	ok	True
chr2	2587886	2587887	-	0.722222	mod_ratio	36	4662	T	GGTCA	ok	True
chr2	2588066	2588067	-	0.180712	mod_ratio	3453	4560	T	TGTCC	ok	True
chr2	2588134	2588135	-	0.722044	mod_ratio	3738	4364	T	GGTTT	ok	True
chr2	2588135	2588136	-	0.547619	mod_ratio	84	4484	T	GTTTC	ok	False
chr2	2763610	2763611	+	0.242647	mod_ratio	136	156	A	AAACA	ok	True
chr2	2763764	2763765	+	0.309091	mod_ratio	165	179	A	AAACA	ok	True
chr2	2763785	2763786	+	0.347826	mod_ratio	161	179	A	GAACT	ok	True
chr2	2764320	2764321	+	0.5	mod_ratio	170	190	A	GGACA	ok	True
chr2	2764525	2764526	+	0.299435	mod_ratio	177	206	A	GAACA	ok	True
chr2	2764530	2764531	+	0.308511	mod_ratio	188	204	A	GGACA	ok	True
chr2	2764646	2764647	+	0.243523	mod_ratio	193	224	A	GAACA	ok	True
chr2	2765118	2765119	+	0.626794	mod_ratio	209	232	A	GAACG	ok	False
chr2	2765194	2765195	+	0.434579	mod_ratio	214	243	A	GAACG	ok	False
chr2	2765439	2765440	+	0.101322	mod_ratio	227	275	A	GGACT	ok	True
chr2	3045826	3045827	+	0.745455	mod_ratio	55	62	A	AAACA	ok	True
chr2	3046129	3046130	+	0.641509	mod_ratio	53	64	A	AAACA	ok	True
chr2	3046332	3046333	+	0.947368	mod_ratio	57	65	A	AGACA	ok	True
chr2	3046655	3046656	+	0.837209	mod_ratio	43	67	A	AAACC	ok	True
chr2	3781432	3781433	+	0.44186	mod_ratio	129	150	A	AAACC	ok	True
chr2	3781882	3781883	+	0.368421	mod_ratio	114	160	A	AAACA	ok	True
chr2	4310551	4310552	-	0.421569	mod_ratio	102	117	T	AGTTC	ok	True
chr2	4311155	4311156	-	0.194215	mod_ratio	242	320	T	AGTTT	ok	True
chr2	4312020	4312021	-	0.328571	mod_ratio	70	181	T	AGTTT	ok	True
chr2	4803122	4803123	+	0.727273	mod_ratio	33	39	A	AAACG	ok	False
chr2	4803453	4803454	+	0.714286	mod_ratio	35	44	A	AAACT	ok	True
chr2	4803511	4803512	+	0.921053	mod_ratio	38	45	A	AGACA	ok	True
chr2	4803535	4803536	+	0.857143	mod_ratio	35	47	A	AGACA	ok	True
chr2	5539286	5539287	-	0.360558	mod_ratio	502	650	T	TGTTC	ok	True
chr2	5539295	5539296	-	0.292818	mod_ratio	543	682	T	AGTTT	ok	True
chr2	5539369	5539370	-	0.578853	mod_ratio	1116	1294	T	AGTTT	ok	True
chr2	5539653	5539654	-	0.675569	mod_ratio	1011	1337	T	TGTCC	ok	True
chr2	5539747	5539748	-	0.203989	mod_ratio	1103	1351	T	CGTCT	ok	False
chr2	5539813	5539814	-	0.476608	mod_ratio	684	929	T	AGTTT	ok	True
chr2	5539815	5539816	-	0.671429	mod_ratio	70	1322	T	TTTTT	ok	False
chr2	5540086	5540087	-	0.102176	mod_ratio	1057	1244	T	GGTTC	ok	True
chr2	5540150	5540151	-	0.507937	mod_ratio	252	1175	T	GTTTT	ok	False
chr2	5540241	5540242	-	0.805556	mod_ratio	36	1197	T	CGTCC	ok	False
chr2	5540460	5540461	-	0.277083	mod_ratio	960	1118	T	GGTCT	ok	True
chr2	5540504	5540505	-	0.43264	mod_ratio	913	1108	T	CGTCT	ok	False
chr2	5540548	5540549	-	0.281513	mod_ratio	238	1096	T	TGTCC	ok	True
chr2	5540623	5540624	-	0.443142	mod_ratio	853	1066	T	TGTCC	ok	True
chr2	5540648	5540649	-	0.371212	mod_ratio	132	1062	T	TGTCT	ok	True
chr2	5540694	5540695	-	0.181354	mod_ratio	783	1000	T	AGTCC	ok	True
chr2	5540721	5540722	-	0.146104	mod_ratio	924	1026	T	TGTCC	ok	True
chr2	5540733	5540734	-	0.132642	mod_ratio	965	1044	T	GGTCT	ok	True
chr2	5540767	5540768	-	0.245161	mod_ratio	310	1009	T	GTTTT	ok	False
chr2	5540810	5540811	-	0.309129	mod_ratio	964	1014	T	TGTTC	ok	True
chr2	5540816	5540817	-	0.124851	mod_ratio	841	1003	T	GGTTC	ok	True
chr2	5540884	5540885	-	0.19403	mod_ratio	871	1002	T	GGTCC	ok	True
chr2	5653932	5653933	+	0.702128	mod_ratio	47	56	A	GGACA	ok	True
chr2	5654739	5654740	+	0.722222	mod_ratio	54	62	A	GGACG	ok	False
chr2	5908080	5908081	+	0.521739	mod_ratio	46	54	A	AAACT	ok	True
chr2	5978112	5978113	-	0.758621	mod_ratio	29	34	T	TGTCC	ok	True
chr2	6041322	6041323	-	0.785714	mod_ratio	28	35	T	GGTTT	ok	True
chr2	6041954	6041955	-	0.805556	mod_ratio	36	42	T	TGTCT	ok	True
chr2	6042201	6042202	-	0.694444	mod_ratio	36	39	T	AGTCC	ok	True
chr2	6314262	6314263	+	0.712121	mod_ratio	132	145	A	AAACT	ok	True
chr2	6314403	6314404	+	0.318966	mod_ratio	116	144	A	GGACA	ok	True
chr2	6314484	6314485	+	0.231343	mod_ratio	134	152	A	AGACA	ok	True
chr2	6314723	6314724	+	0.575221	mod_ratio	113	151	A	AAACC	ok	True
chr2	6314930	6314931	+	0.385246	mod_ratio	122	164	A	GAACA	ok	True
chr2	6314940	6314941	+	0.431818	mod_ratio	132	163	A	GGACG	ok	False
chr2	6315278	6315279	+	0.251613	mod_ratio	155	169	A	GAACT	ok	True
chr2	6315419	6315420	+	0.75	mod_ratio	140	174	A	GGACG	ok	False
chr2	6392672	6392673	+	0.872727	mod_ratio	55	68	A	AGACG	ok	False
chr2	6392705	6392706	+	0.576271	mod_ratio	59	69	A	AGACG	ok	False
chr2	6393667	6393668	-	0.310078	mod_ratio	129	147	T	AGTTC	ok	True
chr2	6393791	6393792	-	0.4	mod_ratio	70	83	T	TGTTT	ok	True
chr2	6393800	6393801	-	0.243902	mod_ratio	123	138	T	GGTCC	ok	True
chr2	6394601	6394602	-	0.276596	mod_ratio	94	135	T	AGTTC	ok	True
chr2	6394611	6394612	-	0.280374	mod_ratio	107	135	T	TGTCT	ok	True
chr2	6394634	6394635	-	0.410714	mod_ratio	112	135	T	GGTCT	ok	True
chr2	6394640	6394641	-	0.617391	mod_ratio	115	133	T	GGTTT	ok	True
chr2	6394727	6394728	-	0.607477	mod_ratio	107	131	T	AGTTT	ok	True
chr2	6394795	6394796	-	0.870968	mod_ratio	93	107	T	CGTTT	ok	False
chr2	6406894	6406895	-	0.604167	mod_ratio	96	136	T	GGTTT	ok	True
chr2	6407013	6407014	-	0.325203	mod_ratio	123	132	T	AGTTC	ok	True
chr2	6407046	6407047	-	0.541284	mod_ratio	109	133	T	TGTCC	ok	True
chr2	6407264	6407265	-	0.210526	mod_ratio	114	132	T	AGTCT	ok	True
chr2	6407352	6407353	-	0.69697	mod_ratio	99	124	T	CGTTT	ok	False
chr2	6407672	6407673	-	0.745098	mod_ratio	102	118	T	CGTCT	ok	False
chr2	6407905	6407906	-	0.689189	mod_ratio	74	117	T	CGTTT	ok	False
chr2	6407968	6407969	-	0.435185	mod_ratio	108	116	T	CGTCC	ok	False
chr2	6408009	6408010	-	0.777778	mod_ratio	99	114	T	TGTCC	ok	True
chr2	6408038	6408039	-	0.428571	mod_ratio	56	103	T	TTTTT	ok	False
chr2	6518873	6518874	+	0.345794	mod_ratio	107	153	A	GAACT	ok	True
chr2	6518997	6518998	+	0.711268	mod_ratio	142	162	A	AAACC	ok	True
chr2	6519098	6519099	+	0.246269	mod_ratio	134	168	A	AGACC	ok	True
chr2	6519140	6519141	+	0.509259	mod_ratio	108	168	A	AAACG	ok	False
chr2	6543152	6543153	+	0.594595	mod_ratio	37	39	A	AAACA	ok	True
chr2	6797765	6797766	+	0.258824	mod_ratio	85	102	A	GAACA	ok	True
chr2	6798072	6798073	+	0.404255	mod_ratio	94	113	A	AAACT	ok	True
chr2	6798176	6798177	+	0.634146	mod_ratio	41	58	A	AAACC	ok	True
chr2	6798707	6798708	+	0.589286	mod_ratio	56	66	A	AGACC	ok	True
chr2	6798797	6798798	+	0.5	mod_ratio	48	62	A	GAACT	ok	True
chr2	6810641	6810642	+	0.438356	mod_ratio	73	83	A	AGACC	ok	True
chr2	6811244	6811245	+	0.888889	mod_ratio	90	106	A	AGACA	ok	True
chr2	6811354	6811355	+	0.252874	mod_ratio	87	107	A	GAACC	ok	True
chr2	6811797	6811798	+	0.294574	mod_ratio	129	140	A	GAACT	ok	True
chr2	6812011	6812012	+	0.221239	mod_ratio	113	154	A	AAACA	ok	True
chr2	6812181	6812182	+	0.181102	mod_ratio	127	160	A	AAACA	ok	True
chr2	6812204	6812205	+	0.413043	mod_ratio	138	171	A	AAACC	ok	True
chr2	6812263	6812264	+	0.423611	mod_ratio	144	179	A	GAACC	ok	True
chr2	6812333	6812334	+	0.2875	mod_ratio	160	185	A	AGACT	ok	True
chr2	6812392	6812393	+	0.539474	mod_ratio	152	193	A	AGACC	ok	True
chr2	6812411	6812412	+	0.5	mod_ratio	162	193	A	GGACA	ok	True
chr2	6812730	6812731	+	0.145729	mod_ratio	199	217	A	AGACT	ok	True
chr2	6812917	6812918	+	0.921053	mod_ratio	38	45	A	AAACA	ok	True
chr2	6934262	6934263	-	0.823529	mod_ratio	51	60	T	AGTTT	ok	True
chr2	6935142	6935143	-	0.913043	mod_ratio	69	75	T	CGTTT	ok	False
chr2	6935292	6935293	-	0.432432	mod_ratio	74	85	T	CGTTC	ok	False
chr2	6950195	6950196	+	0.213974	mod_ratio	229	250	A	GAACC	ok	True
chr2	6950250	6950251	+	0.216216	mod_ratio	222	253	A	GAACC	ok	True
chr2	6950439	6950440	+	0.120332	mod_ratio	241	267	A	GAACC	ok	True
chr2	6950668	6950669	+	0.264423	mod_ratio	208	260	A	AAACA	ok	True
chr2	6984098	6984099	-	0.666667	mod_ratio	42	56	T	CGTTT	ok	False
chr2	7052650	7052651	+	0.466667	mod_ratio	60	73	A	AAACA	ok	True
chr2	7076136	7076137	+	0.821429	mod_ratio	28	35	A	AGACA	ok	True
chr2	7150674	7150675	-	0.767442	mod_ratio	43	58	T	TGTCT	ok	True
chr2	7150901	7150902	-	0.5	mod_ratio	46	55	T	CGTTT	ok	False
chr2	7151536	7151537	-	0.69697	mod_ratio	33	38	T	TGTTC	ok	True
chr2	7151709	7151710	-	0.71875	mod_ratio	32	35	T	GGTCT	ok	True
chr2	7160445	7160446	-	0.383333	mod_ratio	120	132	T	GGTCT	ok	True
chr2	7160489	7160490	-	0.776786	mod_ratio	112	130	T	TGTTC	ok	True
chr2	7160786	7160787	-	0.40566	mod_ratio	106	117	T	AGTTT	ok	True
chr2	7160843	7160844	-	0.866667	mod_ratio	90	101	T	CGTTT	ok	False
chr2	7200871	7200872	+	0.452991	mod_ratio	351	428	A	AAACC	ok	True
chr2	7200957	7200958	+	0.313316	mod_ratio	383	437	A	AAACC	ok	True
chr2	7201157	7201158	+	0.20283	mod_ratio	424	475	A	AAACA	ok	True
chr2	7201189	7201190	+	0.559322	mod_ratio	59	481	A	TAACG	ok	False
chr2	7201507	7201508	+	0.498688	mod_ratio	381	510	A	AAACT	ok	True
chr2	7304313	7304314	-	0.931034	mod_ratio	29	36	T	TGTCT	ok	True
chr2	7304925	7304926	-	0.956522	mod_ratio	23	24	T	CGTCT	ok	False
chr2	7342135	7342136	+	0.789474	mod_ratio	38	39	A	AAACG	ok	False
chr2	7342857	7342858	-	0.666667	mod_ratio	39	46	T	TGTCT	ok	True
chr2	7344134	7344135	-	0.666667	mod_ratio	33	40	T	TGTCC	ok	True
chr2	7402988	7402989	+	1	mod_ratio	25	28	A	AGACC	ok	True
chr2	7482138	7482139	-	0.459016	mod_ratio	61	63	T	TGTCC	ok	True
chr2	7482368	7482369	-	0.360656	mod_ratio	61	62	T	GGTTC	ok	True
chr2	7483684	7483685	-	0.590909	mod_ratio	44	51	T	TGTCT	ok	True
chr2	7498824	7498825	+	0.241071	mod_ratio	112	136	A	AAACC	ok	True
chr2	7499025	7499026	+	0.44	mod_ratio	125	146	A	AAACA	ok	True
chr2	7509752	7509753	+	0.568182	mod_ratio	44	48	A	GAACT	ok	True
chr2	7541867	7541868	-	0.927536	mod_ratio	69	71	T	TGTCT	ok	True
chr2	7543562	7543563	-	0.578947	mod_ratio	38	49	T	CGTTT	ok	False
chr2	7546580	7546581	+	0.126697	mod_ratio	221	251	A	GAACT	ok	True
chr2	7547055	7547056	+	0.200637	mod_ratio	314	364	A	AAACT	ok	True
chr2	7547470	7547471	+	0.444099	mod_ratio	322	382	A	AAACA	ok	True
chr2	7547508	7547509	+	0.343137	mod_ratio	306	383	A	GGACG	ok	False
chr2	7547770	7547771	+	0.106452	mod_ratio	310	383	A	GAACA	ok	True
chr2	7547914	7547915	+	0.121469	mod_ratio	354	413	A	AAACA	ok	True
chr2	7547951	7547952	+	0.28169	mod_ratio	213	257	A	AAACA	ok	True
chr2	7547953	7547954	+	0.5	mod_ratio	152	413	A	ACACA	ok	False
chr2	7547970	7547971	+	0.560647	mod_ratio	371	427	A	AAACC	ok	True
chr2	7547996	7547997	+	0.103261	mod_ratio	368	422	A	GGACA	ok	True
chr2	7548116	7548117	+	0.373913	mod_ratio	345	430	A	AGACT	ok	True
chr2	7548172	7548173	+	0.174041	mod_ratio	339	436	A	GAACA	ok	True
chr2	7548176	7548177	+	0.153527	mod_ratio	241	427	A	AAACC	ok	True
chr2	7548222	7548223	+	0.361111	mod_ratio	72	414	A	AAAAC	ok	False
chr2	7548223	7548224	+	0.2749	mod_ratio	251	416	A	AAACT	ok	True
chr2	7548237	7548238	+	0.178161	mod_ratio	174	417	A	GGATT	ok	False
chr2	7548259	7548260	+	0.745223	mod_ratio	157	311	A	GGACC	ok	True
chr2	7548288	7548289	+	0.377119	mod_ratio	236	315	A	GAACT	ok	True
chr2	7554949	7554950	+	0.697674	mod_ratio	43	72	A	AAACT	ok	True
chr2	7556036	7556037	+	0.629032	mod_ratio	62	93	A	AAACC	ok	True
chr2	7556630	7556631	+	0.648936	mod_ratio	94	104	A	AAACC	ok	True
chr2	7556823	7556824	+	0.304348	mod_ratio	92	111	A	AGACT	ok	True
chr2	7556886	7556887	+	0.28125	mod_ratio	96	114	A	AGACC	ok	True
chr2	7557693	7557694	+	0.606838	mod_ratio	117	135	A	AAACA	ok	True
chr2	7557715	7557716	+	0.825	mod_ratio	80	108	A	AAACT	ok	True
chr2	7557718	7557719	+	0.793103	mod_ratio	29	130	A	CTACT	ok	False
chr2	7557729	7557730	+	0.545455	mod_ratio	110	135	A	GGACG	ok	False
chr2	7557870	7557871	+	0.734694	mod_ratio	49	133	A	GGATG	ok	False
chr2	7564790	7564791	+	0.247788	mod_ratio	113	134	A	AAACC	ok	True
chr2	7564865	7564866	+	0.872727	mod_ratio	55	132	A	AAACG	ok	False
chr2	7565134	7565135	+	0.192857	mod_ratio	140	149	A	GAACT	ok	True
chr2	7565171	7565172	+	0.776224	mod_ratio	143	150	A	GGACG	ok	False
chr2	7565343	7565344	+	0.865672	mod_ratio	134	162	A	AGACG	ok	False
chr2	7565383	7565384	+	0.528169	mod_ratio	142	162	A	AGACA	ok	True
chr2	7565396	7565397	+	0.374046	mod_ratio	131	160	A	AGACA	ok	True
chr2	7566320	7566321	+	0.288732	mod_ratio	142	169	A	AGACA	ok	True
chr2	7608465	7608466	+	0.742857	mod_ratio	35	41	A	GGACC	ok	True
chr2	7608924	7608925	+	0.675676	mod_ratio	37	46	A	GGACC	ok	True
chr2	7642772	7642773	-	0.514706	mod_ratio	68	87	T	AGTTT	ok	True
chr2	7684231	7684232	-	0.5	mod_ratio	58	66	T	TGTTT	ok	True
chr2	7684545	7684546	-	0.45283	mod_ratio	53	63	T	GGTTT	ok	True
chr2	7684785	7684786	-	0.632653	mod_ratio	49	60	T	AGTTT	ok	True
chr2	7699357	7699358	+	0.707317	mod_ratio	41	46	A	AAACA	ok	True
chr2	7821738	7821739	+	0.679245	mod_ratio	53	61	A	AAACT	ok	True
chr2	7821969	7821970	+	0.671875	mod_ratio	64	73	A	AAACA	ok	True
chr2	7822033	7822034	+	0.589286	mod_ratio	56	74	A	GGACC	ok	True
chr2	7822139	7822140	+	0.578125	mod_ratio	64	75	A	AAACA	ok	True
chr2	7837285	7837286	+	0.564103	mod_ratio	39	730	A	TGACG	ok	False
chr2	7837362	7837363	+	0.153846	mod_ratio	663	749	A	AAACA	ok	True
chr2	7837883	7837884	+	0.471989	mod_ratio	714	860	A	GGACA	ok	True
chr2	7837933	7837934	+	0.612245	mod_ratio	49	857	A	AAACG	ok	False
chr2	7838078	7838079	+	0.817784	mod_ratio	686	882	A	GGACA	ok	True
chr2	7838175	7838176	+	0.276035	mod_ratio	797	894	A	AAACT	ok	True
chr2	7838231	7838232	+	0.309829	mod_ratio	468	838	A	GAACC	ok	True
chr2	7838254	7838255	+	0.418605	mod_ratio	172	841	A	AGATT	ok	False
chr2	7838267	7838268	+	0.588679	mod_ratio	265	692	A	AAACC	ok	True
chr2	7842291	7842292	+	0.216216	mod_ratio	148	174	A	GAACA	ok	True
chr2	7842563	7842564	+	0.804598	mod_ratio	174	196	A	AAACG	ok	False
chr2	7843440	7843441	+	0.327485	mod_ratio	171	201	A	AAACC	ok	True
chr2	7843502	7843503	+	0.131868	mod_ratio	182	203	A	AGACA	ok	True
chr2	7843700	7843701	+	0.6	mod_ratio	55	174	A	AAACA	ok	True
chr2	7843717	7843718	+	0.888889	mod_ratio	153	203	A	AGACA	ok	True
chr2	7843768	7843769	+	0.880952	mod_ratio	42	155	A	AGACA	ok	True
chr2	7873376	7873377	+	0.771429	mod_ratio	70	75	A	AGACG	ok	False
chr2	7898145	7898146	-	0.564516	mod_ratio	62	73	T	AGTTT	ok	True
chr2	7898585	7898586	-	0.681818	mod_ratio	88	97	T	TGTTC	ok	True
chr2	7898606	7898607	-	0.797872	mod_ratio	94	99	T	CGTTT	ok	False
chr2	7898687	7898688	-	0.47191	mod_ratio	89	96	T	TGTTC	ok	True
chr2	7898735	7898736	-	0.301205	mod_ratio	83	97	T	AGTCC	ok	True
chr2	7898856	7898857	-	0.462963	mod_ratio	54	67	T	TGTTT	ok	True
chr2	7898863	7898864	-	0.424658	mod_ratio	73	83	T	TGTTT	ok	True
chr2	7898885	7898886	-	0.973333	mod_ratio	75	87	T	TGTCT	ok	True
chr2	7898905	7898906	-	0.333333	mod_ratio	66	84	T	AGTTT	ok	True
chr2	7899086	7899087	-	0.731343	mod_ratio	67	78	T	GGTCT	ok	True
chr2	7932096	7932097	-	0.730769	mod_ratio	52	58	T	TGTCT	ok	True
chr2	7932130	7932131	-	0.914894	mod_ratio	47	56	T	GGTTT	ok	True
chr2	7932852	7932853	-	0.613636	mod_ratio	44	49	T	AGTTC	ok	True
chr2	7946954	7946955	+	1	mod_ratio	24	29	A	AGACA	ok	True
chr2	7952879	7952880	-	0.711111	mod_ratio	45	83	T	GGTTT	ok	True
chr2	7953005	7953006	-	0.592105	mod_ratio	76	80	T	TGTTT	ok	True
chr2	7953198	7953199	-	0.932203	mod_ratio	59	77	T	CGTTT	ok	False
chr2	7953209	7953210	-	0.378788	mod_ratio	66	77	T	GGTTT	ok	True
chr2	7953242	7953243	-	0.758621	mod_ratio	58	75	T	GGTCT	ok	True
chr2	7953394	7953395	-	0.8	mod_ratio	55	59	T	TGTTT	ok	True
chr2	7953929	7953930	-	0.916667	mod_ratio	48	54	T	TGTCT	ok	True
chr2	7953977	7953978	-	0.893617	mod_ratio	47	52	T	TGTCT	ok	True
chr2	7989553	7989554	-	0.666667	mod_ratio	39	44	T	TGTCT	ok	True
chr2	8112147	8112148	-	0.706897	mod_ratio	58	73	T	AGTTT	ok	True
chr2	8112194	8112195	-	0.756757	mod_ratio	37	81	T	GGTTT	ok	True
chr2	8112389	8112390	-	0.540984	mod_ratio	61	73	T	TGTTC	ok	True
chr2	8112630	8112631	-	0.896552	mod_ratio	58	64	T	CGTTT	ok	False
chr2	8112652	8112653	-	0.409836	mod_ratio	61	78	T	CGTCC	ok	False
chr2	8113163	8113164	-	0.518519	mod_ratio	54	67	T	GGTTC	ok	True
chr2	8124722	8124723	+	0.451327	mod_ratio	113	120	A	AAACA	ok	True
chr2	8124888	8124889	+	0.46875	mod_ratio	64	99	A	AAACT	ok	True
chr2	8221813	8221814	+	0.842105	mod_ratio	38	50	A	AAACG	ok	False
chr2	8224247	8224248	+	1	mod_ratio	25	46	A	AAACG	ok	False
chr2	8224426	8224427	+	0.428571	mod_ratio	63	66	A	GGACG	ok	False
chr2	8225298	8225299	+	0.421053	mod_ratio	76	84	A	GAACA	ok	True
chr2	8226227	8226228	+	0.693878	mod_ratio	98	115	A	AGACC	ok	True
chr2	8226372	8226373	+	0.611111	mod_ratio	90	120	A	GGACA	ok	True
chr2	8226499	8226500	+	0.383838	mod_ratio	99	119	A	GAACG	ok	False
chr2	8226662	8226663	+	0.423913	mod_ratio	92	116	A	GGACA	ok	True
chr2	8226744	8226745	+	0.324324	mod_ratio	111	121	A	GGACA	ok	True
chr2	8226898	8226899	+	0.232143	mod_ratio	112	131	A	AGACC	ok	True
chr2	8227233	8227234	+	0.775862	mod_ratio	116	153	A	GGACA	ok	True
chr2	8227290	8227291	+	0.454545	mod_ratio	132	148	A	AAACA	ok	True
chr2	8227410	8227411	+	0.470588	mod_ratio	51	156	A	AAAAC	ok	False
chr2	8227411	8227412	+	0.450549	mod_ratio	91	115	A	AAACT	ok	True
chr2	8227494	8227495	+	0.5	mod_ratio	90	135	A	AAACA	ok	True
chr2	8233514	8233515	-	0.648649	mod_ratio	37	50	T	TGTCT	ok	True
chr2	8233757	8233758	-	0.777778	mod_ratio	36	40	T	CGTTT	ok	False
chr2	8233975	8233976	-	0.6875	mod_ratio	32	40	T	GGTCC	ok	True
chr2	8324762	8324763	+	0.766667	mod_ratio	30	33	A	AAACC	ok	True
chr2	8324829	8324830	+	0.823529	mod_ratio	34	38	A	AAACG	ok	False
chr2	8324931	8324932	+	1	mod_ratio	32	39	A	AAACG	ok	False
chr2	8370132	8370133	-	0.669173	mod_ratio	133	147	T	CGTCT	ok	False
chr2	8370187	8370188	-	0.37931	mod_ratio	116	144	T	GGTCC	ok	True
chr2	8370223	8370224	-	0.382353	mod_ratio	102	132	T	AGTTT	ok	True
chr2	8457860	8457861	+	0.75	mod_ratio	32	35	A	GGACA	ok	True
chr2	8457892	8457893	+	0.766667	mod_ratio	30	36	A	AAACA	ok	True
chr2	8462568	8462569	+	0.538462	mod_ratio	52	58	A	AGACA	ok	True
chr2	8462974	8462975	+	0.711538	mod_ratio	52	61	A	GGACA	ok	True
chr2	8463546	8463547	+	0.537313	mod_ratio	67	76	A	GAACA	ok	True
chr2	8463704	8463705	+	0.446429	mod_ratio	56	75	A	AGACT	ok	True
chr2	8502019	8502020	+	0.636364	mod_ratio	77	81	A	AAACA	ok	True
chr2	8502454	8502455	+	0.428571	mod_ratio	70	82	A	AAACA	ok	True
chr2	8502701	8502702	+	0.478261	mod_ratio	69	82	A	GAACT	ok	True
chr2	8502750	8502751	+	0.45283	mod_ratio	53	83	A	AAACA	ok	True
chr2	8502780	8502781	+	0.411765	mod_ratio	68	81	A	AAACA	ok	True
chr2	8511768	8511769	+	0.590654	mod_ratio	535	653	A	GGACA	ok	True
chr2	8511859	8511860	+	0.255814	mod_ratio	86	625	A	AGACT	ok	True
chr2	8512386	8512387	+	0.152066	mod_ratio	605	676	A	AGACT	ok	True
chr2	8512456	8512457	+	0.18802	mod_ratio	601	695	A	GAACA	ok	True
chr2	8512981	8512982	+	0.196429	mod_ratio	616	713	A	AAACA	ok	True
chr2	8513033	8513034	+	0.374468	mod_ratio	235	695	A	AGATT	ok	False
chr2	8513043	8513044	+	0.453027	mod_ratio	479	715	A	GAACA	ok	True
chr2	8513077	8513078	+	0.449102	mod_ratio	334	683	A	GAACC	ok	True
chr2	8513201	8513202	+	0.203947	mod_ratio	152	192	A	GAACT	ok	True
chr2	8514140	8514141	+	0.394161	mod_ratio	137	166	A	GGACG	ok	False
chr2	8514159	8514160	+	0.615385	mod_ratio	143	163	A	AAACT	ok	True
chr2	8514392	8514393	+	0.322148	mod_ratio	149	170	A	AGACG	ok	False
chr2	8514397	8514398	+	0.870229	mod_ratio	131	170	A	AAACG	ok	False
chr2	8514405	8514406	+	0.435484	mod_ratio	124	158	A	AGACT	ok	True
chr2	8514472	8514473	+	0.379747	mod_ratio	79	119	A	AGACA	ok	True
chr2	8515200	8515201	+	0.203125	mod_ratio	192	214	A	AGACA	ok	True
chr2	8515222	8515223	+	0.184549	mod_ratio	233	265	A	GGACA	ok	True
chr2	8515789	8515790	+	0.587234	mod_ratio	235	266	A	AAACT	ok	True
chr2	8515875	8515876	+	0.46789	mod_ratio	218	268	A	AAACT	ok	True
chr2	8515975	8515976	+	0.391304	mod_ratio	184	233	A	AGACT	ok	True
chr2	8515997	8515998	+	0.396396	mod_ratio	111	218	A	GAACC	ok	True
chr2	8516053	8516054	+	0.660714	mod_ratio	56	125	A	AAACC	ok	True
chr2	8516968	8516969	-	0.174312	mod_ratio	218	294	T	GGTTC	ok	True
chr2	8516992	8516993	-	0.464865	mod_ratio	185	279	T	TGTTT	ok	True
chr2	8517071	8517072	-	0.549784	mod_ratio	231	257	T	GGTTT	ok	True
chr2	8517079	8517080	-	0.193431	mod_ratio	274	296	T	AGTTC	ok	True
chr2	8517176	8517177	-	0.298246	mod_ratio	228	290	T	GGTTT	ok	True
chr2	8517403	8517404	-	0.234615	mod_ratio	260	286	T	AGTCC	ok	True
chr2	8517981	8517982	-	0.34375	mod_ratio	224	279	T	CGTCT	ok	False
chr2	8518111	8518112	-	0.210843	mod_ratio	166	214	T	AGTTT	ok	True
chr2	8528131	8528132	+	0.423077	mod_ratio	52	66	A	AGACA	ok	True
chr2	8528381	8528382	+	0.666667	mod_ratio	39	63	A	GGACA	ok	True
chr2	8557943	8557944	-	0.489796	mod_ratio	49	67	T	GTTTT	ok	False
chr2	8558423	8558424	-	0.857143	mod_ratio	77	82	T	TGTTT	ok	True
chr2	8558461	8558462	-	0.555556	mod_ratio	72	82	T	TGTCT	ok	True
chr2	8558481	8558482	-	0.5	mod_ratio	60	82	T	TGTTT	ok	True
chr2	8558803	8558804	-	0.412698	mod_ratio	63	70	T	TGTTC	ok	True
chr2	8558962	8558963	-	0.457143	mod_ratio	70	72	T	CGTTT	ok	False
chr2	8559327	8559328	-	0.818182	mod_ratio	66	73	T	TGTCT	ok	True
chr2	8559334	8559335	-	0.472727	mod_ratio	55	70	T	CGTTT	ok	False
chr2	8559356	8559357	-	0.416667	mod_ratio	60	72	T	TGTTT	ok	True
chr2	8613458	8613459	+	0.680851	mod_ratio	47	48	A	AAACC	ok	True
chr2	8615368	8615369	+	0.711111	mod_ratio	45	54	A	GGACA	ok	True
chr2	8615570	8615571	+	0.525424	mod_ratio	59	66	A	GGACA	ok	True
chr2	8615790	8615791	+	0.890909	mod_ratio	55	66	A	AGACG	ok	False
chr2	8615840	8615841	+	0.522727	mod_ratio	44	62	A	AGACA	ok	True
chr2	8660668	8660669	+	0.793103	mod_ratio	29	35	A	GGACC	ok	True
chr2	8694358	8694359	+	0.866667	mod_ratio	30	35	A	AGACC	ok	True
chr2	8726041	8726042	+	0.745098	mod_ratio	51	62	A	GGACC	ok	True
chr2	8727156	8727157	+	0.80303	mod_ratio	66	72	A	GGACC	ok	True
chr2	8727492	8727493	+	0.857143	mod_ratio	28	62	A	AAACA	ok	True
chr2	8727505	8727506	+	0.859375	mod_ratio	64	72	A	AAACA	ok	True
chr2	8737012	8737013	+	0.430333	mod_ratio	811	977	A	AAACC	ok	True
chr2	8737621	8737622	+	0.213443	mod_ratio	848	1068	A	GGACG	ok	False
chr2	8737664	8737665	+	0.466374	mod_ratio	684	1017	A	AAACC	ok	True
chr2	8737690	8737691	+	0.349669	mod_ratio	755	1039	A	AAACA	ok	True
chr2	8737695	8737696	+	0.403983	mod_ratio	703	988	A	AAACC	ok	True
chr2	8737982	8737983	-	0.625	mod_ratio	80	90	T	AGTTT	ok	True
chr2	8738455	8738456	-	0.7625	mod_ratio	80	103	T	TGTCC	ok	True
chr2	8739379	8739380	-	0.632653	mod_ratio	49	63	T	CGTTT	ok	False
chr2	8739577	8739578	-	0.555556	mod_ratio	72	90	T	CGTCC	ok	False
chr2	8786309	8786310	+	0.477612	mod_ratio	67	81	A	GGACT	ok	True
chr2	8786356	8786357	+	0.823529	mod_ratio	68	82	A	GGACA	ok	True
chr2	8787148	8787149	+	0.444444	mod_ratio	81	89	A	GGACA	ok	True
chr2	8787484	8787485	+	0.621951	mod_ratio	82	92	A	AGACA	ok	True
chr2	8787870	8787871	+	0.402174	mod_ratio	92	103	A	GAACG	ok	False
chr2	8788177	8788178	+	0.684783	mod_ratio	92	106	A	AGACC	ok	True
chr2	8789130	8789131	+	0.357798	mod_ratio	109	131	A	GGACT	ok	True
chr2	8789218	8789219	+	0.520325	mod_ratio	123	146	A	AAACG	ok	False
chr2	8789289	8789290	+	0.45283	mod_ratio	53	130	A	GGACA	ok	True
chr2	8789350	8789351	+	0.232143	mod_ratio	112	128	A	GAACT	ok	True
chr2	8789378	8789379	+	0.759259	mod_ratio	54	114	A	AAACT	ok	True
chr2	8796604	8796605	-	0.821429	mod_ratio	28	32	T	CGTCC	ok	False
chr2	8806093	8806094	+	0.383562	mod_ratio	73	79	A	GAACA	ok	True
chr2	8806134	8806135	+	0.941176	mod_ratio	68	82	A	AAACG	ok	False
chr2	8806270	8806271	+	0.461538	mod_ratio	78	87	A	GGACA	ok	True
chr2	8806475	8806476	+	0.381579	mod_ratio	76	89	A	GGACC	ok	True
chr2	8806917	8806918	+	0.425287	mod_ratio	87	99	A	AGACT	ok	True
chr2	8807270	8807271	+	0.369048	mod_ratio	84	100	A	GAACT	ok	True
chr2	8807362	8807363	+	0.282353	mod_ratio	85	102	A	GAACA	ok	True
chr2	8807527	8807528	+	0.333333	mod_ratio	96	111	A	GGACG	ok	False
chr2	8807794	8807795	+	0.375	mod_ratio	88	117	A	AAACT	ok	True
chr2	8807945	8807946	+	0.693878	mod_ratio	49	115	A	AAACA	ok	True
chr2	8814175	8814176	+	0.552	mod_ratio	125	150	A	AAACA	ok	True
chr2	8831785	8831786	+	0.184615	mod_ratio	130	149	A	AAACA	ok	True
chr2	8831885	8831886	+	0.158621	mod_ratio	145	167	A	AGACT	ok	True
chr2	8831890	8831891	+	0.889764	mod_ratio	127	168	A	AAACG	ok	False
chr2	8832703	8832704	+	0.92517	mod_ratio	147	175	A	AAACG	ok	False
chr2	8832808	8832809	+	0.285714	mod_ratio	84	172	A	GAACC	ok	True
chr2	8843395	8843396	+	0.692308	mod_ratio	52	60	A	GAACG	ok	False
chr2	8843803	8843804	+	0.68	mod_ratio	50	62	A	AAACC	ok	True
chr2	8843856	8843857	+	0.833333	mod_ratio	48	65	A	AGACC	ok	True
chr2	8843891	8843892	+	0.755556	mod_ratio	45	61	A	AGACA	ok	True
chr2	8848325	8848326	-	0.764706	mod_ratio	34	43	T	TGTCT	ok	True
chr2	8848745	8848746	-	0.764706	mod_ratio	34	40	T	GGTTT	ok	True
chr2	8855439	8855440	+	0.380952	mod_ratio	63	75	A	AAACC	ok	True
chr2	8856305	8856306	+	0.714286	mod_ratio	98	107	A	GGACA	ok	True
chr2	8856343	8856344	+	0.460674	mod_ratio	89	108	A	GAACA	ok	True
chr2	8856572	8856573	+	0.811111	mod_ratio	90	109	A	GGACA	ok	True
chr2	8856742	8856743	+	0.916667	mod_ratio	48	120	A	GGACA	ok	True
chr2	8856787	8856788	+	0.277778	mod_ratio	90	98	A	AAACA	ok	True
chr2	8857014	8857015	+	0.447619	mod_ratio	105	129	A	GGACG	ok	False
chr2	8857207	8857208	+	0.252101	mod_ratio	119	135	A	AAACC	ok	True
chr2	8857523	8857524	+	0.816514	mod_ratio	109	144	A	AAACG	ok	False
chr2	8857555	8857556	+	0.555556	mod_ratio	126	143	A	AAACA	ok	True
chr2	8878147	8878148	-	0.719298	mod_ratio	57	59	T	TGTTT	ok	True
chr2	8878176	8878177	-	0.69863	mod_ratio	73	84	T	AGTTT	ok	True
chr2	8878199	8878200	-	0.289474	mod_ratio	76	86	T	AGTTT	ok	True
chr2	8878652	8878653	-	0.689189	mod_ratio	74	82	T	GGTTT	ok	True
chr2	8878715	8878716	-	0.6	mod_ratio	65	76	T	TGTTT	ok	True
chr2	8878908	8878909	-	0.725806	mod_ratio	62	71	T	TGTTT	ok	True
chr2	8879021	8879022	-	0.588235	mod_ratio	68	72	T	GGTCT	ok	True
chr2	8879188	8879189	-	0.612903	mod_ratio	62	68	T	CGTCT	ok	False
chr2	8879578	8879579	-	0.847458	mod_ratio	59	63	T	CGTTT	ok	False
chr2	8879956	8879957	-	0.44	mod_ratio	50	60	T	CGTCT	ok	False
chr2	8880099	8880100	-	0.563636	mod_ratio	55	59	T	GGTCT	ok	True
chr2	8897751	8897752	-	0.891892	mod_ratio	37	51	T	CGTTT	ok	False
chr2	8897760	8897761	-	0.454545	mod_ratio	55	60	T	CGTCT	ok	False
chr2	8898552	8898553	-	0.478261	mod_ratio	46	52	T	AGTCC	ok	True
chr2	8898862	8898863	-	0.75	mod_ratio	36	43	T	GGTTT	ok	True
chr2	8911974	8911975	-	0.794355	mod_ratio	248	280	T	TGTCT	ok	True
chr2	8912016	8912017	-	0.636719	mod_ratio	256	289	T	CGTCC	ok	False
chr2	8912075	8912076	-	0.266932	mod_ratio	251	292	T	AGTTC	ok	True
chr2	8912220	8912221	-	0.447368	mod_ratio	304	326	T	AGTTC	ok	True
chr2	8912477	8912478	-	0.103571	mod_ratio	280	300	T	AGTCT	ok	True
chr2	8912989	8912990	-	0.280193	mod_ratio	207	246	T	TGTCT	ok	True
chr2	8913076	8913077	-	0.29703	mod_ratio	202	236	T	TGTTT	ok	True
chr2	8913100	8913101	-	0.844086	mod_ratio	186	236	T	TGTCT	ok	True
chr2	8913111	8913112	-	0.881081	mod_ratio	185	232	T	TGTCT	ok	True
chr2	8913126	8913127	-	0.52	mod_ratio	200	232	T	TGTCC	ok	True
chr2	8913268	8913269	-	0.192893	mod_ratio	197	213	T	TGTTC	ok	True
chr2	8913477	8913478	-	0.354167	mod_ratio	96	135	T	AGTTT	ok	True
chr2	8935363	8935364	-	0.916667	mod_ratio	24	27	T	CGTTC	ok	False
chr2	8937120	8937121	+	0.793103	mod_ratio	29	32	A	GGACC	ok	True
chr2	8943361	8943362	-	0.763636	mod_ratio	55	58	T	TGTTT	ok	True
chr2	8943577	8943578	-	0.772727	mod_ratio	44	49	T	TGTCT	ok	True
chr2	8943912	8943913	-	0.842105	mod_ratio	38	44	T	GGTCT	ok	True
chr2	8964853	8964854	+	0.290837	mod_ratio	251	298	A	GAACC	ok	True
chr2	8965201	8965202	+	0.15444	mod_ratio	259	303	A	AGACC	ok	True
chr2	8965358	8965359	+	0.695946	mod_ratio	148	222	A	AAACA	ok	True
chr2	8965362	8965363	+	0.253247	mod_ratio	154	214	A	AGACA	ok	True
chr2	8968643	8968644	-	0.92	mod_ratio	25	28	T	CGTTT	ok	False
chr2	8979830	8979831	+	0.282353	mod_ratio	85	92	A	GAACC	ok	True
chr2	8979841	8979842	+	0.590909	mod_ratio	88	92	A	AAACC	ok	True
chr2	8979992	8979993	+	0.296296	mod_ratio	81	96	A	AAACT	ok	True
chr2	8979998	8979999	+	0.308642	mod_ratio	81	96	A	GAACC	ok	True
chr2	8980277	8980278	+	0.326733	mod_ratio	101	109	A	AAACT	ok	True
chr2	8980483	8980484	+	0.909091	mod_ratio	88	117	A	AGACA	ok	True
chr2	8980594	8980595	+	0.256637	mod_ratio	113	120	A	AGACT	ok	True
chr2	8980621	8980622	+	0.471154	mod_ratio	104	120	A	AGACC	ok	True
chr2	8980642	8980643	+	0.481481	mod_ratio	108	121	A	AGACA	ok	True
chr2	8980710	8980711	+	0.618182	mod_ratio	110	124	A	AAACG	ok	False
chr2	8987728	8987729	+	0.60199	mod_ratio	201	242	A	AAACA	ok	True
chr2	8987834	8987835	+	0.632302	mod_ratio	291	330	A	GGACA	ok	True
chr2	8988287	8988288	+	0.149533	mod_ratio	321	362	A	AGACC	ok	True
chr2	8988540	8988541	+	0.155367	mod_ratio	354	387	A	GGACA	ok	True
chr2	8988651	8988652	+	0.657407	mod_ratio	324	407	A	GGACA	ok	True
chr2	8988867	8988868	+	0.187661	mod_ratio	389	423	A	GGACC	ok	True
chr2	8989119	8989120	+	0.458791	mod_ratio	364	425	A	AAACA	ok	True
chr2	8989172	8989173	+	0.781421	mod_ratio	366	428	A	GAACG	ok	False
chr2	8989238	8989239	+	0.251497	mod_ratio	334	415	A	GAACA	ok	True
chr2	8989261	8989262	+	0.128378	mod_ratio	296	403	A	GAACA	ok	True
chr2	8989270	8989271	+	0.595808	mod_ratio	334	381	A	AGACG	ok	False
chr2	9000756	9000757	-	0.5	mod_ratio	54	66	T	AGTTT	ok	True
chr2	9000793	9000794	-	0.425926	mod_ratio	54	67	T	AGTTC	ok	True
chr2	9001306	9001307	-	0.566667	mod_ratio	60	71	T	CGTTC	ok	False
chr2	9002413	9002414	-	0.861111	mod_ratio	36	44	T	TGTTT	ok	True
chr2	9014814	9014815	+	0.918919	mod_ratio	74	88	A	AAACG	ok	False
chr2	9015413	9015414	+	0.350649	mod_ratio	77	90	A	AAACA	ok	True
chr2	9015864	9015865	+	0.35	mod_ratio	80	94	A	GAACC	ok	True
chr2	9016272	9016273	+	0.27381	mod_ratio	84	95	A	GGACT	ok	True
chr2	9016686	9016687	+	0.582418	mod_ratio	91	99	A	AGACC	ok	True
chr2	9016952	9016953	+	0.280488	mod_ratio	82	93	A	AAACA	ok	True
chr2	9017207	9017208	+	0.557522	mod_ratio	113	122	A	GAACT	ok	True
chr2	9017224	9017225	+	0.271845	mod_ratio	103	124	A	GGACG	ok	False
chr2	9017279	9017280	+	0.198198	mod_ratio	111	132	A	GAACT	ok	True
chr2	9017331	9017332	+	0.613861	mod_ratio	101	134	A	AAACG	ok	False
chr2	9017500	9017501	+	0.171642	mod_ratio	134	143	A	AGACC	ok	True
chr2	9017884	9017885	+	0.678832	mod_ratio	137	152	A	AAACT	ok	True
chr2	9017924	9017925	+	0.580645	mod_ratio	62	128	A	AAACC	ok	True
chr2	9028070	9028071	+	0.666667	mod_ratio	72	82	A	AGACC	ok	True
chr2	9028276	9028277	+	0.72	mod_ratio	75	88	A	AAACA	ok	True
chr2	9028749	9028750	+	0.431034	mod_ratio	58	95	A	GGACA	ok	True
chr2	9028753	9028754	+	0.518072	mod_ratio	83	96	A	AAACC	ok	True
chr2	9028818	9028819	+	0.439024	mod_ratio	82	98	A	AAACT	ok	True
chr2	9028959	9028960	+	0.655738	mod_ratio	61	86	A	AAACA	ok	True
chr2	9069099	9069100	+	0.580838	mod_ratio	167	186	A	AAACA	ok	True
chr2	9069788	9069789	+	0.28655	mod_ratio	171	203	A	GAACC	ok	True
chr2	9070241	9070242	+	0.208092	mod_ratio	173	224	A	AGACT	ok	True
chr2	9070310	9070311	+	0.839572	mod_ratio	187	230	A	AAACG	ok	False
chr2	9070346	9070347	+	0.76378	mod_ratio	127	215	A	AGACA	ok	True
chr2	9070385	9070386	+	0.435233	mod_ratio	193	218	A	AAACA	ok	True
chr2	9070931	9070932	-	0.591837	mod_ratio	245	292	T	AGTTC	ok	True
chr2	9071005	9071006	-	0.416667	mod_ratio	360	415	T	TGTTC	ok	True
chr2	9071356	9071357	-	0.944444	mod_ratio	180	254	T	CGTTT	ok	False
chr2	9071357	9071358	-	0.976	mod_ratio	125	394	T	GTTTT	ok	False
chr2	9071452	9071453	-	0.25779	mod_ratio	353	379	T	AGTTC	ok	True
chr2	9071493	9071494	-	0.543919	mod_ratio	296	367	T	TGTCC	ok	True
chr2	9071641	9071642	-	0.116838	mod_ratio	291	366	T	CGTCT	ok	False
chr2	9071855	9071856	-	0.403846	mod_ratio	312	345	T	CGTTC	ok	False
chr2	9071903	9071904	-	0.472325	mod_ratio	271	333	T	TGTTC	ok	True
chr2	9072111	9072112	-	0.119601	mod_ratio	301	323	T	AGTTC	ok	True
chr2	9072377	9072378	-	0.10219	mod_ratio	274	310	T	AGTCC	ok	True
chr2	9073115	9073116	-	0.135294	mod_ratio	170	269	T	GGTTT	ok	True
chr2	9076466	9076467	-	0.468085	mod_ratio	47	59	T	CGTTC	ok	False
chr2	9076663	9076664	-	0.755102	mod_ratio	49	63	T	CGTTT	ok	False
chr2	9083498	9083499	+	0.71875	mod_ratio	32	42	A	AGACA	ok	True
chr2	9085438	9085439	-	0.753731	mod_ratio	134	148	T	TGTTT	ok	True
chr2	9085489	9085490	-	0.594203	mod_ratio	138	152	T	AGTTT	ok	True
chr2	9085738	9085739	-	0.335938	mod_ratio	128	141	T	TGTTT	ok	True
chr2	9085850	9085851	-	0.354167	mod_ratio	96	129	T	AGTCT	ok	True
chr2	9101540	9101541	-	0.846154	mod_ratio	26	28	T	TGTCC	ok	True
chr2	9104109	9104110	-	0.888889	mod_ratio	27	31	T	TGTCC	ok	True
chr2	9104563	9104564	-	0.857143	mod_ratio	28	31	T	GGTCT	ok	True
chr2	9109010	9109011	+	0.731707	mod_ratio	41	46	A	AAACT	ok	True
chr2	9109380	9109381	+	0.647059	mod_ratio	34	47	A	AAACA	ok	True
chr2	9111454	9111455	-	0.708333	mod_ratio	48	57	T	TGTCT	ok	True
chr2	9127267	9127268	+	0.682927	mod_ratio	41	50	A	AGACA	ok	True
chr2	9128177	9128178	-	0.268421	mod_ratio	190	222	T	AGTTT	ok	True
chr2	9128297	9128298	-	0.14786	mod_ratio	1028	1273	T	AGTCT	ok	True
chr2	9128377	9128378	-	0.425087	mod_ratio	287	2324	T	TTTTT	ok	False
chr2	9128383	9128384	-	0.106264	mod_ratio	894	1305	T	AGTTT	ok	True
chr2	9128384	9128385	-	0.313358	mod_ratio	801	2245	T	GTTTT	ok	False
chr2	9128530	9128531	-	0.230478	mod_ratio	2113	2305	T	TGTCC	ok	True
chr2	9128548	9128549	-	0.134409	mod_ratio	186	2239	T	CGTTC	ok	False
chr2	9128584	9128585	-	0.116438	mod_ratio	2044	2260	T	TGTTC	ok	True
chr2	9128626	9128627	-	0.165027	mod_ratio	1830	2230	T	GGTTC	ok	True
chr2	9128647	9128648	-	0.317273	mod_ratio	1951	2207	T	CGTTC	ok	False
chr2	9128653	9128654	-	0.290839	mod_ratio	2063	2221	T	AGTTC	ok	True
chr2	9128679	9128680	-	0.761194	mod_ratio	67	2179	T	TGTCC	ok	True
chr2	9128924	9128925	-	0.126121	mod_ratio	1895	2074	T	TGTTC	ok	True
chr2	9128979	9128980	-	0.147327	mod_ratio	1758	2016	T	TGTCC	ok	True
chr2	9129002	9129003	-	0.469859	mod_ratio	1775	2015	T	CGTCC	ok	False
chr2	9129044	9129045	-	0.433223	mod_ratio	1505	1905	T	TGTCC	ok	True
chr2	9129195	9129196	-	0.284818	mod_ratio	1594	1911	T	GGTCC	ok	True
chr2	9129739	9129740	-	0.406542	mod_ratio	1284	1733	T	TGTCC	ok	True
chr2	9129768	9129769	-	0.202277	mod_ratio	1493	1713	T	CGTCC	ok	False
chr2	9129886	9129887	-	0.394872	mod_ratio	195	1638	T	GTTTT	ok	False
chr2	9129978	9129979	-	0.446281	mod_ratio	242	1616	T	GTTTT	ok	False
chr2	9150193	9150194	+	0.92	mod_ratio	50	57	A	AGACA	ok	True
chr2	9150690	9150691	+	0.603448	mod_ratio	58	63	A	AGACC	ok	True
chr2	9151092	9151093	+	0.626866	mod_ratio	67	71	A	AAACC	ok	True
chr2	9151506	9151507	+	0.469697	mod_ratio	66	71	A	GAACT	ok	True
chr2	9219640	9219641	+	0.388889	mod_ratio	90	102	A	AAACC	ok	True
chr2	9219910	9219911	+	0.306122	mod_ratio	98	108	A	GGACG	ok	False
chr2	9220206	9220207	+	0.242105	mod_ratio	95	108	A	GAACA	ok	True
chr2	9220237	9220238	+	0.436782	mod_ratio	87	110	A	AAACG	ok	False
chr2	9237588	9237589	+	0.157754	mod_ratio	374	413	A	GAACT	ok	True
chr2	9237632	9237633	+	0.219388	mod_ratio	196	388	A	GAACC	ok	True
chr2	9244294	9244295	+	0.526316	mod_ratio	57	69	A	AGACG	ok	False
chr2	9244643	9244644	+	0.603448	mod_ratio	58	69	A	GAACG	ok	False
chr2	9244805	9244806	+	0.755556	mod_ratio	45	58	A	AAACA	ok	True
chr2	9249114	9249115	+	0.491803	mod_ratio	61	81	A	AGACG	ok	False
chr2	9318563	9318564	-	0.666667	mod_ratio	39	44	T	TGTCC	ok	True
chr2	9318851	9318852	-	0.848485	mod_ratio	33	39	T	TGTCC	ok	True
chr2	9319235	9319236	-	0.714286	mod_ratio	35	38	T	GGTCT	ok	True
chr2	9320272	9320273	-	0.603077	mod_ratio	325	418	T	CGTTT	ok	False
chr2	9320278	9320279	-	0.825688	mod_ratio	327	406	T	TGTCT	ok	True
chr2	9320438	9320439	-	0.491803	mod_ratio	305	382	T	TGTTT	ok	True
chr2	9320474	9320475	-	0.32398	mod_ratio	392	441	T	TGTCT	ok	True
chr2	9320489	9320490	-	0.258856	mod_ratio	367	439	T	CGTCC	ok	False
chr2	9321324	9321325	-	0.316265	mod_ratio	332	367	T	TGTCT	ok	True
chr2	9321350	9321351	-	0.42	mod_ratio	300	359	T	TGTTT	ok	True
chr2	9321610	9321611	-	0.802632	mod_ratio	228	246	T	TGTTT	ok	True
chr2	9356350	9356351	+	0.511628	mod_ratio	86	92	A	AGACA	ok	True
chr2	9356396	9356397	+	0.43038	mod_ratio	79	90	A	AAACT	ok	True
chr2	9356708	9356709	+	0.395604	mod_ratio	91	95	A	AAACA	ok	True
chr2	9356937	9356938	+	0.345238	mod_ratio	84	94	A	AAACC	ok	True
chr2	9356946	9356947	+	0.84	mod_ratio	75	92	A	AGACA	ok	True
chr2	9357232	9357233	-	0.100313	mod_ratio	319	356	T	AGTCC	ok	True
chr2	9357295	9357296	-	0.488889	mod_ratio	315	362	T	CGTCC	ok	False
chr2	9357305	9357306	-	0.415335	mod_ratio	313	355	T	TGTTC	ok	True
chr2	9357397	9357398	-	0.217857	mod_ratio	280	348	T	AGTTT	ok	True
chr2	9357558	9357559	-	0.239726	mod_ratio	292	335	T	GGTTT	ok	True
chr2	9357606	9357607	-	0.665354	mod_ratio	254	328	T	CGTCT	ok	False
chr2	9357665	9357666	-	0.363636	mod_ratio	297	323	T	CGTCC	ok	False
chr2	9357796	9357797	-	0.415638	mod_ratio	243	308	T	GGTTC	ok	True
chr2	9427333	9427334	-	0.56	mod_ratio	175	204	T	GGTCC	ok	True
chr2	9427361	9427362	-	0.233333	mod_ratio	150	197	T	GGTTT	ok	True
chr2	9427446	9427447	-	0.204082	mod_ratio	147	197	T	GGTTC	ok	True
chr2	9450605	9450606	+	0.704545	mod_ratio	44	49	A	GAACG	ok	False
chr2	9451499	9451500	+	0.641026	mod_ratio	39	54	A	AGACA	ok	True
chr2	9451504	9451505	+	0.738095	mod_ratio	42	51	A	AGACA	ok	True
chr2	9451640	9451641	-	0.45	mod_ratio	80	100	T	AGTTT	ok	True
chr2	9452007	9452008	-	0.2	mod_ratio	120	138	T	TGTTC	ok	True
chr2	9452201	9452202	-	0.244898	mod_ratio	98	128	T	AGTTC	ok	True
chr2	9452929	9452930	-	0.67033	mod_ratio	91	101	T	CGTCC	ok	False
chr2	9453261	9453262	-	0.740741	mod_ratio	81	88	T	GGTCT	ok	True
chr2	9453775	9453776	-	0.773585	mod_ratio	53	61	T	TGTTT	ok	True
chr2	9490384	9490385	+	0.846154	mod_ratio	26	28	A	AAACG	ok	False
chr2	9499990	9499991	+	0.767442	mod_ratio	43	51	A	GGACG	ok	False
chr2	9500008	9500009	+	0.511111	mod_ratio	45	51	A	AAACG	ok	False
chr2	9500149	9500150	+	0.627907	mod_ratio	43	56	A	AAACG	ok	False
chr2	9500154	9500155	+	0.693878	mod_ratio	49	56	A	AGACG	ok	False
chr2	9500240	9500241	+	0.6	mod_ratio	50	57	A	GGACA	ok	True
chr2	9500267	9500268	+	0.708333	mod_ratio	48	55	A	GGACA	ok	True
chr2	9515098	9515099	+	0.381579	mod_ratio	76	87	A	AAACT	ok	True
chr2	9515183	9515184	+	0.2875	mod_ratio	80	87	A	GGACG	ok	False
chr2	9515308	9515309	+	0.490566	mod_ratio	53	88	A	AAACC	ok	True
chr2	9526689	9526690	-	0.929825	mod_ratio	114	130	T	TGTCT	ok	True
chr2	9526790	9526791	-	0.218182	mod_ratio	110	123	T	TGTTC	ok	True
chr2	9527151	9527152	-	0.463768	mod_ratio	69	91	T	GGTTT	ok	True
chr2	9527182	9527183	-	0.857143	mod_ratio	70	88	T	TGTTT	ok	True
chr2	9538816	9538817	-	0.723404	mod_ratio	47	59	T	TGTCT	ok	True
chr2	9538839	9538840	-	0.73913	mod_ratio	46	53	T	TGTTT	ok	True
chr2	9580484	9580485	+	0.923077	mod_ratio	26	39	A	AAACG	ok	False
chr2	9582120	9582121	+	0.681818	mod_ratio	44	53	A	AAACT	ok	True
chr2	9637110	9637111	+	0.205882	mod_ratio	136	158	A	AAACA	ok	True
chr2	9637197	9637198	+	0.316901	mod_ratio	142	164	A	GAACG	ok	False
chr2	9637293	9637294	+	0.190476	mod_ratio	147	168	A	GAACT	ok	True
chr2	9637509	9637510	+	0.478528	mod_ratio	163	178	A	AGACC	ok	True
chr2	9637604	9637605	+	0.153374	mod_ratio	163	182	A	GAACA	ok	True
chr2	9638098	9638099	+	0.388889	mod_ratio	180	200	A	AAACT	ok	True
chr2	9638287	9638288	+	0.630435	mod_ratio	184	204	A	AAACA	ok	True
chr2	9638298	9638299	+	0.45509	mod_ratio	167	203	A	AAACT	ok	True
chr2	9638460	9638461	+	0.796178	mod_ratio	157	208	A	AAACG	ok	False
chr2	9638475	9638476	+	0.429379	mod_ratio	177	203	A	AGACA	ok	True
chr2	9638537	9638538	+	0.43956	mod_ratio	91	197	A	AAACT	ok	True
chr2	9638571	9638572	+	0.354167	mod_ratio	144	202	A	AGACT	ok	True
chr2	9638578	9638579	+	0.297297	mod_ratio	111	203	A	GGATT	ok	False
chr2	9638607	9638608	+	0.507692	mod_ratio	130	180	A	AAACA	ok	True
chr2	9689973	9689974	-	0.45283	mod_ratio	53	61	T	TGTTT	ok	True
chr2	9690180	9690181	-	0.583333	mod_ratio	60	66	T	CGTTC	ok	False
chr2	9690188	9690189	-	0.849057	mod_ratio	53	66	T	GGTCC	ok	True
chr2	9690671	9690672	-	0.914286	mod_ratio	35	42	T	CGTTT	ok	False
chr2	9690727	9690728	-	0.510204	mod_ratio	49	54	T	GGTTT	ok	True
chr2	9691657	9691658	-	0.697674	mod_ratio	43	46	T	TGTCC	ok	True
chr2	9786376	9786377	+	0.585366	mod_ratio	41	64	A	AGACA	ok	True
chr2	9786499	9786500	+	0.240642	mod_ratio	187	209	A	GAACT	ok	True
chr2	9786506	9786507	+	0.394118	mod_ratio	170	208	A	AAACC	ok	True
chr2	9787127	9787128	+	0.115702	mod_ratio	242	282	A	AAACT	ok	True
chr2	9787142	9787143	+	0.254902	mod_ratio	255	286	A	AAACT	ok	True
chr2	9787810	9787811	+	0.135417	mod_ratio	288	323	A	GGACT	ok	True
chr2	9787817	9787818	+	0.257525	mod_ratio	299	322	A	GAACA	ok	True
chr2	9787822	9787823	+	0.102128	mod_ratio	235	301	A	AAACT	ok	True
chr2	9788374	9788375	+	0.29148	mod_ratio	223	335	A	AAACT	ok	True
chr2	9789575	9789576	+	0.19837	mod_ratio	368	402	A	AAACA	ok	True
chr2	9789870	9789871	+	0.329268	mod_ratio	328	424	A	AGACC	ok	True
chr2	9789875	9789876	+	0.924198	mod_ratio	343	420	A	AAACG	ok	False
chr2	9790116	9790117	+	0.323529	mod_ratio	68	127	A	GGACT	ok	True
chr2	9793890	9793891	+	0.32381	mod_ratio	105	118	A	AAACT	ok	True
chr2	9795411	9795412	+	0.292683	mod_ratio	123	140	A	AAACG	ok	False
chr2	9795691	9795692	+	0.956522	mod_ratio	115	140	A	AAACG	ok	False
chr2	9824688	9824689	-	0.78125	mod_ratio	64	81	T	GGTCC	ok	True
chr2	9824709	9824710	-	0.614286	mod_ratio	70	81	T	TGTTT	ok	True
chr2	9825088	9825089	-	0.491803	mod_ratio	61	77	T	GGTCT	ok	True
chr2	9825106	9825107	-	0.522388	mod_ratio	67	74	T	AGTCC	ok	True
chr2	9825458	9825459	-	0.719298	mod_ratio	57	67	T	GGTTT	ok	True
chr2	9825817	9825818	-	0.811321	mod_ratio	53	67	T	CGTCT	ok	False
chr2	9826535	9826536	-	0.625	mod_ratio	48	59	T	GGTCT	ok	True
chr2	9826731	9826732	-	0.702128	mod_ratio	47	50	T	TGTCC	ok	True
chr2	9829489	9829490	-	0.183333	mod_ratio	180	484	T	GGTTC	ok	True
chr2	9830227	9830228	-	0.510204	mod_ratio	196	330	T	AGTTT	ok	True
chr2	9830228	9830229	-	0.510309	mod_ratio	194	515	T	GTTTT	ok	False
chr2	9830229	9830230	-	0.58	mod_ratio	50	579	T	TTTTT	ok	False
chr2	9842080	9842081	+	0.446281	mod_ratio	242	318	A	AAACT	ok	True
chr2	9842089	9842090	+	0.406375	mod_ratio	251	297	A	AAACA	ok	True
chr2	9842365	9842366	+	0.5	mod_ratio	346	386	A	AGACT	ok	True
chr2	9842378	9842379	+	0.114198	mod_ratio	324	391	A	GAACG	ok	False
chr2	9842406	9842407	+	0.31085	mod_ratio	341	393	A	AAACC	ok	True
chr2	9925287	9925288	+	0.741935	mod_ratio	31	37	A	AGACG	ok	False
chr2	9925339	9925340	+	0.71875	mod_ratio	32	36	A	AAACG	ok	False
chr2	9925457	9925458	+	0.888889	mod_ratio	36	42	A	AGACA	ok	True
chr2	9925498	9925499	+	0.806452	mod_ratio	31	42	A	AAACG	ok	False
chr2	9926221	9926222	+	0.868421	mod_ratio	38	46	A	AAACT	ok	True
chr2	9944124	9944125	+	0.6	mod_ratio	40	45	A	GGACC	ok	True
chr2	9945037	9945038	+	0.490196	mod_ratio	51	60	A	AGACC	ok	True
chr2	9945103	9945104	+	0.673077	mod_ratio	52	61	A	GGACA	ok	True
chr2	9945127	9945128	+	0.553191	mod_ratio	47	60	A	GGACC	ok	True
chr2	9945372	9945373	+	0.403226	mod_ratio	62	66	A	GGACC	ok	True
chr2	9945870	9945871	+	0.626866	mod_ratio	67	73	A	AGACC	ok	True
chr2	9945946	9945947	+	0.47619	mod_ratio	63	76	A	AAACG	ok	False
chr2	9946140	9946141	+	0.58209	mod_ratio	67	68	A	AGACT	ok	True
chr2	9960609	9960610	-	0.55	mod_ratio	40	44	T	AGTCT	ok	True
chr2	9960796	9960797	-	0.933333	mod_ratio	30	34	T	TGTTT	ok	True
chr2	9961644	9961645	-	0.939394	mod_ratio	33	35	T	CGTCT	ok	False
chr2	9974695	9974696	+	0.8	mod_ratio	40	46	A	AAACA	ok	True
chr2	9974880	9974881	+	0.970588	mod_ratio	34	49	A	AAACG	ok	False
chr2	9998823	9998824	+	0.923077	mod_ratio	26	27	A	AAACA	ok	True
chr2	10042281	10042282	-	0.850575	mod_ratio	87	111	T	CGTTT	ok	False
chr2	10043519	10043520	-	0.402174	mod_ratio	92	108	T	GGTCT	ok	True
chr2	10044839	10044840	-	0.805556	mod_ratio	36	51	T	GGTCC	ok	True
chr2	10044872	10044873	-	0.6	mod_ratio	45	50	T	GGTTT	ok	True
chr2	10063214	10063215	-	0.385475	mod_ratio	179	256	T	GGTTT	ok	True
chr2	10063327	10063328	-	0.812709	mod_ratio	299	366	T	GGTCC	ok	True
chr2	10063512	10063513	-	0.51735	mod_ratio	317	352	T	CGTCT	ok	False
chr2	10063564	10063565	-	0.275093	mod_ratio	269	314	T	AGTTT	ok	True
chr2	10063702	10063703	-	0.326271	mod_ratio	236	277	T	GGTTT	ok	True
chr2	10063740	10063741	-	0.174274	mod_ratio	241	280	T	GGTTC	ok	True
chr2	10135762	10135763	-	0.637681	mod_ratio	69	85	T	GGTCT	ok	True
chr2	10135835	10135836	-	0.805195	mod_ratio	77	89	T	TGTCC	ok	True
chr2	10136063	10136064	-	0.527027	mod_ratio	74	85	T	TGTCC	ok	True
chr2	10136980	10136981	-	0.418919	mod_ratio	74	77	T	CGTTT	ok	False
chr2	10137220	10137221	-	0.5	mod_ratio	60	70	T	GGTTT	ok	True
chr2	10137224	10137225	-	0.868852	mod_ratio	61	70	T	TGTCT	ok	True
chr2	10142612	10142613	+	0.675676	mod_ratio	37	40	A	AGACT	ok	True
chr2	10182792	10182793	+	0.245059	mod_ratio	253	278	A	GAACT	ok	True
chr2	10182864	10182865	+	0.4	mod_ratio	210	281	A	AAACC	ok	True
chr2	10183004	10183005	+	0.314516	mod_ratio	248	290	A	GAACC	ok	True
chr2	10183137	10183138	+	0.674419	mod_ratio	43	277	A	ATACT	ok	False
chr2	10183169	10183170	+	0.297872	mod_ratio	188	271	A	GAACC	ok	True
chr2	10217732	10217733	-	0.572727	mod_ratio	110	158	T	AGTTT	ok	True
chr2	10217753	10217754	-	0.789474	mod_ratio	38	189	T	AATTC	ok	False
chr2	10218057	10218058	-	0.789474	mod_ratio	152	196	T	CGTCC	ok	False
chr2	10218089	10218090	-	0.40678	mod_ratio	59	70	T	AGTTT	ok	True
chr2	10218191	10218192	-	0.217647	mod_ratio	170	188	T	AGTTC	ok	True
chr2	10229512	10229513	+	0.878049	mod_ratio	41	43	A	AAACA	ok	True
chr2	10230525	10230526	+	0.638298	mod_ratio	47	54	A	GAACA	ok	True
chr2	10231006	10231007	+	0.448276	mod_ratio	58	62	A	AGACG	ok	False
chr2	10231202	10231203	+	0.380952	mod_ratio	63	67	A	AAACA	ok	True
chr2	10231230	10231231	+	0.473684	mod_ratio	57	67	A	GAACC	ok	True
chr2	10242031	10242032	+	0.366995	mod_ratio	406	471	A	AAACC	ok	True
chr2	10265949	10265950	-	0.55	mod_ratio	40	48	T	GGTCT	ok	True
chr2	10267110	10267111	-	0.83871	mod_ratio	31	42	T	CGTCC	ok	False
chr2	10283291	10283292	+	0.961538	mod_ratio	26	30	A	GGACG	ok	False
chr2	10287010	10287011	-	0.622951	mod_ratio	122	143	T	GGTTT	ok	True
chr2	10287072	10287073	-	0.272727	mod_ratio	121	143	T	GGTCC	ok	True
chr2	10287092	10287093	-	0.35	mod_ratio	120	142	T	CGTTC	ok	False
chr2	10287252	10287253	-	0.858333	mod_ratio	120	130	T	TGTTT	ok	True
chr2	10287866	10287867	-	0.568182	mod_ratio	88	116	T	CGTTT	ok	False
chr2	10287892	10287893	-	0.638889	mod_ratio	108	116	T	GGTCT	ok	True
chr2	10287903	10287904	-	0.428571	mod_ratio	91	117	T	GGTTC	ok	True
chr2	10288293	10288294	-	0.692308	mod_ratio	104	111	T	GGTCT	ok	True
chr2	10288315	10288316	-	0.456522	mod_ratio	92	108	T	GGTTT	ok	True
chr2	10288409	10288410	-	0.428571	mod_ratio	98	107	T	CGTTC	ok	False
chr2	10288680	10288681	-	0.434783	mod_ratio	92	98	T	AGTTC	ok	True
chr2	10288717	10288718	-	0.380435	mod_ratio	92	96	T	GGTTT	ok	True
chr2	10289016	10289017	-	0.8375	mod_ratio	80	91	T	TGTCC	ok	True
chr2	10327093	10327094	-	0.621622	mod_ratio	37	43	T	AGTTT	ok	True
chr2	10327260	10327261	-	0.229358	mod_ratio	109	450	T	AATCC	ok	False
chr2	10327427	10327428	-	0.107579	mod_ratio	409	479	T	TGTCC	ok	True
chr2	10327534	10327535	-	0.138381	mod_ratio	383	466	T	GGTCC	ok	True
chr2	10327539	10327540	-	0.313253	mod_ratio	83	475	T	GGTCC	ok	True
chr2	10327802	10327803	-	0.101235	mod_ratio	405	457	T	GGTTC	ok	True
chr2	10327824	10327825	-	0.109181	mod_ratio	403	454	T	TGTCC	ok	True
chr2	10327829	10327830	-	0.668675	mod_ratio	332	453	T	GGTCT	ok	True
chr2	10327991	10327992	-	0.584615	mod_ratio	260	414	T	GGTCC	ok	True
chr2	10328003	10328004	-	0.565749	mod_ratio	327	354	T	AGTTT	ok	True
chr2	10328269	10328270	-	0.347181	mod_ratio	337	380	T	AGTTC	ok	True
chr2	10328635	10328636	-	0.265993	mod_ratio	297	329	T	GGTTT	ok	True
chr2	10329081	10329082	-	0.130742	mod_ratio	283	315	T	GGTTT	ok	True
chr2	10329127	10329128	-	0.127208	mod_ratio	283	315	T	TGTCC	ok	True
chr2	10329216	10329217	-	0.384892	mod_ratio	278	312	T	AGTTC	ok	True
chr2	10329591	10329592	-	0.340336	mod_ratio	238	288	T	AGTCC	ok	True
chr2	10329674	10329675	-	0.636986	mod_ratio	146	163	T	TGTTT	ok	True
chr2	10329734	10329735	-	0.333333	mod_ratio	90	161	T	TGTCT	ok	True
chr2	10334280	10334281	+	0.756757	mod_ratio	37	40	A	AAACC	ok	True
chr2	10334548	10334549	+	0.571429	mod_ratio	49	56	A	AGACC	ok	True
chr2	10334808	10334809	+	0.979592	mod_ratio	49	59	A	AGACA	ok	True
chr2	10335129	10335130	+	0.589286	mod_ratio	56	61	A	AGACA	ok	True
chr2	10335145	10335146	+	0.636364	mod_ratio	55	62	A	AAACT	ok	True
chr2	10336074	10336075	+	0.42029	mod_ratio	69	80	A	GAACA	ok	True
chr2	10336936	10336937	+	0.421053	mod_ratio	76	91	A	AAACA	ok	True
chr2	10336974	10336975	+	0.271605	mod_ratio	81	92	A	AAACT	ok	True
chr2	10364919	10364920	-	0.966667	mod_ratio	30	40	T	CGTTT	ok	False
chr2	10365328	10365329	-	0.878788	mod_ratio	33	37	T	CGTCC	ok	False
chr2	10380868	10380869	+	0.705882	mod_ratio	34	39	A	AAACC	ok	True
chr2	10380884	10380885	+	0.891892	mod_ratio	37	40	A	AAACG	ok	False
chr2	10381043	10381044	+	0.757576	mod_ratio	33	40	A	AGACA	ok	True
chr2	10381406	10381407	+	0.848485	mod_ratio	33	41	A	GGACG	ok	False
chr2	10381699	10381700	+	0.736842	mod_ratio	38	44	A	AAACG	ok	False
chr2	10428957	10428958	-	0.723404	mod_ratio	47	58	T	CGTTT	ok	False
chr2	10565163	10565164	+	0.958333	mod_ratio	24	26	A	AGACC	ok	True
chr2	10567077	10567078	+	0.23871	mod_ratio	155	170	A	AAACT	ok	True
chr2	10567095	10567096	+	0.264901	mod_ratio	151	175	A	GAACG	ok	False
chr2	10567534	10567535	+	0.653179	mod_ratio	173	200	A	AAACT	ok	True
chr2	10567707	10567708	+	0.175439	mod_ratio	171	193	A	GAACA	ok	True
chr2	10567858	10567859	+	0.19697	mod_ratio	198	235	A	GGACG	ok	False
chr2	10567964	10567965	+	0.1133	mod_ratio	203	236	A	AAACA	ok	True
chr2	10568010	10568011	+	0.467742	mod_ratio	186	217	A	AAACT	ok	True
chr2	10568121	10568122	+	0.554878	mod_ratio	164	202	A	GAACT	ok	True
chr2	10575217	10575218	+	0.780488	mod_ratio	41	46	A	AAACA	ok	True
chr2	10575289	10575290	+	0.863636	mod_ratio	44	51	A	GGACA	ok	True
chr2	10575956	10575957	+	0.418182	mod_ratio	55	61	A	GAACG	ok	False
chr2	10576383	10576384	+	0.413793	mod_ratio	58	71	A	GGACA	ok	True
chr2	10576457	10576458	+	0.61194	mod_ratio	67	73	A	GGACC	ok	True
chr2	10576492	10576493	+	0.349206	mod_ratio	63	74	A	GAACA	ok	True
chr2	10576594	10576595	+	0.60274	mod_ratio	73	80	A	AGACA	ok	True
chr2	10587135	10587136	-	0.52381	mod_ratio	42	50	T	GGTTT	ok	True
chr2	10662697	10662698	+	0.675	mod_ratio	40	48	A	GGACA	ok	True
chr2	10663575	10663576	-	0.534884	mod_ratio	43	48	T	AGTCT	ok	True
chr2	10668106	10668107	+	0.109804	mod_ratio	255	560	A	GAACA	ok	True
chr2	10668112	10668113	+	0.335329	mod_ratio	167	496	A	AAACT	ok	True
chr2	10668169	10668170	+	0.332714	mod_ratio	538	586	A	GAACA	ok	True
chr2	10668198	10668199	+	0.117202	mod_ratio	529	598	A	AGACC	ok	True
chr2	10668364	10668365	+	0.358452	mod_ratio	491	614	A	AAACC	ok	True
chr2	10668704	10668705	+	0.113879	mod_ratio	562	626	A	GGACA	ok	True
chr2	10668731	10668732	+	0.151515	mod_ratio	594	650	A	GAACA	ok	True
chr2	10668929	10668930	+	0.182906	mod_ratio	585	664	A	AAACT	ok	True
chr2	10669411	10669412	+	0.29421	mod_ratio	639	700	A	AAACT	ok	True
chr2	10669424	10669425	+	0.290769	mod_ratio	650	701	A	AAACA	ok	True
chr2	10669597	10669598	+	0.662698	mod_ratio	504	688	A	AAACG	ok	False
chr2	10669633	10669634	+	0.246468	mod_ratio	637	735	A	GAACT	ok	True
chr2	10669830	10669831	+	0.334967	mod_ratio	612	702	A	AAACT	ok	True
chr2	10669858	10669859	+	0.492205	mod_ratio	449	692	A	AGACT	ok	True
chr2	10670016	10670017	+	0.885714	mod_ratio	35	60	A	AGACA	ok	True
chr2	10684977	10684978	+	0.534483	mod_ratio	58	63	A	AAACC	ok	True
chr2	10684990	10684991	+	0.5	mod_ratio	56	62	A	GGACA	ok	True
chr2	10685895	10685896	+	0.675676	mod_ratio	37	55	A	AAACT	ok	True
chr2	10739906	10739907	+	0.15	mod_ratio	360	453	A	GAACA	ok	True
chr2	10740193	10740194	+	0.561983	mod_ratio	363	491	A	AAACA	ok	True
chr2	10740361	10740362	+	0.214464	mod_ratio	401	490	A	GAACC	ok	True
chr2	10740425	10740426	+	0.451351	mod_ratio	370	437	A	AGACT	ok	True
chr2	10740469	10740470	+	0.625	mod_ratio	344	495	A	AGACG	ok	False
chr2	10823710	10823711	+	1	mod_ratio	27	36	A	AAACA	ok	True
chr2	10824138	10824139	+	0.55	mod_ratio	40	46	A	GAACG	ok	False
chr2	10824212	10824213	+	0.761905	mod_ratio	42	45	A	AAACA	ok	True
chr2	10824304	10824305	+	0.622222	mod_ratio	45	46	A	AGACA	ok	True
chr2	10824637	10824638	+	0.8	mod_ratio	30	50	A	GGACC	ok	True
chr2	10830046	10830047	-	0.414141	mod_ratio	297	345	T	TGTTT	ok	True
chr2	10830146	10830147	-	0.361991	mod_ratio	221	374	T	GGTTT	ok	True
chr2	10830200	10830201	-	0.793605	mod_ratio	344	374	T	CGTTC	ok	False
chr2	10830277	10830278	-	0.186186	mod_ratio	333	380	T	GGTTC	ok	True
chr2	10830283	10830284	-	0.255591	mod_ratio	313	372	T	AGTTT	ok	True
chr2	10830301	10830302	-	0.628049	mod_ratio	328	381	T	GGTCC	ok	True
chr2	10830364	10830365	-	0.143302	mod_ratio	321	358	T	TGTCT	ok	True
chr2	10830382	10830383	-	0.109635	mod_ratio	301	357	T	GGTTT	ok	True
chr2	10830411	10830412	-	0.6	mod_ratio	315	365	T	GGTCC	ok	True
chr2	10830751	10830752	-	0.292857	mod_ratio	280	311	T	TGTCT	ok	True
chr2	10830776	10830777	-	0.381119	mod_ratio	286	305	T	TGTTC	ok	True
chr2	10830781	10830782	-	0.309735	mod_ratio	226	305	T	GGTTT	ok	True
chr2	10831192	10831193	-	0.700508	mod_ratio	197	269	T	TGTCT	ok	True
chr2	10856561	10856562	+	0.142857	mod_ratio	238	271	A	AAACA	ok	True
chr2	10856930	10856931	+	0.657658	mod_ratio	222	291	A	AAACG	ok	False
chr2	10856934	10856935	+	0.164659	mod_ratio	249	294	A	GAACC	ok	True
chr2	10857063	10857064	+	0.552239	mod_ratio	201	291	A	GAACG	ok	False
chr2	10857084	10857085	+	0.283898	mod_ratio	236	285	A	AAACT	ok	True
chr2	10857110	10857111	+	0.775862	mod_ratio	58	194	A	AAACG	ok	False
chr2	10861971	10861972	+	0.892857	mod_ratio	56	62	A	AAACG	ok	False
chr2	10901573	10901574	-	0.557377	mod_ratio	61	80	T	AGTTT	ok	True
chr2	10906760	10906761	+	1	mod_ratio	25	26	A	AGACA	ok	True
chr2	10929127	10929128	-	0.576923	mod_ratio	52	66	T	CGTCT	ok	False
chr2	11024408	11024409	+	0.921053	mod_ratio	38	45	A	AGACA	ok	True
chr2	11025054	11025055	+	0.676471	mod_ratio	34	47	A	GGACA	ok	True
chr2	11042009	11042010	+	0.855263	mod_ratio	76	91	A	AAACG	ok	False
chr2	11042143	11042144	+	0.607143	mod_ratio	84	93	A	GGACG	ok	False
chr2	11042338	11042339	+	0.26087	mod_ratio	92	100	A	GAACT	ok	True
chr2	11042555	11042556	+	0.462366	mod_ratio	93	103	A	GAACG	ok	False
chr2	11042887	11042888	+	0.43617	mod_ratio	94	105	A	GGACG	ok	False
chr2	11049767	11049768	-	0.625	mod_ratio	40	49	T	CGTCC	ok	False
chr2	11050266	11050267	-	0.868421	mod_ratio	38	44	T	TGTCC	ok	True
chr2	11109251	11109252	-	0.342723	mod_ratio	213	275	T	CGTTT	ok	False
chr2	11109730	11109731	-	0.121739	mod_ratio	230	257	T	TGTTT	ok	True
chr2	11109948	11109949	-	0.530233	mod_ratio	215	241	T	CGTTC	ok	False
chr2	11109976	11109977	-	0.267016	mod_ratio	191	237	T	GGTCC	ok	True
chr2	11110003	11110004	-	0.942584	mod_ratio	209	235	T	CGTTT	ok	False
chr2	11110021	11110022	-	0.217877	mod_ratio	179	234	T	GGTTC	ok	True
chr2	11110162	11110163	-	0.734463	mod_ratio	177	223	T	TGTTC	ok	True
chr2	11110313	11110314	-	0.320856	mod_ratio	187	218	T	CGTTC	ok	False
chr2	11111086	11111087	-	0.339869	mod_ratio	153	172	T	AGTTC	ok	True
chr2	11111133	11111134	-	0.535211	mod_ratio	142	169	T	GGTTT	ok	True
chr2	11111137	11111138	-	0.716418	mod_ratio	134	170	T	TGTCC	ok	True
chr2	11111491	11111492	-	0.445455	mod_ratio	110	154	T	TGTTC	ok	True
chr2	11111989	11111990	-	0.308333	mod_ratio	120	129	T	AGTTT	ok	True
chr2	11112015	11112016	-	0.5	mod_ratio	76	121	T	TGTTT	ok	True
chr2	11112799	11112800	-	0.566038	mod_ratio	106	113	T	GGTTT	ok	True
chr2	11113005	11113006	-	0.6	mod_ratio	80	105	T	CGTCT	ok	False
chr2	11113136	11113137	-	0.359551	mod_ratio	89	101	T	CGTTC	ok	False
chr2	11113173	11113174	-	0.908046	mod_ratio	87	96	T	CGTCT	ok	False
chr2	11113723	11113724	-	0.547619	mod_ratio	42	51	T	CGTTT	ok	False
chr2	11113728	11113729	-	0.676471	mod_ratio	68	90	T	TGTCT	ok	True
chr2	11113744	11113745	-	0.851351	mod_ratio	74	87	T	CGTTT	ok	False
chr2	11132513	11132514	-	0.903226	mod_ratio	31	38	T	CGTCT	ok	False
chr2	11167471	11167472	-	0.69697	mod_ratio	33	55	T	GGTCC	ok	True
chr2	11167833	11167834	-	0.939394	mod_ratio	33	60	T	CGTTT	ok	False
chr2	11170562	11170563	-	0.448276	mod_ratio	58	70	T	TGTTC	ok	True
chr2	11170606	11170607	-	0.447619	mod_ratio	105	126	T	AGTTT	ok	True
chr2	11171229	11171230	-	0.534884	mod_ratio	43	51	T	CGTTT	ok	False
chr2	11171250	11171251	-	0.722892	mod_ratio	83	99	T	TGTTC	ok	True
chr2	11171328	11171329	-	0.505495	mod_ratio	91	98	T	TGTCT	ok	True
chr2	11171522	11171523	-	0.418605	mod_ratio	86	95	T	AGTTC	ok	True
chr2	11171809	11171810	-	0.369863	mod_ratio	73	82	T	GGTTT	ok	True
chr2	11171886	11171887	-	0.458333	mod_ratio	48	72	T	GGTTT	ok	True
chr2	11171914	11171915	-	0.941176	mod_ratio	68	80	T	CGTCT	ok	False
chr2	11172880	11172881	-	0.393443	mod_ratio	61	65	T	GGTTT	ok	True
chr2	11172903	11172904	-	0.385965	mod_ratio	57	64	T	AGTTT	ok	True
chr2	11200234	11200235	+	0.892857	mod_ratio	28	28	A	AAACA	ok	True
chr2	11200739	11200740	+	0.888889	mod_ratio	27	31	A	GGACC	ok	True
chr2	11215371	11215372	+	0.627119	mod_ratio	59	65	A	AAACC	ok	True
chr2	11215940	11215941	+	0.347826	mod_ratio	69	88	A	AAACC	ok	True
chr2	11216127	11216128	+	0.47561	mod_ratio	82	90	A	AAACC	ok	True
chr2	11216318	11216319	+	0.511111	mod_ratio	90	96	A	GAACA	ok	True
chr2	11216337	11216338	+	0.591549	mod_ratio	71	95	A	GGACA	ok	True
chr2	11216496	11216497	+	0.712644	mod_ratio	87	94	A	GGACT	ok	True
chr2	11216513	11216514	+	0.534091	mod_ratio	88	95	A	AAACA	ok	True
chr2	11216604	11216605	+	0.64	mod_ratio	50	67	A	AAACC	ok	True
chr2	11270255	11270256	+	0.608997	mod_ratio	578	1214	A	AAACT	ok	True
chr2	11270434	11270435	+	0.554245	mod_ratio	1696	2060	A	GGACA	ok	True
chr2	11270438	11270439	+	0.428969	mod_ratio	1436	2075	A	AAACC	ok	True
chr2	11270484	11270485	+	0.794872	mod_ratio	39	1969	A	TAACT	ok	True
chr2	11270511	11270512	+	0.356722	mod_ratio	1867	2074	A	GAACA	ok	True
chr2	11270551	11270552	+	0.283847	mod_ratio	1913	2148	A	GAACA	ok	True
chr2	11270664	11270665	+	0.105974	mod_ratio	1925	2179	A	GAACG	ok	False
chr2	11270717	11270718	+	0.340719	mod_ratio	1670	2147	A	AAACT	ok	True
chr2	11270813	11270814	+	0.283109	mod_ratio	1042	2162	A	AAACT	ok	True
chr2	11270822	11270823	+	0.297297	mod_ratio	74	2116	A	GGATA	ok	False
chr2	11270824	11270825	+	0.390625	mod_ratio	64	1856	A	ATACA	ok	False
chr2	11340472	11340473	+	0.736842	mod_ratio	38	43	A	AGACA	ok	True
chr2	11340478	11340479	+	0.605263	mod_ratio	38	43	A	GAACG	ok	False
chr2	11341812	11341813	+	0.619718	mod_ratio	71	87	A	AAACC	ok	True
chr2	11343004	11343005	+	0.464646	mod_ratio	99	130	A	AAACA	ok	True
chr2	11343242	11343243	+	0.508475	mod_ratio	118	131	A	GGACG	ok	False
chr2	11343269	11343270	+	0.196429	mod_ratio	112	130	A	GAACG	ok	False
chr2	11343500	11343501	+	0.444444	mod_ratio	63	102	A	AAACT	ok	True
chr2	11347395	11347396	-	0.286957	mod_ratio	115	134	T	AGTCT	ok	True
chr2	11348082	11348083	-	0.666667	mod_ratio	96	107	T	CGTCT	ok	False
chr2	11348135	11348136	-	0.505882	mod_ratio	85	102	T	TGTCC	ok	True
chr2	11348252	11348253	-	0.433735	mod_ratio	83	99	T	GGTTT	ok	True
chr2	11348256	11348257	-	0.275862	mod_ratio	87	98	T	TGTTC	ok	True
chr2	11348290	11348291	-	0.47619	mod_ratio	63	97	T	TGTCC	ok	True
chr2	11348394	11348395	-	0.26506	mod_ratio	83	91	T	TGTTC	ok	True
chr2	11348451	11348452	-	0.385714	mod_ratio	70	86	T	AGTTC	ok	True
chr2	11348869	11348870	-	0.362319	mod_ratio	69	77	T	AGTTC	ok	True
chr2	11350809	11350810	-	0.733333	mod_ratio	45	68	T	TGTCC	ok	True
chr2	11393667	11393668	-	0.448276	mod_ratio	58	65	T	TGTTC	ok	True
chr2	11393954	11393955	-	0.777778	mod_ratio	45	60	T	TGTCC	ok	True
chr2	11429180	11429181	-	0.736842	mod_ratio	38	43	T	GGTCT	ok	True
chr2	11429336	11429337	-	0.560976	mod_ratio	41	46	T	CGTTC	ok	False
chr2	11431432	11431433	-	0.628571	mod_ratio	35	39	T	AGTTC	ok	True
chr2	11432068	11432069	-	0.818182	mod_ratio	33	37	T	TGTCC	ok	True
chr2	11475057	11475058	-	0.466667	mod_ratio	75	87	T	TGTTT	ok	True
chr2	11475120	11475121	-	0.88764	mod_ratio	89	104	T	CGTTT	ok	False
chr2	11475198	11475199	-	0.516484	mod_ratio	91	103	T	GGTTT	ok	True
chr2	11475356	11475357	-	0.369048	mod_ratio	84	98	T	GGTTT	ok	True
chr2	11475644	11475645	-	0.712329	mod_ratio	73	88	T	TGTCC	ok	True
chr2	11476435	11476436	-	0.761905	mod_ratio	63	80	T	CGTTT	ok	False
chr2	11513410	11513411	+	0.648649	mod_ratio	37	62	A	AAACC	ok	True
chr2	11515210	11515211	-	0.636364	mod_ratio	44	68	T	TGTCC	ok	True
chr2	11515268	11515269	-	0.555556	mod_ratio	72	79	T	CGTCC	ok	False
chr2	11516121	11516122	-	0.519231	mod_ratio	52	61	T	TGTTT	ok	True
chr2	11516732	11516733	-	0.568182	mod_ratio	44	57	T	AGTTT	ok	True
chr2	11517124	11517125	-	0.534884	mod_ratio	43	54	T	AGTTT	ok	True
chr2	11517756	11517757	-	0.6875	mod_ratio	48	53	T	CGTCT	ok	False
chr2	11518181	11518182	-	0.928571	mod_ratio	42	49	T	CGTTT	ok	False
chr2	11520929	11520930	-	0.925926	mod_ratio	27	31	T	CGTTT	ok	False
chr2	11528404	11528405	-	0.23	mod_ratio	100	150	T	GGTTC	ok	True
chr2	11528427	11528428	-	0.677966	mod_ratio	59	150	T	TGTCC	ok	True
chr2	11528512	11528513	-	0.245763	mod_ratio	118	142	T	AGTTT	ok	True
chr2	11528543	11528544	-	0.605042	mod_ratio	119	147	T	AGTTT	ok	True
chr2	11528684	11528685	-	0.943182	mod_ratio	88	124	T	CGTTT	ok	False
chr2	11528730	11528731	-	0.161765	mod_ratio	136	165	T	TGTCC	ok	True
chr2	11529318	11529319	-	0.783133	mod_ratio	83	91	T	CGTTT	ok	False
chr2	11529319	11529320	-	0.85	mod_ratio	60	153	T	GTTTT	ok	False
chr2	11529471	11529472	-	0.297101	mod_ratio	138	145	T	GGTTC	ok	True
chr2	11529492	11529493	-	0.304	mod_ratio	125	144	T	GGTCC	ok	True
chr2	11530621	11530622	-	0.247525	mod_ratio	101	128	T	AGTCC	ok	True
chr2	11530842	11530843	-	0.383929	mod_ratio	112	125	T	AGTTC	ok	True
chr2	11532060	11532061	+	0.284314	mod_ratio	102	141	A	AAACC	ok	True
chr2	11532135	11532136	+	0.181818	mod_ratio	132	155	A	AGACG	ok	False
chr2	11532770	11532771	+	0.34507	mod_ratio	142	163	A	AAACG	ok	False
chr2	11532821	11532822	+	0.165517	mod_ratio	145	165	A	GAACC	ok	True
chr2	11532930	11532931	+	0.359477	mod_ratio	153	170	A	AGACA	ok	True
chr2	11533115	11533116	+	0.278351	mod_ratio	97	146	A	GAACA	ok	True
chr2	11533189	11533190	+	0.333333	mod_ratio	81	117	A	GAACT	ok	True
chr2	11547795	11547796	+	0.65	mod_ratio	40	41	A	AAACG	ok	False
chr2	11621358	11621359	-	0.92	mod_ratio	25	36	T	CGTTT	ok	False
chr2	11622841	11622842	-	0.961538	mod_ratio	26	30	T	CGTCT	ok	False
chr2	11623298	11623299	-	0.958333	mod_ratio	24	27	T	TGTCT	ok	True
chr2	11678734	11678735	-	0.510791	mod_ratio	139	164	T	TGTCT	ok	True
chr2	11678982	11678983	-	0.760563	mod_ratio	71	145	T	GTTTT	ok	False
chr2	11679709	11679710	-	0.715385	mod_ratio	130	144	T	GGTTT	ok	True
chr2	11716586	11716587	-	0.215789	mod_ratio	190	215	T	AGTTC	ok	True
chr2	11716782	11716783	-	0.138889	mod_ratio	180	220	T	GGTCT	ok	True
chr2	11716946	11716947	-	0.353591	mod_ratio	181	211	T	AGTTT	ok	True
chr2	11716969	11716970	-	0.217647	mod_ratio	170	192	T	AGTTC	ok	True
chr2	11717018	11717019	-	0.283951	mod_ratio	162	199	T	TGTTT	ok	True
chr2	11723686	11723687	+	0.905263	mod_ratio	95	111	A	AGACA	ok	True
chr2	11724280	11724281	+	0.261682	mod_ratio	107	120	A	AAACT	ok	True
chr2	11726498	11726499	-	0.596774	mod_ratio	62	86	T	CGTCC	ok	False
chr2	11726627	11726628	-	0.661972	mod_ratio	71	81	T	GGTCT	ok	True
chr2	11726690	11726691	-	0.428571	mod_ratio	56	76	T	AGTTT	ok	True
chr2	11727253	11727254	-	0.603448	mod_ratio	58	74	T	CGTCC	ok	False
chr2	11737997	11737998	-	0.5	mod_ratio	52	62	T	AGTTT	ok	True
chr2	11758289	11758290	-	0.390071	mod_ratio	141	156	T	AGTTC	ok	True
chr2	11758547	11758548	-	0.32	mod_ratio	100	133	T	GGTCC	ok	True
chr2	11758690	11758691	-	0.29703	mod_ratio	101	121	T	TGTCT	ok	True
chr2	11763328	11763329	-	0.823529	mod_ratio	34	637	T	TGTCA	ok	True
chr2	11763355	11763356	-	0.177358	mod_ratio	265	713	T	AATCC	ok	False
chr2	11763366	11763367	-	0.727273	mod_ratio	99	690	T	TATCC	ok	False
chr2	11763463	11763464	-	0.701852	mod_ratio	540	684	T	GGTCC	ok	True
chr2	11763586	11763587	-	0.746667	mod_ratio	450	563	T	CGTTT	ok	False
chr2	11763734	11763735	-	0.890625	mod_ratio	640	703	T	GGTCT	ok	True
chr2	11764285	11764286	-	0.725051	mod_ratio	491	621	T	TGTCT	ok	True
chr2	11776554	11776555	-	0.468085	mod_ratio	47	54	T	TGTTT	ok	True
chr2	11776585	11776586	-	0.590909	mod_ratio	44	52	T	TGTTT	ok	True
chr2	11776990	11776991	-	0.681818	mod_ratio	44	52	T	TGTTT	ok	True
chr2	11781844	11781845	+	0.468085	mod_ratio	47	49	A	GAACA	ok	True
chr2	11782682	11782683	+	0.52	mod_ratio	50	55	A	AGACG	ok	False
chr2	11782692	11782693	+	0.857143	mod_ratio	49	56	A	AAACA	ok	True
chr2	11782807	11782808	+	0.795455	mod_ratio	44	55	A	GGACA	ok	True
chr2	11783427	11783428	+	0.446429	mod_ratio	56	64	A	AGACT	ok	True
chr2	11783654	11783655	+	0.548387	mod_ratio	62	72	A	AGACA	ok	True
chr2	11783830	11783831	+	0.521739	mod_ratio	46	70	A	AAACC	ok	True
chr2	11783854	11783855	+	0.627119	mod_ratio	59	66	A	AAACA	ok	True
chr2	11804107	11804108	-	0.376147	mod_ratio	109	136	T	CGTCT	ok	False
chr2	11804118	11804119	-	0.20155	mod_ratio	129	134	T	TGTTC	ok	True
chr2	11804133	11804134	-	0.198276	mod_ratio	116	135	T	AGTCT	ok	True
chr2	11804575	11804576	-	0.747664	mod_ratio	107	126	T	TGTCC	ok	True
chr2	11804672	11804673	-	0.584416	mod_ratio	77	119	T	AGTTT	ok	True
chr2	11804889	11804890	-	0.349206	mod_ratio	63	70	T	AGTCT	ok	True
chr2	11804921	11804922	-	0.431193	mod_ratio	109	123	T	AGTCT	ok	True
chr2	11805052	11805053	-	0.61	mod_ratio	100	110	T	TGTTT	ok	True
chr2	11805235	11805236	-	0.225225	mod_ratio	111	116	T	TGTTC	ok	True
chr2	11805732	11805733	-	0.931818	mod_ratio	88	109	T	CGTTT	ok	False
chr2	11805821	11805822	-	0.72549	mod_ratio	102	107	T	AGTTT	ok	True
chr2	11805930	11805931	-	0.359551	mod_ratio	89	101	T	GGTTC	ok	True
chr2	11817000	11817001	+	0.450798	mod_ratio	752	847	A	AGACT	ok	True
chr2	11817316	11817317	+	0.913486	mod_ratio	786	878	A	AGACA	ok	True
chr2	11817778	11817779	+	0.735426	mod_ratio	446	658	A	AGACA	ok	True
chr2	11817789	11817790	+	0.584906	mod_ratio	106	848	A	AAATT	ok	False
chr2	11818556	11818557	+	0.583333	mod_ratio	48	677	A	AAACC	ok	True
chr2	11819032	11819033	+	0.90201	mod_ratio	796	889	A	AGACA	ok	True
chr2	11819457	11819458	+	0.365057	mod_ratio	704	856	A	AGACT	ok	True
chr2	11819468	11819469	+	0.479339	mod_ratio	121	886	A	AAATT	ok	False
chr2	11819479	11819480	+	0.351515	mod_ratio	330	853	A	AGATT	ok	False
chr2	11819493	11819494	+	0.482759	mod_ratio	203	619	A	AAACA	ok	True
chr2	11819529	11819530	+	0.56	mod_ratio	150	245	A	AAACT	ok	True
chr2	11819860	11819861	-	0.401869	mod_ratio	107	128	T	AGTTT	ok	True
chr2	11819979	11819980	-	0.366337	mod_ratio	101	136	T	TGTCT	ok	True
chr2	11820014	11820015	-	0.568807	mod_ratio	109	123	T	TGTTT	ok	True
chr2	11820034	11820035	-	0.164179	mod_ratio	134	160	T	AGTCC	ok	True
chr2	11820149	11820150	-	0.398601	mod_ratio	143	163	T	AGTTT	ok	True
chr2	11821823	11821824	-	0.622642	mod_ratio	106	135	T	AGTTT	ok	True
chr2	11821828	11821829	-	0.503937	mod_ratio	127	140	T	CGTCT	ok	False
chr2	11857740	11857741	+	0.732143	mod_ratio	56	62	A	AGACG	ok	False
chr2	11860945	11860946	+	0.526316	mod_ratio	57	75	A	AAACT	ok	True
chr2	11861175	11861176	+	0.617647	mod_ratio	68	79	A	AAACT	ok	True
chr2	11862922	11862923	+	0.366667	mod_ratio	60	69	A	GAACT	ok	True
chr2	11863166	11863167	+	0.37931	mod_ratio	58	61	A	GAACA	ok	True
chr2	11865136	11865137	-	0.837838	mod_ratio	37	50	T	TGTCT	ok	True
chr2	11865579	11865580	-	0.714286	mod_ratio	35	47	T	GGTCC	ok	True
chr2	11910776	11910777	-	0.385714	mod_ratio	70	79	T	TGTTC	ok	True
chr2	11911384	11911385	-	0.681818	mod_ratio	66	78	T	AGTTT	ok	True
chr2	11926567	11926568	+	0.362745	mod_ratio	102	111	A	GAACG	ok	False
chr2	11927035	11927036	+	0.647059	mod_ratio	119	126	A	AGACG	ok	False
chr2	11927483	11927484	+	0.806452	mod_ratio	124	140	A	GGACA	ok	True
chr2	11927521	11927522	+	0.282443	mod_ratio	131	143	A	AAACA	ok	True
chr2	11927585	11927586	+	0.181818	mod_ratio	132	145	A	AGACT	ok	True
chr2	11927813	11927814	+	0.562963	mod_ratio	135	157	A	GGACC	ok	True
chr2	11927856	11927857	+	0.784	mod_ratio	125	151	A	AGACC	ok	True
chr2	11928005	11928006	+	0.276596	mod_ratio	141	168	A	AAACC	ok	True
chr2	11928015	11928016	+	0.483871	mod_ratio	124	143	A	AAACT	ok	True
chr2	11928402	11928403	+	0.897436	mod_ratio	39	191	A	AAACG	ok	False
chr2	11928489	11928490	+	0.184971	mod_ratio	173	196	A	GGACG	ok	False
chr2	11928536	11928537	+	0.532934	mod_ratio	167	198	A	AGACT	ok	True
chr2	11928629	11928630	+	0.604396	mod_ratio	182	207	A	AAACT	ok	True
chr2	11928672	11928673	+	0.140704	mod_ratio	199	217	A	GAACG	ok	False
chr2	11928930	11928931	+	0.140969	mod_ratio	227	250	A	GAACG	ok	False
chr2	11929077	11929078	+	0.12069	mod_ratio	232	268	A	GAACG	ok	False
chr2	11929132	11929133	+	0.198795	mod_ratio	166	266	A	AAACC	ok	True
chr2	11929189	11929190	+	0.167401	mod_ratio	227	264	A	AAACA	ok	True
chr2	12016357	12016358	+	0.483333	mod_ratio	60	79	A	GAACA	ok	True
chr2	12016398	12016399	+	0.537313	mod_ratio	67	78	A	AAACT	ok	True
chr2	12083498	12083499	+	0.581818	mod_ratio	55	64	A	GGACA	ok	True
chr2	12084336	12084337	+	0.710145	mod_ratio	69	79	A	GGACA	ok	True
chr2	12084368	12084369	+	0.815385	mod_ratio	65	77	A	GGACC	ok	True
chr2	12133620	12133621	+	0.594595	mod_ratio	37	39	A	AAACT	ok	True
chr2	12160409	12160410	-	0.575	mod_ratio	40	57	T	AGTTT	ok	True
chr2	12168903	12168904	-	0.666667	mod_ratio	39	49	T	AGTTT	ok	True
chr2	12169405	12169406	-	0.833333	mod_ratio	54	65	T	TGTTT	ok	True
chr2	12169979	12169980	-	0.761905	mod_ratio	42	50	T	TGTTT	ok	True
chr2	12171379	12171380	-	0.83871	mod_ratio	31	39	T	TGTCT	ok	True
chr2	12226489	12226490	-	0.702703	mod_ratio	37	41	T	CGTTC	ok	False
chr2	12255484	12255485	+	0.695652	mod_ratio	46	57	A	GGACA	ok	True
chr2	12356666	12356667	-	0.204301	mod_ratio	186	213	T	GGTTC	ok	True
chr2	12356887	12356888	-	0.900585	mod_ratio	171	192	T	TGTCT	ok	True
chr2	12357038	12357039	-	0.319672	mod_ratio	122	173	T	CGTCC	ok	False
chr2	12357466	12357467	-	0.198582	mod_ratio	141	154	T	AGTCC	ok	True
chr2	12357555	12357556	-	0.6	mod_ratio	135	147	T	AGTCT	ok	True
chr2	12358982	12358983	-	0.925234	mod_ratio	107	127	T	CGTTT	ok	False
chr2	12359020	12359021	-	0.311927	mod_ratio	109	119	T	AGTTT	ok	True
chr2	12359101	12359102	-	0.462264	mod_ratio	106	118	T	GGTTT	ok	True
chr2	12379623	12379624	+	0.763158	mod_ratio	38	40	A	AGACG	ok	False
chr2	12414672	12414673	-	0.830189	mod_ratio	53	58	T	CGTTC	ok	False
chr2	12414689	12414690	-	0.627451	mod_ratio	51	57	T	TGTTC	ok	True
chr2	12431636	12431637	-	0.848485	mod_ratio	33	47	T	TGTCC	ok	True
chr2	12431643	12431644	-	0.926829	mod_ratio	41	50	T	CGTTT	ok	False
chr2	12431900	12431901	-	0.345794	mod_ratio	107	120	T	TGTTC	ok	True
chr2	12431989	12431990	-	0.54902	mod_ratio	51	118	T	TGTCC	ok	True
chr2	12432903	12432904	-	0.226804	mod_ratio	97	105	T	GGTCT	ok	True
chr2	12432949	12432950	-	0.348315	mod_ratio	89	101	T	AGTTC	ok	True
chr2	12433343	12433344	-	0.270588	mod_ratio	85	93	T	TGTTC	ok	True
chr2	12469935	12469936	+	0.829268	mod_ratio	41	63	A	AAACA	ok	True
chr2	12471248	12471249	+	0.857143	mod_ratio	56	67	A	GGACG	ok	False
chr2	12471479	12471480	+	0.517857	mod_ratio	56	67	A	GAACG	ok	False
chr2	12471579	12471580	+	0.509434	mod_ratio	53	66	A	GAACT	ok	True
chr2	12587718	12587719	+	0.793103	mod_ratio	29	109	A	AAACA	ok	True
chr2	12587730	12587731	+	0.611111	mod_ratio	90	108	A	AAACA	ok	True
chr2	12590626	12590627	+	0.568966	mod_ratio	58	73	A	GAACC	ok	True
chr2	12590863	12590864	+	0.328571	mod_ratio	70	77	A	GAACC	ok	True
chr2	12591200	12591201	+	0.5	mod_ratio	58	76	A	AAACC	ok	True
chr2	12597674	12597675	+	0.867769	mod_ratio	121	142	A	AAACG	ok	False
chr2	12598156	12598157	+	0.149351	mod_ratio	154	170	A	GGACT	ok	True
chr2	12598374	12598375	+	0.557971	mod_ratio	138	159	A	AAACT	ok	True
chr2	12604982	12604983	+	0.708333	mod_ratio	48	57	A	GGACG	ok	False
chr2	12605122	12605123	+	0.581395	mod_ratio	43	59	A	AGACG	ok	False
chr2	12610762	12610763	-	0.774194	mod_ratio	31	36	T	GGTTT	ok	True
chr2	12613283	12613284	-	0.78	mod_ratio	50	53	T	TGTCT	ok	True
chr2	12613313	12613314	-	0.55102	mod_ratio	49	54	T	GGTCC	ok	True
chr2	12614238	12614239	-	0.777778	mod_ratio	36	48	T	GGTCC	ok	True
chr2	12618016	12618017	-	0.647059	mod_ratio	34	40	T	TGTTT	ok	True
chr2	12624804	12624805	-	0.127451	mod_ratio	408	440	T	AGTTC	ok	True
chr2	12624821	12624822	-	0.105128	mod_ratio	390	443	T	TGTTC	ok	True
chr2	12624997	12624998	-	0.172603	mod_ratio	365	423	T	AGTCT	ok	True
chr2	12625122	12625123	-	0.105978	mod_ratio	368	403	T	CGTTC	ok	False
chr2	12625251	12625252	-	0.278846	mod_ratio	312	374	T	TGTTC	ok	True
chr2	12625263	12625264	-	0.661342	mod_ratio	313	370	T	AGTTT	ok	True
chr2	12625373	12625374	-	0.574468	mod_ratio	235	320	T	GGTTT	ok	True
chr2	12625488	12625489	-	0.575	mod_ratio	320	354	T	AGTTT	ok	True
chr2	12625572	12625573	-	0.49375	mod_ratio	160	185	T	GGTCT	ok	True
chr2	12625574	12625575	-	0.354839	mod_ratio	93	289	T	TCTCT	ok	False
chr2	12625592	12625593	-	0.229839	mod_ratio	248	324	T	TGTTT	ok	True
chr2	12640888	12640889	-	0.65	mod_ratio	80	116	T	TGTCC	ok	True
chr2	12641058	12641059	-	0.281553	mod_ratio	103	124	T	TGTCC	ok	True
chr2	12641240	12641241	-	0.425532	mod_ratio	94	116	T	TGTTT	ok	True
chr2	12641415	12641416	-	0.28125	mod_ratio	96	110	T	TGTTT	ok	True
chr2	12642207	12642208	-	0.375	mod_ratio	88	101	T	TGTTC	ok	True
chr2	12644612	12644613	-	0.771429	mod_ratio	70	84	T	CGTTC	ok	False
chr2	12644623	12644624	-	0.506329	mod_ratio	79	81	T	TGTTC	ok	True
chr2	12650042	12650043	-	0.848485	mod_ratio	33	43	T	AGTTT	ok	True
chr2	12650147	12650148	-	0.55	mod_ratio	40	51	T	GGTTT	ok	True
chr2	12650457	12650458	-	0.585366	mod_ratio	41	47	T	ACTTT	ok	False
chr2	12650498	12650499	-	0.717391	mod_ratio	46	47	T	TGTCC	ok	True
chr2	12650784	12650785	-	0.757576	mod_ratio	33	42	T	TGTCT	ok	True
chr2	12667065	12667066	+	0.529412	mod_ratio	51	72	A	AAACG	ok	False
chr2	12667473	12667474	+	0.388889	mod_ratio	72	78	A	AAACT	ok	True
chr2	12668191	12668192	+	0.525	mod_ratio	80	100	A	GAACC	ok	True
chr2	12668354	12668355	+	0.410526	mod_ratio	95	101	A	AGACA	ok	True
chr2	12668471	12668472	+	0.292929	mod_ratio	99	108	A	AGACT	ok	True
chr2	12668661	12668662	+	0.212963	mod_ratio	108	115	A	AGACA	ok	True
chr2	12668710	12668711	+	0.495327	mod_ratio	107	118	A	AGACC	ok	True
chr2	12669117	12669118	+	0.376812	mod_ratio	138	145	A	AAACA	ok	True
chr2	12669123	12669124	+	0.195312	mod_ratio	128	144	A	GGACG	ok	False
chr2	12669184	12669185	+	0.899225	mod_ratio	129	147	A	AAACA	ok	True
chr2	12669210	12669211	+	0.254098	mod_ratio	122	153	A	GGACG	ok	False
chr2	12669273	12669274	+	0.811024	mod_ratio	127	158	A	GGACC	ok	True
chr2	12669305	12669306	+	0.246154	mod_ratio	130	158	A	AAACT	ok	True
chr2	12669442	12669443	+	0.695652	mod_ratio	138	173	A	AGACA	ok	True
chr2	12669767	12669768	+	0.466165	mod_ratio	133	179	A	AAACA	ok	True
chr2	12669827	12669828	+	0.437908	mod_ratio	153	178	A	AAACT	ok	True
chr2	12669916	12669917	+	0.46789	mod_ratio	109	149	A	AGACA	ok	True
chr2	12673512	12673513	-	0.818182	mod_ratio	66	80	T	CGTTT	ok	False
chr2	12673718	12673719	-	0.289474	mod_ratio	76	82	T	GGTTC	ok	True
chr2	12673731	12673732	-	0.552239	mod_ratio	67	80	T	GGTCC	ok	True
chr2	12674221	12674222	-	0.578125	mod_ratio	64	71	T	GGTCC	ok	True
chr2	12675898	12675899	-	0.596154	mod_ratio	52	54	T	GGTTT	ok	True
chr2	12697599	12697600	+	0.357143	mod_ratio	70	87	A	GGACA	ok	True
chr2	12697646	12697647	+	0.536232	mod_ratio	69	88	A	AAACC	ok	True
chr2	12697722	12697723	+	0.734177	mod_ratio	79	94	A	AAACG	ok	False
chr2	12769137	12769138	-	0.510204	mod_ratio	49	75	T	TGTTT	ok	True
chr2	12781755	12781756	-	0.92	mod_ratio	25	36	T	GGTTT	ok	True
chr2	12781836	12781837	-	1	mod_ratio	23	37	T	TGTCT	ok	True
chr2	12827002	12827003	+	0.787234	mod_ratio	47	54	A	AAACC	ok	True
chr2	12827396	12827397	+	0.648148	mod_ratio	54	59	A	AAACA	ok	True
chr2	12828469	12828470	+	0.618421	mod_ratio	76	80	A	AAACC	ok	True
chr2	12852914	12852915	-	0.666667	mod_ratio	42	49	T	TGTCC	ok	True
chr2	12853345	12853346	-	0.694444	mod_ratio	36	38	T	GGTTT	ok	True
chr2	12880300	12880301	-	0.833333	mod_ratio	36	41	T	CGTCT	ok	False
chr2	12883320	12883321	-	0.80597	mod_ratio	67	78	T	GGTCC	ok	True
chr2	12883616	12883617	-	0.530303	mod_ratio	66	71	T	GGTTC	ok	True
chr2	12905718	12905719	-	0.90625	mod_ratio	32	39	T	TGTTC	ok	True
chr2	12905750	12905751	-	0.605263	mod_ratio	38	46	T	TGTCT	ok	True
chr2	12951083	12951084	-	0.622642	mod_ratio	53	81	T	GTTTT	ok	False
chr2	12951341	12951342	-	0.585366	mod_ratio	82	93	T	CGTTC	ok	False
chr2	12951571	12951572	-	0.458333	mod_ratio	72	88	T	GGTTT	ok	True
chr2	12951734	12951735	-	0.451613	mod_ratio	62	81	T	AGTTT	ok	True
chr2	12951907	12951908	-	0.676471	mod_ratio	68	79	T	GGTTT	ok	True
chr2	12951925	12951926	-	0.709677	mod_ratio	62	79	T	GGTCC	ok	True
chr2	12952051	12952052	-	0.897059	mod_ratio	68	78	T	TGTCT	ok	True
chr2	12952821	12952822	-	0.634615	mod_ratio	52	62	T	TGTTC	ok	True
chr2	12953581	12953582	-	0.509804	mod_ratio	51	56	T	GGTTT	ok	True
chr2	12953668	12953669	-	0.673469	mod_ratio	49	56	T	TGTTT	ok	True
chr2	12959841	12959842	+	0.27381	mod_ratio	84	96	A	AAACA	ok	True
chr2	12959957	12959958	+	0.488095	mod_ratio	84	95	A	AAACA	ok	True
chr2	12960142	12960143	+	0.542169	mod_ratio	83	98	A	AAACG	ok	False
chr2	12974628	12974629	+	0.54	mod_ratio	50	54	A	GAACC	ok	True
chr2	12974974	12974975	+	0.537037	mod_ratio	54	57	A	AGACA	ok	True
chr2	12975113	12975114	+	0.454545	mod_ratio	55	60	A	AAACT	ok	True
chr2	12993859	12993860	-	0.486842	mod_ratio	380	545	T	AGTTT	ok	True
chr2	12993875	12993876	-	0.770833	mod_ratio	480	547	T	GGTTT	ok	True
chr2	12993953	12993954	-	0.811321	mod_ratio	424	536	T	TGTCC	ok	True
chr2	12994049	12994050	-	0.704327	mod_ratio	416	518	T	CGTCC	ok	False
chr2	12994127	12994128	-	0.765499	mod_ratio	371	500	T	GGTCT	ok	True
chr2	12994288	12994289	-	0.323232	mod_ratio	99	451	T	AGTCT	ok	True
chr2	12994319	12994320	-	0.377215	mod_ratio	395	444	T	AGTTT	ok	True
chr2	12994355	12994356	-	0.566102	mod_ratio	295	455	T	GGTCC	ok	True
chr2	12994377	12994378	-	0.213235	mod_ratio	408	450	T	CGTTC	ok	False
chr2	12994450	12994451	-	0.850254	mod_ratio	394	421	T	TGTCT	ok	True
chr2	12994987	12994988	-	0.740625	mod_ratio	320	405	T	GGTCT	ok	True
chr2	12995372	12995373	-	0.561594	mod_ratio	276	328	T	CGTTT	ok	False
chr2	12995678	12995679	-	0.753731	mod_ratio	268	310	T	GGTCC	ok	True
chr2	12995688	12995689	-	0.613383	mod_ratio	269	306	T	AGTTT	ok	True
chr2	13002769	13002770	-	0.557823	mod_ratio	147	196	T	GGTTT	ok	True
chr2	13002867	13002868	-	0.259414	mod_ratio	239	265	T	AGTCT	ok	True
chr2	13003033	13003034	-	0.191176	mod_ratio	204	243	T	AGTTT	ok	True
chr2	13003430	13003431	-	0.547619	mod_ratio	168	212	T	CGTCT	ok	False
chr2	13003460	13003461	-	0.122995	mod_ratio	187	209	T	TGTCT	ok	True
chr2	13003484	13003485	-	0.736527	mod_ratio	167	203	T	CGTCT	ok	False
chr2	13003587	13003588	-	0.583893	mod_ratio	149	171	T	TGTTT	ok	True
chr2	13003658	13003659	-	0.237288	mod_ratio	118	145	T	CGTTT	ok	False
chr2	13003826	13003827	-	0.46875	mod_ratio	160	172	T	TGTCT	ok	True
chr2	13003886	13003887	-	0.583333	mod_ratio	120	170	T	TGTCT	ok	True
chr2	13004059	13004060	-	0.542857	mod_ratio	140	155	T	GGTTT	ok	True
chr2	13004111	13004112	-	0.712121	mod_ratio	132	156	T	CGTCT	ok	False
chr2	13004151	13004152	-	0.213235	mod_ratio	136	155	T	TGTTC	ok	True
chr2	13004915	13004916	-	0.704762	mod_ratio	105	140	T	TGTCC	ok	True
chr2	13019106	13019107	-	0.639269	mod_ratio	219	348	T	TGTTT	ok	True
chr2	13019111	13019112	-	0.221402	mod_ratio	271	750	T	GGTTT	ok	True
chr2	13019219	13019220	-	0.415039	mod_ratio	1024	1924	T	AGTTT	ok	True
chr2	13019220	13019221	-	0.360017	mod_ratio	2411	4554	T	GTTTT	ok	False
chr2	13019221	13019222	-	0.595745	mod_ratio	470	5139	T	TTTTT	ok	False
chr2	13019226	13019227	-	0.190259	mod_ratio	3942	4931	T	AGTCT	ok	True
chr2	13019278	13019279	-	0.109589	mod_ratio	511	5253	T	TGTTC	ok	True
chr2	13019279	13019280	-	0.216783	mod_ratio	143	5355	T	GTTCT	ok	False
chr2	13019451	13019452	-	0.238095	mod_ratio	105	5291	T	GGTAA	ok	False
chr2	13019454	13019455	-	0.208955	mod_ratio	134	5241	T	AATCC	ok	False
chr2	13019459	13019460	-	0.198218	mod_ratio	4601	5294	T	TGTTC	ok	True
chr2	13019519	13019520	-	0.494118	mod_ratio	85	5281	T	CGTCA	ok	False
chr2	13019569	13019570	-	0.423077	mod_ratio	78	4798	T	CGTTT	ok	False
chr2	13019570	13019571	-	0.394659	mod_ratio	337	5193	T	GTTTC	ok	False
chr2	13019582	13019583	-	0.197436	mod_ratio	390	5066	T	TGTCT	ok	True
chr2	13020104	13020105	-	0.159243	mod_ratio	2694	3415	T	TGTTT	ok	True
chr2	13020108	13020109	-	0.145155	mod_ratio	2735	3318	T	TGTTC	ok	True
chr2	13020113	13020114	-	0.258809	mod_ratio	2384	3128	T	TGTTT	ok	True
chr2	13020119	13020120	-	0.19305	mod_ratio	2072	3218	T	TGTTC	ok	True
chr2	13045439	13045440	+	0.360902	mod_ratio	133	153	A	AAACC	ok	True
chr2	13045858	13045859	+	0.39726	mod_ratio	146	174	A	AAACC	ok	True
chr2	13046011	13046012	+	0.548387	mod_ratio	155	185	A	AAACC	ok	True
chr2	13046038	13046039	+	0.482993	mod_ratio	147	184	A	AAACC	ok	True
chr2	13046072	13046073	+	0.293103	mod_ratio	174	186	A	AGACT	ok	True
chr2	13046141	13046142	+	0.261905	mod_ratio	168	181	A	GAACA	ok	True
chr2	13046413	13046414	+	0.245714	mod_ratio	175	192	A	AAACT	ok	True
chr2	13108047	13108048	+	0.444444	mod_ratio	54	138	A	ACACA	ok	False
chr2	13108241	13108242	+	0.365217	mod_ratio	115	141	A	AAACT	ok	True
chr2	13108374	13108375	+	0.384615	mod_ratio	117	139	A	AAACA	ok	True
chr2	13139151	13139152	+	0.336806	mod_ratio	864	961	A	GGACC	ok	True
chr2	13139215	13139216	+	0.260116	mod_ratio	865	977	A	AGACC	ok	True
chr2	13139651	13139652	+	0.212882	mod_ratio	916	1043	A	GGACC	ok	True
chr2	13139696	13139697	+	0.170455	mod_ratio	968	1056	A	GAACA	ok	True
chr2	13139743	13139744	+	0.166324	mod_ratio	974	1062	A	GAACT	ok	True
chr2	13140117	13140118	+	0.60521	mod_ratio	998	1139	A	GAACT	ok	True
chr2	13141573	13141574	+	0.357692	mod_ratio	260	302	A	AAACT	ok	True
chr2	13141986	13141987	+	0.229323	mod_ratio	266	317	A	GGACC	ok	True
chr2	13142042	13142043	+	0.801498	mod_ratio	267	324	A	AGACG	ok	False
chr2	13142392	13142393	+	0.2	mod_ratio	305	352	A	AAACA	ok	True
chr2	13142485	13142486	+	0.248299	mod_ratio	294	353	A	AAACG	ok	False
chr2	13142490	13142491	+	0.291536	mod_ratio	319	354	A	GAACT	ok	True
chr2	13162628	13162629	+	0.545455	mod_ratio	44	58	A	AAACG	ok	False
chr2	13162659	13162660	+	0.52	mod_ratio	50	59	A	AGACA	ok	True
chr2	13174750	13174751	+	0.846995	mod_ratio	183	208	A	AAACA	ok	True
chr2	13174808	13174809	+	0.679144	mod_ratio	187	212	A	GGACA	ok	True
chr2	13175036	13175037	+	0.235	mod_ratio	200	234	A	GGACT	ok	True
chr2	13175263	13175264	+	0.858586	mod_ratio	198	259	A	AGACG	ok	False
chr2	13175347	13175348	+	0.482906	mod_ratio	234	269	A	GAACC	ok	True
chr2	13175434	13175435	+	0.472803	mod_ratio	239	280	A	AAACC	ok	True
chr2	13175735	13175736	+	0.108844	mod_ratio	294	310	A	AGACC	ok	True
chr2	13175848	13175849	+	0.410072	mod_ratio	278	324	A	GGACG	ok	False
chr2	13176195	13176196	+	0.102941	mod_ratio	340	382	A	GAACA	ok	True
chr2	13176350	13176351	+	0.361371	mod_ratio	321	384	A	GAACA	ok	True
chr2	13176364	13176365	+	0.118343	mod_ratio	338	390	A	GGACA	ok	True
chr2	13176586	13176587	+	0.857527	mod_ratio	372	419	A	AGACA	ok	True
chr2	13176736	13176737	+	0.629213	mod_ratio	356	414	A	GGACC	ok	True
chr2	13176798	13176799	+	0.272959	mod_ratio	392	443	A	AAACT	ok	True
chr2	13176847	13176848	+	0.483951	mod_ratio	405	454	A	AAACT	ok	True
chr2	13176855	13176856	+	0.90404	mod_ratio	396	457	A	AGACA	ok	True
chr2	13176941	13176942	+	0.428218	mod_ratio	404	465	A	AAACT	ok	True
chr2	13177119	13177120	+	0.483986	mod_ratio	281	427	A	AAACT	ok	True
chr2	13180980	13180981	+	0.632353	mod_ratio	68	78	A	AGACC	ok	True
chr2	13181294	13181295	+	0.8625	mod_ratio	80	86	A	AAACA	ok	True
chr2	13181743	13181744	+	0.730159	mod_ratio	63	87	A	AGACA	ok	True
chr2	13181859	13181860	+	0.975	mod_ratio	40	74	A	AAACG	ok	False
chr2	13182223	13182224	-	0.612245	mod_ratio	49	59	T	CGTCT	ok	False
chr2	13183035	13183036	-	0.710526	mod_ratio	38	50	T	AGTTT	ok	True
chr2	13183779	13183780	-	0.72093	mod_ratio	43	47	T	GGTTT	ok	True
chr2	13183970	13183971	-	0.55	mod_ratio	40	46	T	GGTTT	ok	True
chr2	13184308	13184309	-	0.536585	mod_ratio	41	44	T	TGTTC	ok	True
chr2	13184321	13184322	-	0.675	mod_ratio	40	43	T	CGTTC	ok	False
chr2	13184558	13184559	-	0.923077	mod_ratio	39	43	T	TGTTT	ok	True
chr2	13185786	13185787	-	0.8	mod_ratio	30	43	T	CGTTT	ok	False
chr2	13209016	13209017	-	0.767442	mod_ratio	43	73	T	AGTTT	ok	True
chr2	13209033	13209034	-	0.73913	mod_ratio	46	105	T	TTTTT	ok	False
chr2	13209132	13209133	-	0.348485	mod_ratio	66	89	T	GGTTT	ok	True
chr2	13209361	13209362	-	0.506024	mod_ratio	83	105	T	CGTTC	ok	False
chr2	13210026	13210027	-	0.906667	mod_ratio	75	89	T	CGTCT	ok	False
chr2	13210779	13210780	-	0.376812	mod_ratio	69	79	T	TGTTC	ok	True
chr2	13210904	13210905	-	0.421053	mod_ratio	57	74	T	GGTTT	ok	True
chr2	13270655	13270656	+	0.722222	mod_ratio	36	40	A	AAACT	ok	True
chr2	13271106	13271107	+	0.974359	mod_ratio	39	42	A	AAACG	ok	False
chr2	13271448	13271449	+	0.83871	mod_ratio	31	41	A	AAACA	ok	True
chr2	13271584	13271585	+	0.536585	mod_ratio	41	43	A	GGACG	ok	False
chr2	13271716	13271717	+	0.594595	mod_ratio	37	41	A	AAACT	ok	True
chr2	13295055	13295056	+	0.645833	mod_ratio	48	64	A	AAACT	ok	True
chr2	13368799	13368800	+	1	mod_ratio	27	30	A	AGACA	ok	True
chr2	13372249	13372250	-	0.780488	mod_ratio	41	52	T	TGTCT	ok	True
chr2	13380719	13380720	+	1	mod_ratio	23	26	A	AAACG	ok	False
chr2	13382259	13382260	+	0.481481	mod_ratio	54	67	A	AAACT	ok	True
chr2	13383302	13383303	+	0.469697	mod_ratio	66	79	A	AAACT	ok	True
chr2	13383476	13383477	-	0.473684	mod_ratio	76	95	T	CGTCT	ok	False
chr2	13383631	13383632	-	0.3	mod_ratio	80	93	T	TGTTT	ok	True
chr2	13383921	13383922	-	0.577778	mod_ratio	45	88	T	GGTTT	ok	True
chr2	13384662	13384663	-	0.730769	mod_ratio	78	84	T	GGTCT	ok	True
chr2	13384736	13384737	-	0.622951	mod_ratio	61	78	T	TGTCC	ok	True
chr2	13387144	13387145	-	0.454545	mod_ratio	66	81	T	GGTCC	ok	True
chr2	13387317	13387318	-	0.5	mod_ratio	58	79	T	AGTTT	ok	True
chr2	13387377	13387378	-	0.416667	mod_ratio	72	79	T	CGTCC	ok	False
chr2	13387443	13387444	-	0.73913	mod_ratio	69	79	T	CGTCT	ok	False
chr2	13387886	13387887	-	0.666667	mod_ratio	57	67	T	TGTTT	ok	True
chr2	13387943	13387944	-	0.40625	mod_ratio	64	73	T	AGTCC	ok	True
chr2	13388020	13388021	-	0.435484	mod_ratio	62	70	T	CGTTT	ok	False
chr2	13388534	13388535	-	0.440678	mod_ratio	59	61	T	GGTTT	ok	True
chr2	13388617	13388618	-	0.586207	mod_ratio	58	59	T	CGTTC	ok	False
chr2	13388677	13388678	-	0.73913	mod_ratio	46	56	T	TGTTT	ok	True
chr2	13392086	13392087	-	0.636364	mod_ratio	44	62	T	AGTTT	ok	True
chr2	13392637	13392638	-	0.611111	mod_ratio	36	40	T	TGTCT	ok	True
chr2	13392759	13392760	-	0.909091	mod_ratio	33	39	T	CGTTT	ok	False
chr2	13413057	13413058	+	0.343915	mod_ratio	189	233	A	AGACG	ok	False
chr2	13413071	13413072	+	0.444444	mod_ratio	207	228	A	AAACC	ok	True
chr2	13413108	13413109	+	0.360294	mod_ratio	136	231	A	GAACC	ok	True
chr2	13413174	13413175	+	0.392857	mod_ratio	140	230	A	AAACA	ok	True
chr2	13413179	13413180	+	0.353383	mod_ratio	133	190	A	AAACT	ok	True
chr2	13438030	13438031	-	0.533333	mod_ratio	90	147	T	GGTTT	ok	True
chr2	13438034	13438035	-	0.262712	mod_ratio	118	163	T	TGTTT	ok	True
chr2	13438225	13438226	-	0.528571	mod_ratio	280	337	T	TGTCC	ok	True
chr2	13438236	13438237	-	0.699324	mod_ratio	296	330	T	AGTTT	ok	True
chr2	13438414	13438415	-	0.197917	mod_ratio	288	314	T	AGTTC	ok	True
chr2	13438734	13438735	-	0.422053	mod_ratio	263	313	T	AGTTT	ok	True
chr2	13438762	13438763	-	0.153558	mod_ratio	267	313	T	GGTTC	ok	True
chr2	13438768	13438769	-	0.507752	mod_ratio	258	313	T	TGTCC	ok	True
chr2	13438950	13438951	-	0.184906	mod_ratio	265	298	T	AGTTC	ok	True
chr2	13439434	13439435	-	0.273973	mod_ratio	146	167	T	AGTTT	ok	True
chr2	13439451	13439452	-	0.583012	mod_ratio	259	296	T	GGTCC	ok	True
chr2	13451345	13451346	+	0.677966	mod_ratio	236	283	A	AGACA	ok	True
chr2	13451360	13451361	+	0.666667	mod_ratio	252	288	A	AGACA	ok	True
chr2	13451493	13451494	+	0.797619	mod_ratio	252	289	A	GGACC	ok	True
chr2	13451519	13451520	+	0.123016	mod_ratio	252	287	A	AGACA	ok	True
chr2	13451771	13451772	+	0.736842	mod_ratio	57	276	A	AGACA	ok	True
chr2	13472636	13472637	-	0.24	mod_ratio	100	120	T	AGTTT	ok	True
chr2	13472663	13472664	-	0.850575	mod_ratio	87	117	T	GGTCC	ok	True
chr2	13473010	13473011	-	0.506173	mod_ratio	81	95	T	AGTTT	ok	True
chr2	13473340	13473341	-	0.320988	mod_ratio	81	93	T	TGTTC	ok	True
chr2	13497372	13497373	+	0.403509	mod_ratio	57	67	A	AAACC	ok	True
chr2	13497394	13497395	+	0.564516	mod_ratio	62	67	A	AAACG	ok	False
chr2	13497411	13497412	+	0.610169	mod_ratio	59	69	A	AAACG	ok	False
chr2	13497624	13497625	+	0.537037	mod_ratio	54	81	A	GGACC	ok	True
chr2	13497636	13497637	+	0.726027	mod_ratio	73	82	A	AAACG	ok	False
chr2	13499188	13499189	+	0.56962	mod_ratio	79	93	A	GGACC	ok	True
chr2	13499214	13499215	+	0.915663	mod_ratio	83	96	A	AGACA	ok	True
chr2	13499238	13499239	+	0.41573	mod_ratio	89	97	A	AGACT	ok	True
chr2	13499932	13499933	+	0.733333	mod_ratio	90	102	A	GGACG	ok	False
chr2	13518351	13518352	+	0.813953	mod_ratio	43	57	A	AAACG	ok	False
chr2	13519006	13519007	+	0.819672	mod_ratio	61	71	A	GGACA	ok	True
chr2	13519057	13519058	+	0.711538	mod_ratio	52	68	A	GGACA	ok	True
chr2	13519485	13519486	+	0.424242	mod_ratio	66	82	A	GGACC	ok	True
chr2	13519542	13519543	+	0.328767	mod_ratio	73	82	A	GAACT	ok	True
chr2	13519558	13519559	+	0.753425	mod_ratio	73	84	A	AGACA	ok	True
chr2	13519568	13519569	+	0.671053	mod_ratio	76	84	A	AGACG	ok	False
chr2	13519633	13519634	+	0.492958	mod_ratio	71	80	A	GGACA	ok	True
chr2	13519690	13519691	+	0.328571	mod_ratio	70	85	A	AAACC	ok	True
chr2	13519862	13519863	+	0.310811	mod_ratio	74	89	A	GAACT	ok	True
chr2	13520176	13520177	+	0.543478	mod_ratio	92	110	A	AAACT	ok	True
chr2	13527005	13527006	+	0.756757	mod_ratio	37	39	A	AAACC	ok	True
chr2	13527813	13527814	+	0.692308	mod_ratio	39	45	A	AGACA	ok	True
chr2	13528328	13528329	+	0.589744	mod_ratio	39	45	A	AGACA	ok	True
chr2	13639086	13639087	-	0.42029	mod_ratio	276	348	T	TGTTC	ok	True
chr2	13639087	13639088	-	0.712766	mod_ratio	94	441	T	GTTCC	ok	False
chr2	13639097	13639098	-	0.333333	mod_ratio	78	433	T	AATCT	ok	False
chr2	13639258	13639259	-	0.650641	mod_ratio	312	380	T	TGTTT	ok	True
chr2	13639271	13639272	-	0.6875	mod_ratio	32	445	T	TGTCT	ok	True
chr2	13639581	13639582	-	0.164706	mod_ratio	170	213	T	TGTTT	ok	True
chr2	13639582	13639583	-	0.159292	mod_ratio	226	445	T	GTTTT	ok	False
chr2	13640808	13640809	-	0.709677	mod_ratio	31	40	T	TGTTT	ok	True
chr2	13641379	13641380	-	0.764706	mod_ratio	34	38	T	TGTTC	ok	True
chr2	13642738	13642739	-	0.534247	mod_ratio	73	81	T	TGTCC	ok	True
chr2	13643188	13643189	-	0.5	mod_ratio	62	67	T	GGTTT	ok	True
chr2	13644536	13644537	+	0.473684	mod_ratio	57	60	A	AGACA	ok	True
chr2	13645020	13645021	+	0.5625	mod_ratio	64	71	A	AAACC	ok	True
chr2	13645277	13645278	+	0.38806	mod_ratio	67	72	A	AAACT	ok	True
chr2	13659056	13659057	+	0.6875	mod_ratio	48	52	A	AAACA	ok	True
chr2	13659746	13659747	+	0.471698	mod_ratio	53	58	A	AAACA	ok	True
chr2	13659780	13659781	+	0.698413	mod_ratio	63	69	A	AAACA	ok	True
chr2	13659903	13659904	+	0.627119	mod_ratio	59	75	A	GGACA	ok	True
chr2	13659977	13659978	+	0.761194	mod_ratio	67	79	A	AGACA	ok	True
chr2	13660476	13660477	+	0.869048	mod_ratio	84	96	A	AGACG	ok	False
chr2	13672322	13672323	-	0.423077	mod_ratio	52	59	T	AGTTT	ok	True
chr2	13672634	13672635	-	0.660377	mod_ratio	53	58	T	CGTTC	ok	False
chr2	13672667	13672668	-	0.489362	mod_ratio	47	56	T	GGTTT	ok	True
chr2	13679690	13679691	-	0.4375	mod_ratio	64	70	T	GGTTC	ok	True
chr2	13679827	13679828	-	0.527273	mod_ratio	55	68	T	AGTTT	ok	True
chr2	13680010	13680011	-	0.566038	mod_ratio	53	65	T	CGTTT	ok	False
chr2	13680166	13680167	-	0.548387	mod_ratio	62	69	T	CGTTT	ok	False
chr2	13680675	13680676	-	0.553571	mod_ratio	56	62	T	TGTCT	ok	True
chr2	13680925	13680926	-	0.942857	mod_ratio	35	41	T	TGTCT	ok	True
chr2	13681111	13681112	-	0.714286	mod_ratio	35	39	T	GGTCC	ok	True
chr2	13788842	13788843	-	0.478873	mod_ratio	71	84	T	TGTTC	ok	True
chr2	13788995	13788996	-	0.920635	mod_ratio	63	81	T	TGTCT	ok	True
chr2	13789016	13789017	-	0.462687	mod_ratio	67	78	T	TGTTT	ok	True
chr2	13789030	13789031	-	0.626866	mod_ratio	67	78	T	CGTCC	ok	False
chr2	13789101	13789102	-	0.763636	mod_ratio	55	76	T	GGTCT	ok	True
chr2	13789286	13789287	-	0.630435	mod_ratio	46	73	T	GGTTT	ok	True
chr2	13789364	13789365	-	0.353846	mod_ratio	65	75	T	GGTCT	ok	True
chr2	13789859	13789860	-	0.827586	mod_ratio	29	57	T	GTTTT	ok	False
chr2	13790011	13790012	-	0.72093	mod_ratio	43	49	T	TGTTT	ok	True
chr2	13805837	13805838	-	0.982143	mod_ratio	56	60	T	TGTTT	ok	True
chr2	13817080	13817081	+	0.827586	mod_ratio	29	31	A	GGACA	ok	True
chr2	13817947	13817948	+	0.658537	mod_ratio	41	43	A	AGACC	ok	True
chr2	13824900	13824901	+	0.71875	mod_ratio	32	34	A	AAACC	ok	True
chr2	13825374	13825375	+	0.75	mod_ratio	32	39	A	AAACA	ok	True
chr2	13825792	13825793	+	0.684211	mod_ratio	38	43	A	AAACC	ok	True
chr2	13826578	13826579	+	0.657895	mod_ratio	38	49	A	AGACG	ok	False
chr2	13826838	13826839	+	0.729167	mod_ratio	48	55	A	AGACG	ok	False
chr2	13833793	13833794	-	1	mod_ratio	23	26	T	TGTCC	ok	True
chr2	13847627	13847628	-	0.923077	mod_ratio	26	32	T	TGTCT	ok	True
chr2	13851659	13851660	+	0.358974	mod_ratio	78	94	A	AAACC	ok	True
chr2	13851692	13851693	+	0.658537	mod_ratio	82	94	A	GAACG	ok	False
chr2	13852004	13852005	+	0.378049	mod_ratio	82	95	A	AAACT	ok	True
chr2	13864407	13864408	-	0.775	mod_ratio	80	95	T	GGTTT	ok	True
chr2	13864428	13864429	-	0.513514	mod_ratio	74	93	T	GGTTT	ok	True
chr2	13864443	13864444	-	0.486842	mod_ratio	76	91	T	TGTTT	ok	True
chr2	13864549	13864550	-	0.558442	mod_ratio	77	89	T	GGTTC	ok	True
chr2	13864553	13864554	-	0.912281	mod_ratio	57	79	T	CGTTT	ok	False
chr2	13871092	13871093	+	0.821429	mod_ratio	28	28	A	GGACA	ok	True
chr2	13871415	13871416	+	0.851852	mod_ratio	27	31	A	AAACG	ok	False
chr2	13877112	13877113	-	0.75	mod_ratio	64	87	T	TGTCT	ok	True
chr2	13877132	13877133	-	0.878788	mod_ratio	66	82	T	TGTTT	ok	True
chr2	13945258	13945259	-	0.468085	mod_ratio	47	52	T	AGTTT	ok	True
chr2	13945284	13945285	-	0.73913	mod_ratio	46	53	T	GGTCC	ok	True
chr2	13945576	13945577	-	0.625	mod_ratio	40	50	T	GGTCC	ok	True
chr2	13945678	13945679	-	0.928571	mod_ratio	42	48	T	AGTTT	ok	True
chr2	13945847	13945848	-	0.978261	mod_ratio	46	46	T	CGTTT	ok	False
chr2	13946032	13946033	-	0.727273	mod_ratio	44	48	T	CGTCC	ok	False
chr2	13949269	13949270	-	0.774194	mod_ratio	31	33	T	GGTCC	ok	True
chr2	13982973	13982974	+	0.766667	mod_ratio	30	36	A	AGACA	ok	True
chr2	14018770	14018771	-	0.247312	mod_ratio	93	117	T	AGTCT	ok	True
chr2	14018831	14018832	-	0.569343	mod_ratio	137	230	T	TGTTT	ok	True
chr2	14018864	14018865	-	0.865471	mod_ratio	223	292	T	GGTCT	ok	True
chr2	14019095	14019096	-	0.549356	mod_ratio	233	313	T	CGTTT	ok	False
chr2	14019110	14019111	-	0.216867	mod_ratio	249	314	T	TGTCC	ok	True
chr2	14019574	14019575	-	0.16087	mod_ratio	230	277	T	CGTTC	ok	False
chr2	14019736	14019737	-	0.170124	mod_ratio	241	273	T	GGTTC	ok	True
chr2	14020538	14020539	-	0.113861	mod_ratio	202	217	T	AGTCC	ok	True
chr2	14043776	14043777	-	0.384615	mod_ratio	78	88	T	TGTTC	ok	True
chr2	14044080	14044081	-	0.789474	mod_ratio	57	63	T	TGTTT	ok	True
chr2	14044429	14044430	-	0.808824	mod_ratio	68	84	T	AGTTT	ok	True
chr2	14044612	14044613	-	0.333333	mod_ratio	72	83	T	CGTTC	ok	False
chr2	14047794	14047795	-	0.191667	mod_ratio	120	134	T	GGTTT	ok	True
chr2	14047823	14047824	-	0.544643	mod_ratio	112	168	T	CGTCC	ok	False
chr2	14047920	14047921	-	0.391667	mod_ratio	120	167	T	CGTCC	ok	False
chr2	14048060	14048061	-	0.714286	mod_ratio	105	157	T	CGTTT	ok	False
chr2	14048708	14048709	-	0.255639	mod_ratio	133	143	T	TGTCC	ok	True
chr2	14049171	14049172	-	0.447154	mod_ratio	123	132	T	GGTTT	ok	True
chr2	14049323	14049324	-	0.509434	mod_ratio	106	131	T	GGTCT	ok	True
chr2	14049910	14049911	-	0.386139	mod_ratio	101	114	T	GGTTT	ok	True
chr2	14050265	14050266	-	0.479452	mod_ratio	73	101	T	CGTTT	ok	False
chr2	14066541	14066542	+	0.8	mod_ratio	90	105	A	AAACT	ok	True
chr2	14066570	14066571	+	0.781609	mod_ratio	87	112	A	GGACA	ok	True
chr2	14067148	14067149	+	0.308411	mod_ratio	107	121	A	GAACT	ok	True
chr2	14067153	14067154	+	0.906542	mod_ratio	107	122	A	AGACG	ok	False
chr2	14067238	14067239	+	0.583333	mod_ratio	108	119	A	AAACA	ok	True
chr2	14067406	14067407	+	0.505495	mod_ratio	91	108	A	AAACT	ok	True
chr2	14079101	14079102	+	0.170213	mod_ratio	141	170	A	GGACC	ok	True
chr2	14080134	14080135	+	0.821429	mod_ratio	28	50	A	AGACA	ok	True
chr2	14098332	14098333	+	0.72549	mod_ratio	51	62	A	AAACG	ok	False
chr2	14098511	14098512	+	0.859649	mod_ratio	57	64	A	AGACG	ok	False
chr2	14098536	14098537	+	0.854167	mod_ratio	48	63	A	GAACG	ok	False
chr2	14098718	14098719	+	0.735294	mod_ratio	34	47	A	AAACC	ok	True
chr2	14099924	14099925	+	0.571429	mod_ratio	42	46	A	GGACA	ok	True
chr2	14114596	14114597	-	0.944444	mod_ratio	36	37	T	CGTTT	ok	False
chr2	14126562	14126563	-	0.875	mod_ratio	40	48	T	TGTCT	ok	True
chr2	14126856	14126857	-	0.860465	mod_ratio	43	47	T	CGTCT	ok	False
chr2	14128116	14128117	-	0.96	mod_ratio	25	38	T	TGTCT	ok	True
chr2	14129153	14129154	-	0.78125	mod_ratio	32	34	T	TGTTT	ok	True
chr2	14143609	14143610	-	0.608871	mod_ratio	248	323	T	TGTCT	ok	True
chr2	14143633	14143634	-	0.493827	mod_ratio	162	348	T	CGTCT	ok	False
chr2	14143671	14143672	-	0.660377	mod_ratio	265	327	T	CGTTT	ok	False
chr2	14143672	14143673	-	0.469388	mod_ratio	49	381	T	GTTTC	ok	False
chr2	14143783	14143784	-	0.160535	mod_ratio	299	379	T	GGTCC	ok	True
chr2	14144208	14144209	-	0.150769	mod_ratio	325	356	T	GGTTC	ok	True
chr2	14144290	14144291	-	0.175719	mod_ratio	313	349	T	CGTTC	ok	False
chr2	14145086	14145087	-	0.461538	mod_ratio	117	144	T	CGTCC	ok	False
chr2	14145706	14145707	-	0.391304	mod_ratio	92	121	T	AGTTT	ok	True
chr2	14145719	14145720	-	0.636364	mod_ratio	99	121	T	GGTCC	ok	True
chr2	14145885	14145886	-	0.873418	mod_ratio	79	99	T	CGTTT	ok	False
chr2	14145949	14145950	-	0.695652	mod_ratio	92	117	T	TGTTC	ok	True
chr2	14146300	14146301	-	0.457944	mod_ratio	107	119	T	CGTTC	ok	False
chr2	14146406	14146407	-	0.912088	mod_ratio	91	113	T	TGTCT	ok	True
chr2	14157527	14157528	+	0.75	mod_ratio	32	40	A	AGACC	ok	True
chr2	14174286	14174287	+	0.27551	mod_ratio	392	452	A	AAACT	ok	True
chr2	14174331	14174332	+	0.139842	mod_ratio	379	458	A	GGACT	ok	True
chr2	14174496	14174497	+	0.534247	mod_ratio	292	361	A	AGACA	ok	True
chr2	14174512	14174513	+	0.356401	mod_ratio	289	349	A	AGACT	ok	True
chr2	14174525	14174526	+	0.479452	mod_ratio	292	380	A	AAACG	ok	False
chr2	14174531	14174532	+	0.378788	mod_ratio	66	318	A	AAACA	ok	True
chr2	14174535	14174536	+	0.429379	mod_ratio	177	259	A	AAACT	ok	True
chr2	14176838	14176839	-	0.383721	mod_ratio	86	99	T	TGTCC	ok	True
chr2	14177959	14177960	-	0.56	mod_ratio	75	88	T	AGTTT	ok	True
chr2	14225611	14225612	+	0.972973	mod_ratio	37	61	A	AAACG	ok	False
chr2	14225659	14225660	+	0.660377	mod_ratio	53	64	A	GGACC	ok	True
chr2	14225835	14225836	+	0.446429	mod_ratio	56	61	A	AAACA	ok	True
chr2	14237055	14237056	-	0.888889	mod_ratio	27	31	T	CGTTT	ok	False
chr2	14237263	14237264	-	0.961538	mod_ratio	26	29	T	CGTCT	ok	False
chr2	14271632	14271633	+	1	mod_ratio	22	47	A	GGACC	ok	True
chr2	14300922	14300923	-	0.481752	mod_ratio	137	341	T	GTTTT	ok	False
chr2	14300981	14300982	-	0.95941	mod_ratio	271	319	T	TGTCT	ok	True
chr2	14301134	14301135	-	0.705085	mod_ratio	295	333	T	GGTCT	ok	True
chr2	14301735	14301736	-	0.293907	mod_ratio	279	315	T	TGTTT	ok	True
chr2	14301818	14301819	-	0.325	mod_ratio	240	290	T	TGTTT	ok	True
chr2	14302028	14302029	-	0.330357	mod_ratio	224	283	T	GGTCC	ok	True
chr2	14302069	14302070	-	0.894515	mod_ratio	237	269	T	TGTCT	ok	True
chr2	14302162	14302163	-	0.140127	mod_ratio	157	219	T	TGTTT	ok	True
chr2	14302183	14302184	-	0.274112	mod_ratio	197	237	T	GGTTT	ok	True
chr2	14302297	14302298	-	0.673575	mod_ratio	193	230	T	GGTTC	ok	True
chr2	14317213	14317214	+	0.857143	mod_ratio	28	31	A	AAACA	ok	True
chr2	14321204	14321205	-	0.472727	mod_ratio	55	64	T	TGTTT	ok	True
chr2	14321365	14321366	-	0.42623	mod_ratio	61	65	T	GGTTT	ok	True
chr2	14321579	14321580	-	0.642857	mod_ratio	42	55	T	TGTCC	ok	True
chr2	14321693	14321694	-	0.925	mod_ratio	40	47	T	CGTTT	ok	False
chr2	14324563	14324564	-	0.418919	mod_ratio	74	89	T	GGTTC	ok	True
chr2	14325038	14325039	-	0.492958	mod_ratio	71	93	T	AGTTT	ok	True
chr2	14378100	14378101	-	0.733333	mod_ratio	30	35	T	CGTCC	ok	False
chr2	14378632	14378633	-	0.961538	mod_ratio	26	31	T	TGTCT	ok	True
chr2	14378946	14378947	-	0.888889	mod_ratio	27	29	T	TGTCT	ok	True
chr2	14462862	14462863	+	0.390805	mod_ratio	87	100	A	GAACT	ok	True
chr2	14463222	14463223	+	0.786667	mod_ratio	75	103	A	GGACA	ok	True
chr2	14463937	14463938	+	0.280374	mod_ratio	107	123	A	GGACA	ok	True
chr2	14464369	14464370	+	0.311321	mod_ratio	106	130	A	AAACT	ok	True
chr2	14464387	14464388	+	0.289474	mod_ratio	114	137	A	GAACA	ok	True
chr2	14464652	14464653	+	0.358333	mod_ratio	120	137	A	AAACA	ok	True
chr2	14464684	14464685	+	0.195122	mod_ratio	123	141	A	AGACT	ok	True
chr2	14464709	14464710	+	0.650407	mod_ratio	123	140	A	AAACG	ok	False
chr2	14464778	14464779	+	0.594595	mod_ratio	111	131	A	AGACG	ok	False
chr2	14477821	14477822	-	0.458333	mod_ratio	48	60	T	AGTTT	ok	True
chr2	14478619	14478620	-	0.4	mod_ratio	60	68	T	CGTTC	ok	False
chr2	14522608	14522609	-	0.430852	mod_ratio	7831	8672	T	GGTTC	ok	True
chr2	14522642	14522643	-	0.186275	mod_ratio	612	8815	T	AGTTC	ok	True
chr2	14522791	14522792	-	0.206897	mod_ratio	290	9209	T	GGTTC	ok	True
chr2	14522908	14522909	-	0.414286	mod_ratio	70	9012	T	GGTCA	ok	True
chr2	14522912	14522913	-	0.835366	mod_ratio	164	6973	T	AGTAG	ok	False
chr2	14522929	14522930	-	0.827586	mod_ratio	29	8960	T	GGTCG	ok	False
chr2	14523085	14523086	-	0.178827	mod_ratio	7538	8294	T	AGTCC	ok	True
chr2	14523097	14523098	-	0.653846	mod_ratio	52	8528	T	CGTCG	ok	False
chr2	14523154	14523155	-	0.171338	mod_ratio	6957	8384	T	CGTTC	ok	False
chr2	14523248	14523249	-	0.114474	mod_ratio	6840	7480	T	GGTCT	ok	True
chr2	14523277	14523278	-	0.700545	mod_ratio	6602	7976	T	TGTCC	ok	True
chr2	14523358	14523359	-	0.467742	mod_ratio	62	7786	T	GGTCA	ok	True
chr2	14523367	14523368	-	0.4	mod_ratio	150	7671	T	CGTAC	ok	False
chr2	14523525	14523526	-	0.251608	mod_ratio	2798	6071	T	GTTTT	ok	False
chr2	14523532	14523533	-	0.291139	mod_ratio	79	5821	T	TGTTT	ok	True
chr2	14523533	14523534	-	0.32	mod_ratio	125	7332	T	GTTTT	ok	False
chr2	14524904	14524905	+	0.382874	mod_ratio	1016	1139	A	GAACC	ok	True
chr2	14525055	14525056	+	0.536	mod_ratio	1000	1153	A	GGACA	ok	True
chr2	14525178	14525179	+	0.185674	mod_ratio	1061	1257	A	GAACG	ok	False
chr2	14525247	14525248	+	0.154463	mod_ratio	997	1087	A	GGACT	ok	True
chr2	14525550	14525551	+	0.306338	mod_ratio	284	1299	A	GGACC	ok	True
chr2	14529657	14529658	+	0.653846	mod_ratio	52	126	A	AGACA	ok	True
chr2	14529905	14529906	+	0.540984	mod_ratio	183	229	A	GGACA	ok	True
chr2	14529909	14529910	+	0.331579	mod_ratio	190	228	A	AAACC	ok	True
chr2	14529990	14529991	+	0.277228	mod_ratio	202	230	A	AAACA	ok	True
chr2	14530231	14530232	+	0.464455	mod_ratio	211	245	A	GGACA	ok	True
chr2	14530320	14530321	+	0.65625	mod_ratio	192	257	A	GGACA	ok	True
chr2	14530331	14530332	+	0.278761	mod_ratio	226	261	A	GAACC	ok	True
chr2	14530362	14530363	+	0.191176	mod_ratio	204	249	A	GGACT	ok	True
chr2	14530451	14530452	+	0.196721	mod_ratio	244	267	A	AAACG	ok	False
chr2	14530689	14530690	+	0.620833	mod_ratio	240	270	A	AAACG	ok	False
chr2	14530732	14530733	+	0.595556	mod_ratio	225	272	A	AAACT	ok	True
chr2	14530760	14530761	+	0.430556	mod_ratio	144	297	A	AAACC	ok	True
chr2	14530794	14530795	+	0.422857	mod_ratio	175	315	A	AAACA	ok	True
chr2	14530807	14530808	+	0.21875	mod_ratio	160	255	A	AGACT	ok	True
chr2	14530859	14530860	-	0.736842	mod_ratio	57	83	T	AGTTT	ok	True
chr2	14530882	14530883	-	0.442623	mod_ratio	61	66	T	GGTCT	ok	True
chr2	14531168	14531169	-	0.471698	mod_ratio	53	59	T	AGTCT	ok	True
chr2	14531619	14531620	-	0.588235	mod_ratio	51	56	T	TGTTT	ok	True
chr2	14532746	14532747	-	0.719512	mod_ratio	82	322	T	GGTTT	ok	True
chr2	14532747	14532748	-	0.695783	mod_ratio	332	658	T	GTTTT	ok	False
chr2	14532779	14532780	-	0.201365	mod_ratio	293	872	T	AATCC	ok	False
chr2	14532913	14532914	-	0.853556	mod_ratio	478	565	T	CGTTT	ok	False
chr2	14532975	14532976	-	0.887262	mod_ratio	683	893	T	GGTCT	ok	True
chr2	14533026	14533027	-	0.936533	mod_ratio	646	832	T	TGTTT	ok	True
chr2	14533070	14533071	-	0.907734	mod_ratio	737	876	T	TGTCT	ok	True
chr2	14533243	14533244	-	0.165101	mod_ratio	745	846	T	GGTTC	ok	True
chr2	14533949	14533950	-	0.262248	mod_ratio	694	805	T	CGTTC	ok	False
chr2	14534167	14534168	-	0.771739	mod_ratio	184	421	T	CGTCT	ok	False
chr2	14548503	14548504	-	0.925	mod_ratio	40	43	T	TGTTT	ok	True
chr2	14560289	14560290	+	0.450704	mod_ratio	71	74	A	AAACT	ok	True
chr2	14562379	14562380	+	0.392523	mod_ratio	107	110	A	AGACA	ok	True
chr2	14562422	14562423	+	0.695652	mod_ratio	92	115	A	AGACG	ok	False
chr2	14562823	14562824	+	0.653846	mod_ratio	52	75	A	GGACT	ok	True
chr2	14568085	14568086	-	0.545455	mod_ratio	77	89	T	CGTCT	ok	False
chr2	14568870	14568871	-	0.657895	mod_ratio	38	73	T	GTTTT	ok	False
chr2	14569100	14569101	-	0.421053	mod_ratio	57	73	T	CGTTT	ok	False
chr2	14577239	14577240	+	0.696203	mod_ratio	79	84	A	AAACC	ok	True
chr2	14577284	14577285	+	0.513514	mod_ratio	74	85	A	AAACC	ok	True
chr2	14577342	14577343	+	0.922078	mod_ratio	77	88	A	AGACA	ok	True
chr2	14577555	14577556	+	0.333333	mod_ratio	81	93	A	GAACA	ok	True
chr2	14577677	14577678	+	0.612903	mod_ratio	93	98	A	AAACC	ok	True
chr2	14577983	14577984	+	0.64	mod_ratio	100	114	A	AAACC	ok	True
chr2	14577989	14577990	+	0.505155	mod_ratio	97	112	A	AAACT	ok	True
chr2	14578177	14578178	+	0.372727	mod_ratio	110	120	A	AAACC	ok	True
chr2	14581554	14581555	+	0.766667	mod_ratio	30	33	A	AAACA	ok	True
chr2	14631818	14631819	+	0.786885	mod_ratio	61	77	A	AGACA	ok	True
chr2	14650182	14650183	-	0.578947	mod_ratio	38	51	T	CGTCT	ok	False
chr2	14651272	14651273	-	0.828571	mod_ratio	35	41	T	TGTCC	ok	True
chr2	14660475	14660476	-	0.595238	mod_ratio	42	56	T	GGTCT	ok	True
chr2	14660802	14660803	-	0.863636	mod_ratio	44	49	T	TGTTT	ok	True
chr2	14660948	14660949	-	0.8	mod_ratio	40	46	T	TGTCT	ok	True
chr2	14662216	14662217	-	0.787879	mod_ratio	33	37	T	TGTCC	ok	True
chr2	14663359	14663360	-	1	mod_ratio	22	26	T	TGTCT	ok	True
chr2	14667362	14667363	+	0.578947	mod_ratio	38	47	A	AAACG	ok	False
chr2	14667699	14667700	+	0.52381	mod_ratio	42	47	A	GAACA	ok	True
chr2	14668022	14668023	+	0.619048	mod_ratio	42	48	A	GGACA	ok	True
chr2	14708526	14708527	+	0.469512	mod_ratio	164	204	A	AAACC	ok	True
chr2	14708609	14708610	+	0.366492	mod_ratio	191	207	A	AGACT	ok	True
chr2	14709116	14709117	+	0.725714	mod_ratio	175	215	A	AGACA	ok	True
chr2	14709123	14709124	+	0.684492	mod_ratio	187	216	A	AAACC	ok	True
chr2	14709536	14709537	+	0.758621	mod_ratio	58	216	A	AAACG	ok	False
chr2	14709574	14709575	+	0.586387	mod_ratio	191	218	A	AAACT	ok	True
chr2	14709721	14709722	+	0.520661	mod_ratio	121	208	A	AAACA	ok	True
chr2	14710090	14710091	+	0.539474	mod_ratio	76	179	A	AAACA	ok	True
chr2	14710097	14710098	+	0.483146	mod_ratio	89	152	A	AAACT	ok	True
chr2	14710124	14710125	+	0.940594	mod_ratio	101	133	A	AGACG	ok	False
chr2	14765276	14765277	-	0.631579	mod_ratio	38	44	T	TGTTT	ok	True
chr2	14765361	14765362	-	0.727273	mod_ratio	44	49	T	TGTCT	ok	True
chr2	14805804	14805805	-	0.519231	mod_ratio	52	84	T	AGTCC	ok	True
chr2	14805832	14805833	-	0.931034	mod_ratio	58	77	T	CGTTT	ok	False
chr2	14805955	14805956	-	0.654762	mod_ratio	84	91	T	TGTCT	ok	True
chr2	14806564	14806565	-	0.5625	mod_ratio	64	81	T	TGTCC	ok	True
chr2	14849689	14849690	+	0.162963	mod_ratio	135	167	A	GGACA	ok	True
chr2	14849814	14849815	+	0.311258	mod_ratio	151	184	A	GAACG	ok	False
chr2	14849963	14849964	+	0.469388	mod_ratio	147	186	A	GGACA	ok	True
chr2	14849985	14849986	+	0.416667	mod_ratio	156	180	A	AGACT	ok	True
chr2	14851276	14851277	+	0.119048	mod_ratio	210	237	A	AGACA	ok	True
chr2	14851451	14851452	+	0.812785	mod_ratio	219	244	A	AGACG	ok	False
chr2	14851564	14851565	+	0.22973	mod_ratio	222	253	A	GAACA	ok	True
chr2	14851692	14851693	+	0.665158	mod_ratio	221	253	A	GGACC	ok	True
chr2	14891198	14891199	+	0.159763	mod_ratio	169	464	A	AAACA	ok	True
chr2	14891205	14891206	+	0.116592	mod_ratio	223	527	A	GAACA	ok	True
chr2	14891272	14891273	+	0.736842	mod_ratio	38	642	A	AAACG	ok	False
chr2	14891469	14891470	+	0.278505	mod_ratio	535	669	A	AAACA	ok	True
chr2	14891690	14891691	+	0.322115	mod_ratio	624	692	A	GAACT	ok	True
chr2	14891965	14891966	+	0.444816	mod_ratio	598	715	A	AAACC	ok	True
chr2	14892163	14892164	+	0.75	mod_ratio	232	406	A	AAACA	ok	True
chr2	14892169	14892170	+	0.51634	mod_ratio	153	232	A	AGACC	ok	True
chr2	14892178	14892179	+	0.474453	mod_ratio	137	188	A	AAACA	ok	True
chr2	14895499	14895500	-	0.783784	mod_ratio	37	52	T	CGTTC	ok	False
chr2	14895577	14895578	-	0.481481	mod_ratio	54	58	T	GGTCT	ok	True
chr2	14896477	14896478	-	0.772727	mod_ratio	44	52	T	TGTCC	ok	True
chr2	14898420	14898421	+	0.533333	mod_ratio	75	88	A	AAACG	ok	False
chr2	14898438	14898439	+	0.378788	mod_ratio	66	84	A	AAACT	ok	True
chr2	14898574	14898575	+	0.380435	mod_ratio	92	95	A	AAACG	ok	False
chr2	14898601	14898602	+	0.454545	mod_ratio	66	97	A	AAACC	ok	True
chr2	14898687	14898688	+	0.609756	mod_ratio	82	100	A	GGACA	ok	True
chr2	14899119	14899120	+	0.635417	mod_ratio	96	108	A	GAACG	ok	False
chr2	14899159	14899160	+	0.604396	mod_ratio	91	103	A	AAACT	ok	True
chr2	14913307	14913308	-	0.289157	mod_ratio	83	89	T	AGTTC	ok	True
chr2	14913473	14913474	-	0.367647	mod_ratio	68	80	T	AGTTC	ok	True
chr2	14913563	14913564	-	0.490566	mod_ratio	53	68	T	GGTTT	ok	True
chr2	14915597	14915598	+	0.878788	mod_ratio	33	40	A	AAACG	ok	False
chr2	14915630	14915631	+	0.875	mod_ratio	32	39	A	GGACC	ok	True
chr2	14915909	14915910	+	0.705882	mod_ratio	34	42	A	AAACA	ok	True
chr2	14946112	14946113	+	0.902439	mod_ratio	41	43	A	AGACA	ok	True
chr2	14947158	14947159	+	0.761905	mod_ratio	42	45	A	AGACG	ok	False
chr2	14981392	14981393	+	0.444444	mod_ratio	72	90	A	GGACA	ok	True
chr2	14981526	14981527	+	0.469697	mod_ratio	66	88	A	GAACC	ok	True
chr2	14981868	14981869	+	0.576087	mod_ratio	92	100	A	AAACG	ok	False
chr2	14981968	14981969	+	0.405405	mod_ratio	74	98	A	AAACA	ok	True
chr2	15041821	15041822	+	0.709677	mod_ratio	31	31	A	AGACA	ok	True
chr2	15042298	15042299	+	0.5	mod_ratio	60	72	A	AAACG	ok	False
chr2	15049595	15049596	+	0.6875	mod_ratio	32	35	A	AAACA	ok	True
chr2	15049822	15049823	+	0.694444	mod_ratio	36	37	A	AAACT	ok	True
chr2	15052445	15052446	+	0.175676	mod_ratio	148	183	A	GAACC	ok	True
chr2	15052691	15052692	+	0.662338	mod_ratio	154	181	A	AAACA	ok	True
chr2	15052906	15052907	+	0.142857	mod_ratio	168	198	A	GGACC	ok	True
chr2	15052921	15052922	+	0.694611	mod_ratio	167	201	A	AAACT	ok	True
chr2	15054220	15054221	+	0.383562	mod_ratio	73	81	A	AAACC	ok	True
chr2	15054318	15054319	+	0.298701	mod_ratio	77	83	A	GAACA	ok	True
chr2	15054560	15054561	+	0.805556	mod_ratio	72	86	A	AAACG	ok	False
chr2	15055072	15055073	+	0.406593	mod_ratio	91	95	A	GAACC	ok	True
chr2	15055458	15055459	+	0.344828	mod_ratio	87	107	A	GGACA	ok	True
chr2	15055725	15055726	+	0.53	mod_ratio	100	111	A	AAACC	ok	True
chr2	15055802	15055803	+	0.247191	mod_ratio	89	105	A	AGACT	ok	True
chr2	15055851	15055852	+	0.303922	mod_ratio	102	110	A	GAACT	ok	True
chr2	15055884	15055885	+	0.41573	mod_ratio	89	106	A	AAACA	ok	True
chr2	15055914	15055915	+	0.393939	mod_ratio	66	78	A	AAACT	ok	True
chr2	15107622	15107623	+	0.83871	mod_ratio	31	42	A	GGACG	ok	False
chr2	15142858	15142859	-	0.631579	mod_ratio	57	70	T	TGTCT	ok	True
chr2	15143288	15143289	-	0.378641	mod_ratio	103	114	T	GGTTT	ok	True
chr2	15143554	15143555	-	0.40404	mod_ratio	99	103	T	AGTTC	ok	True
chr2	15144025	15144026	-	0.404494	mod_ratio	89	98	T	AGTTC	ok	True
chr2	15168825	15168826	+	0.581633	mod_ratio	98	112	A	AAACT	ok	True
chr2	15169196	15169197	+	0.552083	mod_ratio	96	117	A	AGACC	ok	True
chr2	15169235	15169236	+	0.340426	mod_ratio	94	107	A	AAACA	ok	True
chr2	15169373	15169374	+	0.627907	mod_ratio	86	112	A	AAACA	ok	True
chr2	15169395	15169396	+	0.677778	mod_ratio	90	117	A	AAACC	ok	True
chr2	15169464	15169465	+	0.636364	mod_ratio	66	84	A	AGACA	ok	True
chr2	15169921	15169922	+	0.176471	mod_ratio	357	410	A	GAACC	ok	True
chr2	15170313	15170314	+	0.531343	mod_ratio	335	425	A	GGACC	ok	True
chr2	15170491	15170492	+	0.389972	mod_ratio	359	417	A	AAACT	ok	True
chr2	15170926	15170927	+	0.104218	mod_ratio	403	456	A	AGACC	ok	True
chr2	15171115	15171116	+	0.16443	mod_ratio	298	452	A	AGACA	ok	True
chr2	15171217	15171218	+	0.225589	mod_ratio	297	424	A	GAACC	ok	True
chr2	15172170	15172171	+	0.571429	mod_ratio	56	331	A	AAACG	ok	False
chr2	15172246	15172247	+	0.532646	mod_ratio	291	338	A	GGACA	ok	True
chr2	15172345	15172346	+	0.148649	mod_ratio	296	342	A	GGACC	ok	True
chr2	15172607	15172608	+	0.566787	mod_ratio	277	356	A	AGACA	ok	True
chr2	15173100	15173101	+	0.361345	mod_ratio	238	326	A	AGACT	ok	True
chr2	15173123	15173124	+	0.356784	mod_ratio	199	347	A	AAACC	ok	True
chr2	15193992	15193993	-	0.862069	mod_ratio	29	29	T	CGTCC	ok	False
chr2	15209141	15209142	-	0.702703	mod_ratio	74	81	T	TGTCT	ok	True
chr2	15209706	15209707	-	0.491525	mod_ratio	59	70	T	TGTCC	ok	True
chr2	15224794	15224795	-	0.74359	mod_ratio	39	41	T	CGTTC	ok	False
chr2	15225307	15225308	-	0.896552	mod_ratio	29	35	T	AGTTT	ok	True
chr2	15225582	15225583	-	0.766667	mod_ratio	30	34	T	CGTTT	ok	False
chr2	15229411	15229412	+	0.458333	mod_ratio	72	99	A	AGACG	ok	False
chr2	15229487	15229488	+	0.297619	mod_ratio	84	100	A	AAACT	ok	True
chr2	15229512	15229513	+	0.367816	mod_ratio	87	98	A	AAACA	ok	True
chr2	15229638	15229639	+	0.272727	mod_ratio	88	109	A	AAACC	ok	True
chr2	15229744	15229745	+	0.341463	mod_ratio	82	112	A	GGACG	ok	False
chr2	15279333	15279334	+	0.666667	mod_ratio	33	37	A	AAACG	ok	False
chr2	15280490	15280491	+	0.628571	mod_ratio	35	41	A	AAACT	ok	True
chr2	15296820	15296821	-	0.229167	mod_ratio	96	119	T	GGTTC	ok	True
chr2	15297175	15297176	-	0.472222	mod_ratio	108	117	T	GGTTT	ok	True
chr2	15297330	15297331	-	0.722222	mod_ratio	90	108	T	GGTTT	ok	True
chr2	15297665	15297666	-	0.301205	mod_ratio	83	94	T	GGTTC	ok	True
chr2	15320880	15320881	-	0.8	mod_ratio	50	635	T	CGTCC	ok	False
chr2	15320946	15320947	-	0.176136	mod_ratio	352	680	T	GGTTC	ok	True
chr2	15320996	15320997	-	0.826667	mod_ratio	225	290	T	CGTTT	ok	False
chr2	15320997	15320998	-	0.358911	mod_ratio	404	693	T	GTTTT	ok	False
chr2	15321089	15321090	-	0.316413	mod_ratio	591	700	T	GGTTC	ok	True
chr2	15321288	15321289	-	0.304348	mod_ratio	460	585	T	GGTTT	ok	True
chr2	15321289	15321290	-	0.595238	mod_ratio	42	659	T	GTTTT	ok	False
chr2	15321298	15321299	-	0.552727	mod_ratio	550	664	T	TGTCC	ok	True
chr2	15321433	15321434	-	0.427136	mod_ratio	597	653	T	GGTTT	ok	True
chr2	15321725	15321726	-	0.395973	mod_ratio	447	581	T	GGTTC	ok	True
chr2	15321781	15321782	-	0.709091	mod_ratio	55	572	T	GGTCC	ok	True
chr2	15321981	15321982	-	0.111111	mod_ratio	486	515	T	AGTTC	ok	True
chr2	15321994	15321995	-	0.188139	mod_ratio	489	541	T	GGTCT	ok	True
chr2	15322165	15322166	-	0.426087	mod_ratio	460	524	T	AGTCT	ok	True
chr2	15322203	15322204	-	0.330579	mod_ratio	484	514	T	TGTTT	ok	True
chr2	15322925	15322926	-	0.909502	mod_ratio	221	263	T	CGTTT	ok	False
chr2	15322926	15322927	-	0.987805	mod_ratio	164	447	T	GTTTT	ok	False
chr2	15322985	15322986	-	0.765	mod_ratio	400	439	T	GGTCC	ok	True
chr2	15323756	15323757	-	0.854286	mod_ratio	350	411	T	TGTCT	ok	True
chr2	15323823	15323824	-	0.497076	mod_ratio	342	393	T	TGTTC	ok	True
chr2	15341505	15341506	+	0.642857	mod_ratio	42	42	A	AAACC	ok	True
chr2	15350424	15350425	-	0.489209	mod_ratio	139	254	T	GTTTT	ok	False
chr2	15350671	15350672	-	0.5	mod_ratio	258	306	T	CGTCC	ok	False
chr2	15350945	15350946	-	0.803653	mod_ratio	219	293	T	CGTCC	ok	False
chr2	15351064	15351065	-	0.133621	mod_ratio	232	293	T	AGTCC	ok	True
chr2	15351253	15351254	-	0.246914	mod_ratio	243	278	T	AGTCC	ok	True
chr2	15351320	15351321	-	0.182222	mod_ratio	225	268	T	AGTCC	ok	True
chr2	15352549	15352550	-	0.710526	mod_ratio	38	50	T	CGTTT	ok	False
chr2	15352713	15352714	-	0.780488	mod_ratio	41	65	T	TGTCC	ok	True
chr2	15353434	15353435	-	0.974359	mod_ratio	39	46	T	TGTTT	ok	True
chr2	15445502	15445503	+	0.103896	mod_ratio	693	770	A	AAACA	ok	True
chr2	15445637	15445638	+	0.540741	mod_ratio	135	814	A	AAACG	ok	False
chr2	15446007	15446008	+	0.354115	mod_ratio	802	897	A	GAACG	ok	False
chr2	15446082	15446083	+	0.515707	mod_ratio	764	916	A	AAACG	ok	False
chr2	15446096	15446097	+	0.177778	mod_ratio	855	930	A	GAACA	ok	True
chr2	15446194	15446195	+	0.404337	mod_ratio	784	980	A	GGACC	ok	True
chr2	15446328	15446329	+	0.234234	mod_ratio	777	916	A	AGACT	ok	True
chr2	15449676	15449677	-	0.544643	mod_ratio	112	140	T	TGTCT	ok	True
chr2	15449754	15449755	-	0.160584	mod_ratio	137	151	T	AGTTC	ok	True
chr2	15449881	15449882	-	0.204545	mod_ratio	132	151	T	TGTCC	ok	True
chr2	15450550	15450551	-	0.391667	mod_ratio	120	148	T	GGTTC	ok	True
chr2	15451189	15451190	-	0.205357	mod_ratio	112	137	T	GGTTT	ok	True
chr2	15472942	15472943	-	0.358025	mod_ratio	81	93	T	TGTTT	ok	True
chr2	15473168	15473169	-	0.438356	mod_ratio	73	91	T	GGTCT	ok	True
chr2	15474041	15474042	-	0.8	mod_ratio	65	86	T	TGTCT	ok	True
chr2	15474256	15474257	-	0.396552	mod_ratio	58	81	T	AGTTT	ok	True
chr2	15479661	15479662	-	0.282051	mod_ratio	78	341	T	AGTTC	ok	True
chr2	15479719	15479720	-	0.765517	mod_ratio	290	337	T	TGTCT	ok	True
chr2	15479904	15479905	-	0.294574	mod_ratio	258	312	T	TGTCT	ok	True
chr2	15479914	15479915	-	0.32567	mod_ratio	261	305	T	GGTCC	ok	True
chr2	15479920	15479921	-	0.217899	mod_ratio	257	307	T	GGTCT	ok	True
chr2	15480002	15480003	-	0.118367	mod_ratio	245	286	T	AGTCC	ok	True
chr2	15480072	15480073	-	0.795918	mod_ratio	245	277	T	GGTCC	ok	True
chr2	15480195	15480196	-	0.207373	mod_ratio	217	252	T	GGTTC	ok	True
chr2	15480295	15480296	-	0.156566	mod_ratio	198	236	T	AGTTT	ok	True
chr2	15480385	15480386	-	0.308411	mod_ratio	214	236	T	TGTCT	ok	True
chr2	15480493	15480494	-	0.119171	mod_ratio	193	218	T	AGTCT	ok	True
chr2	15480751	15480752	-	0.202186	mod_ratio	183	200	T	GGTCT	ok	True
chr2	15480763	15480764	-	0.906077	mod_ratio	181	197	T	TGTCT	ok	True
chr2	15480843	15480844	-	0.579882	mod_ratio	169	194	T	TGTCT	ok	True
chr2	15480851	15480852	-	0.461988	mod_ratio	171	190	T	TGTCC	ok	True
chr2	15509965	15509966	-	0.605263	mod_ratio	38	55	T	GGTTC	ok	True
chr2	15510029	15510030	-	0.538462	mod_ratio	52	60	T	TGTCT	ok	True
chr2	15510644	15510645	-	0.5	mod_ratio	44	55	T	TGTCC	ok	True
chr2	15510700	15510701	-	0.575	mod_ratio	40	57	T	TGTCC	ok	True
chr2	15511295	15511296	-	0.866667	mod_ratio	30	46	T	TGTTT	ok	True
chr2	15516695	15516696	+	0.735294	mod_ratio	34	37	A	AAACG	ok	False
chr2	15537761	15537762	-	0.603175	mod_ratio	63	71	T	TGTCT	ok	True
chr2	15537775	15537776	-	0.967213	mod_ratio	61	73	T	TGTCT	ok	True
chr2	15537926	15537927	-	0.775862	mod_ratio	58	69	T	AGTTT	ok	True
chr2	15538257	15538258	-	0.820513	mod_ratio	39	61	T	GGTTT	ok	True
chr2	15538499	15538500	-	0.537037	mod_ratio	54	58	T	TGTTT	ok	True
chr2	15538641	15538642	-	0.630435	mod_ratio	46	56	T	CGTTT	ok	False
chr2	15538821	15538822	-	0.980769	mod_ratio	52	59	T	TGTCT	ok	True
chr2	15538931	15538932	-	0.510638	mod_ratio	47	57	T	CGTTT	ok	False
chr2	15539278	15539279	-	0.852941	mod_ratio	34	49	T	CGTTT	ok	False
chr2	15539431	15539432	-	0.785714	mod_ratio	42	46	T	TGTTC	ok	True
chr2	15539734	15539735	-	0.5	mod_ratio	44	48	T	TGTTT	ok	True
chr2	15539970	15539971	-	0.771429	mod_ratio	35	46	T	TGTCT	ok	True
chr2	15557477	15557478	-	0.307692	mod_ratio	91	156	T	AGTTT	ok	True
chr2	15557626	15557627	-	0.820652	mod_ratio	184	207	T	CGTTC	ok	False
chr2	15557744	15557745	-	0.618497	mod_ratio	173	197	T	TGTTC	ok	True
chr2	15557803	15557804	-	0.296089	mod_ratio	179	196	T	TGTTC	ok	True
chr2	15557819	15557820	-	0.277457	mod_ratio	173	191	T	TGTTC	ok	True
chr2	15557970	15557971	-	0.812081	mod_ratio	149	172	T	TGTCT	ok	True
chr2	15558153	15558154	-	0.935714	mod_ratio	140	161	T	TGTCT	ok	True
chr2	15558174	15558175	-	0.458904	mod_ratio	146	157	T	TGTCT	ok	True
chr2	15558270	15558271	-	0.278689	mod_ratio	122	141	T	AGTCC	ok	True
chr2	15558711	15558712	-	0.51	mod_ratio	100	116	T	TGTTT	ok	True
chr2	15558825	15558826	-	0.55814	mod_ratio	86	99	T	TGTTT	ok	True
chr2	15558926	15558927	-	0.917808	mod_ratio	73	108	T	CGTTT	ok	False
chr2	15559313	15559314	-	0.43038	mod_ratio	79	88	T	TGTTT	ok	True
chr2	15560012	15560013	-	0.621212	mod_ratio	66	90	T	TGTCC	ok	True
chr2	15560164	15560165	-	0.653846	mod_ratio	78	86	T	TGTCT	ok	True
chr2	15592847	15592848	+	0.336538	mod_ratio	104	112	A	GGACG	ok	False
chr2	15592905	15592906	+	0.65	mod_ratio	100	115	A	AAACC	ok	True
chr2	15593220	15593221	+	0.424779	mod_ratio	113	120	A	GAACT	ok	True
chr2	15593263	15593264	+	0.40566	mod_ratio	106	120	A	AAACC	ok	True
chr2	15593320	15593321	+	0.458716	mod_ratio	109	122	A	GAACT	ok	True
chr2	15593817	15593818	+	0.447917	mod_ratio	96	125	A	GAACT	ok	True
chr2	15593913	15593914	+	0.586957	mod_ratio	92	119	A	AAACA	ok	True
chr2	15598283	15598284	-	0.179487	mod_ratio	156	188	T	GGTCT	ok	True
chr2	15598492	15598493	-	0.630952	mod_ratio	168	182	T	CGTTC	ok	False
chr2	15598498	15598499	-	0.147239	mod_ratio	163	182	T	GGTCC	ok	True
chr2	15599144	15599145	-	0.350649	mod_ratio	154	166	T	AGTCT	ok	True
chr2	15599387	15599388	-	0.221374	mod_ratio	131	155	T	CGTCT	ok	False
chr2	15599686	15599687	-	0.902256	mod_ratio	133	142	T	TGTCT	ok	True
chr2	15613422	15613423	-	0.620253	mod_ratio	237	534	T	GTTTT	ok	False
chr2	15613525	15613526	-	0.441926	mod_ratio	353	390	T	AGTTT	ok	True
chr2	15613601	15613602	-	0.577465	mod_ratio	71	91	T	GGTTT	ok	True
chr2	15613603	15613604	-	0.537037	mod_ratio	54	187	T	TTTTT	ok	False
chr2	15613604	15613605	-	0.674074	mod_ratio	135	323	T	TTTTT	ok	False
chr2	15613605	15613606	-	0.645833	mod_ratio	144	460	T	TTTTT	ok	False
chr2	15613606	15613607	-	0.528302	mod_ratio	53	510	T	TTTTT	ok	False
chr2	15613725	15613726	-	0.403341	mod_ratio	419	544	T	GGTCC	ok	True
chr2	15614086	15614087	-	0.285377	mod_ratio	424	484	T	AGTCT	ok	True
chr2	15614100	15614101	-	0.857477	mod_ratio	428	500	T	CGTTT	ok	False
chr2	15614144	15614145	-	0.343348	mod_ratio	466	500	T	TGTTC	ok	True
chr2	15614166	15614167	-	0.179372	mod_ratio	446	490	T	AGTCC	ok	True
chr2	15614356	15614357	-	0.256724	mod_ratio	409	452	T	GGTTT	ok	True
chr2	15614747	15614748	-	0.275956	mod_ratio	366	393	T	AGTCT	ok	True
chr2	15614754	15614755	-	0.620155	mod_ratio	387	416	T	TGTCT	ok	True
chr2	15617762	15617763	+	0.119565	mod_ratio	184	195	A	AAACA	ok	True
chr2	15617814	15617815	+	0.444444	mod_ratio	189	212	A	AGACG	ok	False
chr2	15618212	15618213	+	0.224299	mod_ratio	214	228	A	AAACC	ok	True
chr2	15618424	15618425	+	0.247826	mod_ratio	230	245	A	GAACA	ok	True
chr2	15618468	15618469	+	0.905405	mod_ratio	222	250	A	AAACG	ok	False
chr2	15618482	15618483	+	0.358079	mod_ratio	229	251	A	AGACT	ok	True
chr2	15618834	15618835	+	0.507389	mod_ratio	203	269	A	GGACC	ok	True
chr2	15618937	15618938	+	0.320988	mod_ratio	243	274	A	AAACT	ok	True
chr2	15618981	15618982	+	0.41048	mod_ratio	229	269	A	AAACA	ok	True
chr2	15619480	15619481	-	0.250965	mod_ratio	259	333	T	TGTTC	ok	True
chr2	15619674	15619675	-	0.669935	mod_ratio	306	370	T	TGTTC	ok	True
chr2	15619705	15619706	-	0.674051	mod_ratio	316	370	T	GGTCT	ok	True
chr2	15619766	15619767	-	0.110769	mod_ratio	325	360	T	TGTTC	ok	True
chr2	15619911	15619912	-	0.309211	mod_ratio	304	339	T	GGTTT	ok	True
chr2	15620067	15620068	-	0.299639	mod_ratio	277	322	T	TGTCT	ok	True
chr2	15634688	15634689	-	0.12093	mod_ratio	215	391	T	GGTCT	ok	True
chr2	15634697	15634698	-	0.237082	mod_ratio	329	417	T	AGTTT	ok	True
chr2	15634716	15634717	-	0.450512	mod_ratio	293	374	T	CGTTT	ok	False
chr2	15634801	15634802	-	0.763092	mod_ratio	401	440	T	CGTCT	ok	False
chr2	15634948	15634949	-	0.717277	mod_ratio	191	249	T	CGTTT	ok	False
chr2	15634949	15634950	-	0.696	mod_ratio	125	395	T	GTTTT	ok	False
chr2	15634950	15634951	-	0.878788	mod_ratio	33	429	T	TTTTT	ok	False
chr2	15635037	15635038	-	0.495845	mod_ratio	361	418	T	CGTCC	ok	False
chr2	15635227	15635228	-	0.145161	mod_ratio	310	391	T	TGTCC	ok	True
chr2	15636055	15636056	-	0.452381	mod_ratio	252	280	T	AGTTT	ok	True
chr2	15636173	15636174	-	0.173745	mod_ratio	259	284	T	AGTTC	ok	True
chr2	15636217	15636218	-	0.464435	mod_ratio	239	266	T	AGTTT	ok	True
chr2	15639922	15639923	-	0.964286	mod_ratio	28	43	T	TGTTT	ok	True
chr2	15640616	15640617	-	0.295455	mod_ratio	88	110	T	AGTCT	ok	True
chr2	15640821	15640822	-	0.271739	mod_ratio	92	104	T	GGTTT	ok	True
chr2	15640951	15640952	-	0.753247	mod_ratio	77	93	T	TGTTC	ok	True
chr2	15641074	15641075	-	0.38961	mod_ratio	77	100	T	GGTCC	ok	True
chr2	15642728	15642729	+	0.770833	mod_ratio	48	63	A	AGACA	ok	True
chr2	15643085	15643086	+	0.90566	mod_ratio	53	73	A	AAACG	ok	False
chr2	15643299	15643300	+	0.435484	mod_ratio	62	78	A	AAACA	ok	True
chr2	15647740	15647741	-	0.851351	mod_ratio	74	113	T	CGTTT	ok	False
chr2	15647774	15647775	-	0.916667	mod_ratio	36	262	T	CGTCA	ok	False
chr2	15647803	15647804	-	0.875	mod_ratio	32	270	T	CATCT	ok	False
chr2	15648089	15648090	-	0.747573	mod_ratio	206	269	T	TGTCT	ok	True
chr2	15648097	15648098	-	0.145299	mod_ratio	234	261	T	TGTTT	ok	True
chr2	15648156	15648157	-	0.370166	mod_ratio	181	259	T	CGTCT	ok	False
chr2	15648369	15648370	-	0.188073	mod_ratio	218	245	T	GGTTC	ok	True
chr2	15648444	15648445	-	0.169082	mod_ratio	207	239	T	TGTTT	ok	True
chr2	15648527	15648528	-	0.335025	mod_ratio	197	234	T	CGTCC	ok	False
chr2	15670210	15670211	-	0.521739	mod_ratio	46	81	T	TGTCC	ok	True
chr2	15670236	15670237	-	0.777778	mod_ratio	54	82	T	TGTCT	ok	True
chr2	15670405	15670406	-	0.342466	mod_ratio	73	99	T	GGTTT	ok	True
chr2	15670501	15670502	-	0.555556	mod_ratio	90	99	T	TGTCT	ok	True
chr2	15671050	15671051	-	0.785714	mod_ratio	42	81	T	GTTTT	ok	False
chr2	15671369	15671370	-	0.655738	mod_ratio	61	80	T	CGTCC	ok	False
chr2	15671384	15671385	-	0.391892	mod_ratio	74	81	T	TGTCT	ok	True
chr2	15672261	15672262	-	0.709677	mod_ratio	62	77	T	GGTCC	ok	True
chr2	15697907	15697908	-	0.772727	mod_ratio	66	82	T	GGTTT	ok	True
chr2	15736806	15736807	+	0.719298	mod_ratio	57	69	A	AAACT	ok	True
chr2	15736857	15736858	+	0.38806	mod_ratio	67	78	A	AAACC	ok	True
chr2	15736872	15736873	+	0.457627	mod_ratio	59	79	A	AAACC	ok	True
chr2	15736899	15736900	+	0.463768	mod_ratio	69	78	A	AAACT	ok	True
chr2	15737013	15737014	+	0.492754	mod_ratio	69	83	A	AAACA	ok	True
chr2	15737161	15737162	+	0.617284	mod_ratio	81	86	A	AAACC	ok	True
chr2	15737199	15737200	+	0.628571	mod_ratio	70	86	A	AAACA	ok	True
chr2	15739895	15739896	-	0.846154	mod_ratio	26	33	T	GGTCT	ok	True
chr2	15774304	15774305	-	0.8	mod_ratio	30	195	T	CATCC	ok	False
chr2	15774760	15774761	-	0.380952	mod_ratio	105	199	T	GTTTT	ok	False
chr2	15775137	15775138	-	0.197605	mod_ratio	167	195	T	CGTCT	ok	False
chr2	15775159	15775160	-	0.150602	mod_ratio	166	191	T	TGTTC	ok	True
chr2	15787995	15787996	-	0.6	mod_ratio	45	57	T	TGTCT	ok	True
chr2	15795397	15795398	-	0.359712	mod_ratio	139	302	T	GGTTC	ok	True
chr2	15795430	15795431	-	0.888889	mod_ratio	27	270	T	TGTCA	ok	True
chr2	15795765	15795766	-	0.643599	mod_ratio	289	334	T	TGTCT	ok	True
chr2	15795815	15795816	-	0.124113	mod_ratio	282	327	T	CGTCC	ok	False
chr2	15795821	15795822	-	0.458333	mod_ratio	288	327	T	TGTCC	ok	True
chr2	15796107	15796108	-	0.440945	mod_ratio	254	287	T	TGTTT	ok	True
chr2	15796630	15796631	-	0.770563	mod_ratio	231	266	T	TGTCC	ok	True
chr2	15796715	15796716	-	0.232877	mod_ratio	219	254	T	TGTTC	ok	True
chr2	15796752	15796753	-	0.283019	mod_ratio	159	221	T	GGTTC	ok	True
chr2	15796796	15796797	-	0.224638	mod_ratio	138	189	T	GTTTT	ok	False
chr2	15831373	15831374	+	0.622951	mod_ratio	61	67	A	AAACC	ok	True
chr2	15832020	15832021	+	0.407895	mod_ratio	76	91	A	GAACT	ok	True
chr2	15832089	15832090	+	0.487805	mod_ratio	82	96	A	GAACA	ok	True
chr2	15833319	15833320	+	0.276596	mod_ratio	94	118	A	AAACT	ok	True
chr2	15833365	15833366	+	0.795918	mod_ratio	98	116	A	AAACT	ok	True
chr2	15833691	15833692	+	0.736842	mod_ratio	95	107	A	AGACA	ok	True
chr2	15833709	15833710	+	0.557692	mod_ratio	104	119	A	AGACC	ok	True
chr2	15833728	15833729	+	0.438095	mod_ratio	105	120	A	GGACG	ok	False
chr2	15833777	15833778	+	0.553846	mod_ratio	65	112	A	AAACC	ok	True
chr2	15833787	15833788	+	0.615385	mod_ratio	39	62	A	GGACA	ok	True
chr2	15835461	15835462	+	1	mod_ratio	30	34	A	AAACG	ok	False
chr2	15836608	15836609	+	0.52381	mod_ratio	42	47	A	AGACA	ok	True
chr2	15836801	15836802	+	0.675676	mod_ratio	37	40	A	AAACT	ok	True
chr2	15840490	15840491	+	0.884615	mod_ratio	26	26	A	AAACA	ok	True
chr2	15857949	15857950	+	0.78125	mod_ratio	32	35	A	GGACA	ok	True
chr2	15858344	15858345	+	0.965517	mod_ratio	29	36	A	AAACG	ok	False
chr2	15858834	15858835	+	0.846154	mod_ratio	26	35	A	AAACC	ok	True
chr2	15859566	15859567	+	0.71875	mod_ratio	32	34	A	AAACG	ok	False
chr2	15891089	15891090	+	0.447761	mod_ratio	67	81	A	AGACT	ok	True
chr2	15891656	15891657	+	0.239583	mod_ratio	96	111	A	GGACG	ok	False
chr2	15891674	15891675	+	0.456522	mod_ratio	92	111	A	GGACC	ok	True
chr2	15892021	15892022	-	0.966667	mod_ratio	30	33	T	CGTTT	ok	False
chr2	15892074	15892075	-	0.8	mod_ratio	30	32	T	CGTTT	ok	False
chr2	15901879	15901880	+	0.675676	mod_ratio	37	41	A	AAACT	ok	True
chr2	15902972	15902973	+	0.738095	mod_ratio	42	47	A	AGACA	ok	True
chr2	15902982	15902983	+	0.731707	mod_ratio	41	47	A	AAACC	ok	True
chr2	15920663	15920664	+	0.704545	mod_ratio	44	51	A	AGACG	ok	False
chr2	15920762	15920763	+	0.673077	mod_ratio	52	55	A	AGACA	ok	True
chr2	15920922	15920923	+	0.734694	mod_ratio	49	57	A	AAACT	ok	True
chr2	15920936	15920937	+	0.55814	mod_ratio	43	58	A	GAACA	ok	True
chr2	15920951	15920952	+	0.595745	mod_ratio	47	56	A	AAACC	ok	True
chr2	15920980	15920981	+	0.54	mod_ratio	50	58	A	GAACA	ok	True
chr2	15920999	15921000	+	0.630435	mod_ratio	46	58	A	GAACA	ok	True
chr2	15981028	15981029	+	0.775281	mod_ratio	445	557	A	AAACT	ok	True
chr2	15981549	15981550	+	0.462222	mod_ratio	450	543	A	AAACA	ok	True
chr2	15989401	15989402	-	0.428571	mod_ratio	70	74	T	TGTTT	ok	True
chr2	15989427	15989428	-	0.907692	mod_ratio	65	74	T	CGTTT	ok	False
chr2	15989485	15989486	-	0.567164	mod_ratio	67	74	T	TGTCC	ok	True
chr2	15990238	15990239	-	0.5625	mod_ratio	48	66	T	AGTTT	ok	True
chr2	15990474	15990475	-	0.682927	mod_ratio	41	64	T	AGTTT	ok	True
chr2	15990799	15990800	-	0.592593	mod_ratio	54	58	T	AGTTC	ok	True
chr2	15993038	15993039	-	0.604651	mod_ratio	43	46	T	GGTCT	ok	True
chr2	16007253	16007254	+	0.85567	mod_ratio	97	117	A	AAACA	ok	True
chr2	16007465	16007466	+	0.444444	mod_ratio	99	120	A	AAACC	ok	True
chr2	16007514	16007515	+	0.577778	mod_ratio	90	116	A	AAACA	ok	True
chr2	16011530	16011531	+	0.849642	mod_ratio	419	493	A	AAACA	ok	True
chr2	16011662	16011663	+	0.221978	mod_ratio	455	517	A	GAACG	ok	False
chr2	16011739	16011740	+	0.659091	mod_ratio	440	522	A	AAACG	ok	False
chr2	16011878	16011879	+	0.120567	mod_ratio	423	514	A	AAACA	ok	True
chr2	16011966	16011967	+	0.100858	mod_ratio	466	554	A	GAACC	ok	True
chr2	16011984	16011985	+	0.124506	mod_ratio	506	562	A	GAACT	ok	True
chr2	16012057	16012058	+	0.2949	mod_ratio	451	566	A	GGACG	ok	False
chr2	16012463	16012464	+	0.348361	mod_ratio	488	600	A	AAACC	ok	True
chr2	16031516	16031517	-	0.4	mod_ratio	60	66	T	AGTTT	ok	True
chr2	16076518	16076519	+	0.489796	mod_ratio	49	59	A	AAACT	ok	True
chr2	16076878	16076879	+	0.415094	mod_ratio	53	62	A	GAACG	ok	False
chr2	16077198	16077199	+	0.54	mod_ratio	50	67	A	AAACA	ok	True
chr2	16077985	16077986	+	0.693548	mod_ratio	62	69	A	AAACG	ok	False
chr2	16078211	16078212	+	0.472222	mod_ratio	72	80	A	AGACC	ok	True
chr2	16078241	16078242	+	0.75	mod_ratio	64	80	A	AGACA	ok	True
chr2	16079801	16079802	+	0.622222	mod_ratio	45	57	A	AAACT	ok	True
chr2	16079820	16079821	+	0.431373	mod_ratio	51	66	A	AGACC	ok	True
chr2	16080163	16080164	+	0.491803	mod_ratio	61	73	A	AAACA	ok	True
chr2	16080500	16080501	+	0.545455	mod_ratio	66	73	A	AAACA	ok	True
chr2	16080525	16080526	+	0.610169	mod_ratio	59	74	A	AAACC	ok	True
chr2	16081052	16081053	+	0.722222	mod_ratio	72	78	A	AAACG	ok	False
chr2	16081278	16081279	+	0.635135	mod_ratio	74	83	A	AAACC	ok	True
chr2	16081308	16081309	+	0.311688	mod_ratio	77	83	A	AGACA	ok	True
chr2	16128460	16128461	+	0.218182	mod_ratio	110	159	A	AAACA	ok	True
chr2	16128685	16128686	+	0.175676	mod_ratio	148	170	A	AGACC	ok	True
chr2	16130386	16130387	+	0.701923	mod_ratio	104	2106	A	AAACG	ok	False
chr2	16130390	16130391	+	0.156401	mod_ratio	1445	2075	A	GAACA	ok	True
chr2	16130397	16130398	+	0.214134	mod_ratio	1882	2096	A	AAACA	ok	True
chr2	16130487	16130488	+	0.310891	mod_ratio	2020	2232	A	GAACG	ok	False
chr2	16130592	16130593	+	0.604447	mod_ratio	1934	2283	A	AAACC	ok	True
chr2	16130612	16130613	+	0.475078	mod_ratio	1926	2307	A	AGACG	ok	False
chr2	16130622	16130623	+	0.176471	mod_ratio	2074	2318	A	AGACC	ok	True
chr2	16130762	16130763	+	0.209838	mod_ratio	1606	2335	A	AAACG	ok	False
chr2	16130950	16130951	+	0.641509	mod_ratio	53	2324	A	TAATG	ok	False
chr2	16181656	16181657	-	0.911765	mod_ratio	34	36	T	TGTCT	ok	True
chr2	16181926	16181927	-	0.888889	mod_ratio	27	31	T	TGTCT	ok	True
chr2	16184722	16184723	-	0.738095	mod_ratio	42	50	T	TGTCC	ok	True
chr2	16194755	16194756	-	0.537313	mod_ratio	67	91	T	AGTCC	ok	True
chr2	16194881	16194882	-	0.724638	mod_ratio	69	88	T	GGTTT	ok	True
chr2	16194978	16194979	-	0.415385	mod_ratio	65	85	T	CGTTT	ok	False
chr2	16194995	16194996	-	0.878378	mod_ratio	74	84	T	CGTTT	ok	False
chr2	16195028	16195029	-	0.596774	mod_ratio	62	68	T	AGTTT	ok	True
chr2	16218539	16218540	+	0.415094	mod_ratio	53	55	A	AAACC	ok	True
chr2	16218765	16218766	+	0.563636	mod_ratio	55	60	A	AAACC	ok	True
chr2	16218998	16218999	+	0.551724	mod_ratio	58	62	A	AAACC	ok	True
chr2	16286465	16286466	-	0.82	mod_ratio	50	56	T	TGTTC	ok	True
chr2	16286600	16286601	-	0.666667	mod_ratio	39	52	T	AGTTT	ok	True
chr2	16287137	16287138	-	0.608696	mod_ratio	46	50	T	GGTTT	ok	True
chr2	16291609	16291610	+	0.201521	mod_ratio	263	289	A	GGACT	ok	True
chr2	16291618	16291619	+	0.66343	mod_ratio	309	331	A	AGACC	ok	True
chr2	16293477	16293478	+	0.15903	mod_ratio	371	425	A	AAACC	ok	True
chr2	16293760	16293761	+	0.557178	mod_ratio	411	458	A	GAACT	ok	True
chr2	16293819	16293820	+	0.743276	mod_ratio	409	463	A	GGACC	ok	True
chr2	16293842	16293843	+	0.176471	mod_ratio	306	463	A	AAACG	ok	False
chr2	16310613	16310614	-	0.387097	mod_ratio	62	70	T	AGTTT	ok	True
chr2	16311560	16311561	-	0.596491	mod_ratio	57	68	T	GGTTT	ok	True
chr2	16312027	16312028	-	0.433962	mod_ratio	53	65	T	GGTCT	ok	True
chr2	16312355	16312356	-	0.829787	mod_ratio	47	64	T	CGTCT	ok	False
chr2	16414231	16414232	-	0.373626	mod_ratio	91	129	T	AGTTT	ok	True
chr2	16414324	16414325	-	0.324074	mod_ratio	108	140	T	TGTCC	ok	True
chr2	16414416	16414417	-	0.66087	mod_ratio	115	139	T	GGTCT	ok	True
chr2	16414710	16414711	-	0.355769	mod_ratio	104	134	T	TGTCC	ok	True
chr2	16414788	16414789	-	0.392523	mod_ratio	107	129	T	AGTTT	ok	True
chr2	16414827	16414828	-	0.690265	mod_ratio	113	130	T	GGTCC	ok	True
chr2	16415002	16415003	-	0.311927	mod_ratio	109	118	T	TGTTT	ok	True
chr2	16415450	16415451	-	0.380952	mod_ratio	63	69	T	CGTTT	ok	False
chr2	16415586	16415587	-	0.6125	mod_ratio	80	107	T	CGTCC	ok	False
chr2	16415779	16415780	-	0.494505	mod_ratio	91	101	T	CGTCC	ok	False
chr2	16416145	16416146	-	0.62069	mod_ratio	87	100	T	TGTCC	ok	True
chr2	16416264	16416265	-	0.5	mod_ratio	82	92	T	CGTCC	ok	False
chr2	16451087	16451088	-	0.153226	mod_ratio	248	303	T	TGTTT	ok	True
chr2	16451786	16451787	-	0.329268	mod_ratio	164	211	T	CGTCC	ok	False
chr2	16471770	16471771	-	0.776316	mod_ratio	76	90	T	GGTTT	ok	True
chr2	16471809	16471810	-	0.414634	mod_ratio	82	92	T	CGTTC	ok	False
chr2	16471995	16471996	-	0.453333	mod_ratio	75	87	T	AGTTT	ok	True
chr2	16472013	16472014	-	0.377049	mod_ratio	61	89	T	GGTCT	ok	True
chr2	16472327	16472328	-	0.483333	mod_ratio	60	76	T	AGTTT	ok	True
chr2	16472778	16472779	-	0.54717	mod_ratio	53	73	T	CGTTT	ok	False
chr2	16472956	16472957	-	0.57377	mod_ratio	61	68	T	TGTTT	ok	True
chr2	16472978	16472979	-	0.75	mod_ratio	64	70	T	TGTCT	ok	True
chr2	16475468	16475469	+	0.770161	mod_ratio	744	837	A	GGACC	ok	True
chr2	16475495	16475496	+	0.202581	mod_ratio	775	865	A	AGACT	ok	True
chr2	16475705	16475706	+	0.110571	mod_ratio	823	918	A	AGACC	ok	True
chr2	16475829	16475830	+	0.336585	mod_ratio	820	919	A	GAACC	ok	True
chr2	16475860	16475861	+	0.5225	mod_ratio	800	926	A	AGACT	ok	True
chr2	16475930	16475931	+	0.194937	mod_ratio	790	871	A	AGACT	ok	True
chr2	16476022	16476023	+	0.681223	mod_ratio	229	867	A	AAACG	ok	False
chr2	16476476	16476477	+	0.845161	mod_ratio	155	180	A	AGACA	ok	True
chr2	16477092	16477093	+	0.461538	mod_ratio	117	221	A	AAACG	ok	False
chr2	16477251	16477252	+	0.172775	mod_ratio	191	228	A	AAACC	ok	True
chr2	16477656	16477657	+	0.402299	mod_ratio	174	207	A	AAACA	ok	True
chr2	16477665	16477666	+	0.318182	mod_ratio	220	240	A	AAACA	ok	True
chr2	16477707	16477708	+	0.45614	mod_ratio	171	237	A	AAACT	ok	True
chr2	16477810	16477811	+	0.62963	mod_ratio	54	66	A	AAACT	ok	True
chr2	16489347	16489348	+	0.471698	mod_ratio	53	61	A	GAACA	ok	True
chr2	16489399	16489400	+	0.638298	mod_ratio	47	61	A	AAACT	ok	True
chr2	16507956	16507957	+	0.807018	mod_ratio	57	63	A	AAACG	ok	False
chr2	16508348	16508349	+	0.807018	mod_ratio	57	66	A	GGACA	ok	True
chr2	16508789	16508790	+	0.753846	mod_ratio	65	74	A	AAACA	ok	True
chr2	16508805	16508806	+	0.571429	mod_ratio	70	74	A	AAACG	ok	False
chr2	16508861	16508862	+	0.461538	mod_ratio	65	72	A	GAACT	ok	True
chr2	16509305	16509306	+	0.671053	mod_ratio	76	83	A	GGACC	ok	True
chr2	16509423	16509424	+	0.575342	mod_ratio	73	85	A	GAACT	ok	True
chr2	16510078	16510079	+	0.6875	mod_ratio	32	42	A	AGACA	ok	True
chr2	16536030	16536031	+	0.709677	mod_ratio	31	34	A	GGACA	ok	True
chr2	16536938	16536939	+	0.595745	mod_ratio	47	52	A	AGACG	ok	False
chr2	16537795	16537796	-	0.647059	mod_ratio	34	42	T	TGTCC	ok	True
chr2	16544187	16544188	-	0.509434	mod_ratio	53	62	T	TGTCT	ok	True
chr2	16544229	16544230	-	0.592593	mod_ratio	54	58	T	AGTTT	ok	True
chr2	16544274	16544275	-	0.607143	mod_ratio	56	60	T	GGTTT	ok	True
chr2	16545336	16545337	-	0.916667	mod_ratio	24	42	T	CGTTT	ok	False
chr2	16570783	16570784	-	0.533333	mod_ratio	45	1544	T	TGTAG	ok	False
chr2	16570786	16570787	-	0.549285	mod_ratio	1329	3684	T	AGTTT	ok	True
chr2	16570863	16570864	-	0.275362	mod_ratio	414	6449	T	GATCC	ok	False
chr2	16570868	16570869	-	0.411765	mod_ratio	102	6423	T	AATCC	ok	False
chr2	16570970	16570971	-	0.249166	mod_ratio	5992	6554	T	GGTTC	ok	True
chr2	16571002	16571003	-	0.428571	mod_ratio	70	4821	T	AGTTT	ok	True
chr2	16571003	16571004	-	0.524125	mod_ratio	1658	6529	T	GTTTT	ok	False
chr2	16571044	16571045	-	0.444444	mod_ratio	63	6342	T	GGTTT	ok	True
chr2	16571184	16571185	-	0.471165	mod_ratio	1734	2209	T	TGTTT	ok	True
chr2	16571199	16571200	-	0.188196	mod_ratio	5744	6328	T	AGTTC	ok	True
chr2	16571216	16571217	-	0.369231	mod_ratio	65	6399	T	CGTCA	ok	False
chr2	16571222	16571223	-	0.590909	mod_ratio	132	6331	T	CGTTT	ok	False
chr2	16571228	16571229	-	0.352332	mod_ratio	193	6362	T	CGTCT	ok	False
chr2	16571256	16571257	-	0.124315	mod_ratio	5655	6346	T	GGTCT	ok	True
chr2	16571290	16571291	-	0.244811	mod_ratio	5396	6211	T	TGTTC	ok	True
chr2	16571306	16571307	-	0.385768	mod_ratio	267	6117	T	TGTTT	ok	True
chr2	16571307	16571308	-	0.181818	mod_ratio	121	6230	T	GTTTC	ok	False
chr2	16571362	16571363	-	0.787524	mod_ratio	5130	5974	T	GGTCC	ok	True
chr2	16571594	16571595	-	0.254098	mod_ratio	122	5469	T	TGTCT	ok	True
chr2	16571600	16571601	-	0.48671	mod_ratio	4966	5539	T	CGTCC	ok	False
chr2	16571616	16571617	-	0.127465	mod_ratio	4919	5453	T	AGTTC	ok	True
chr2	16571648	16571649	-	0.26087	mod_ratio	161	5364	T	GGTCT	ok	True
chr2	16571686	16571687	-	0.320727	mod_ratio	4125	5299	T	CGTCC	ok	False
chr2	16571813	16571814	-	0.138907	mod_ratio	4521	4849	T	TGTTC	ok	True
chr2	16571888	16571889	-	0.491525	mod_ratio	59	4865	T	CGTCA	ok	False
chr2	16571987	16571988	-	0.733333	mod_ratio	60	4490	T	CGTTT	ok	False
chr2	16571988	16571989	-	0.536946	mod_ratio	203	4706	T	GTTTC	ok	False
chr2	16572319	16572320	-	0.247312	mod_ratio	93	4442	T	AGTCA	ok	True
chr2	16572354	16572355	-	0.205035	mod_ratio	3297	4398	T	TGTCC	ok	True
chr2	16572396	16572397	-	0.650533	mod_ratio	3471	4307	T	TGTCC	ok	True
chr2	16572551	16572552	-	0.278187	mod_ratio	3663	4090	T	AGTTC	ok	True
chr2	16572557	16572558	-	0.145719	mod_ratio	549	4231	T	GGTTC	ok	True
chr2	16572655	16572656	-	0.303922	mod_ratio	612	4058	T	TGTCT	ok	True
chr2	16572665	16572666	-	0.102327	mod_ratio	3567	4061	T	GGTTT	ok	True
chr2	16572669	16572670	-	0.204793	mod_ratio	3672	4057	T	TGTTT	ok	True
chr2	16572805	16572806	-	0.19265	mod_ratio	3374	3924	T	CGTTC	ok	False
chr2	16589444	16589445	+	0.882353	mod_ratio	51	55	A	AGACC	ok	True
chr2	16589773	16589774	+	0.833333	mod_ratio	54	60	A	AGACC	ok	True
chr2	16590149	16590150	+	0.439394	mod_ratio	66	67	A	AAACT	ok	True
chr2	16590224	16590225	+	0.779661	mod_ratio	59	68	A	AGACC	ok	True
chr2	16590464	16590465	+	0.576923	mod_ratio	52	73	A	GGACC	ok	True
chr2	16590512	16590513	+	0.318841	mod_ratio	69	75	A	AGACT	ok	True
chr2	16590712	16590713	+	0.492308	mod_ratio	65	76	A	AAACA	ok	True
chr2	16590848	16590849	+	0.596491	mod_ratio	57	64	A	AAACG	ok	False
chr2	16591326	16591327	+	0.297297	mod_ratio	74	84	A	GAACT	ok	True
chr2	16591384	16591385	+	0.422535	mod_ratio	71	86	A	GAACC	ok	True
chr2	16591421	16591422	+	0.34375	mod_ratio	64	82	A	AAACG	ok	False
chr2	16593593	16593594	+	0.472222	mod_ratio	72	104	A	AAACC	ok	True
chr2	16598377	16598378	-	0.261905	mod_ratio	210	281	T	GGTTT	ok	True
chr2	16598514	16598515	-	0.421525	mod_ratio	223	273	T	TGTTT	ok	True
chr2	16598534	16598535	-	0.36194	mod_ratio	268	290	T	TGTCC	ok	True
chr2	16599290	16599291	-	0.346821	mod_ratio	173	221	T	TGTTC	ok	True
chr2	16599711	16599712	-	0.314917	mod_ratio	181	205	T	AGTCC	ok	True
chr2	16601172	16601173	-	0.192308	mod_ratio	156	166	T	GGTTC	ok	True
chr2	16601543	16601544	-	0.335664	mod_ratio	143	150	T	AGTTC	ok	True
chr2	16601787	16601788	-	0.241935	mod_ratio	124	138	T	AGTTT	ok	True
chr2	16601960	16601961	-	0.25	mod_ratio	132	138	T	AGTCT	ok	True
chr2	16601988	16601989	-	0.675	mod_ratio	120	136	T	TGTCC	ok	True
chr2	16602023	16602024	-	0.463415	mod_ratio	123	135	T	AGTCT	ok	True
chr2	16602358	16602359	-	0.649485	mod_ratio	97	114	T	AGTTT	ok	True
chr2	16602584	16602585	-	0.785714	mod_ratio	112	123	T	TGTCC	ok	True
chr2	16602894	16602895	-	0.982609	mod_ratio	115	119	T	CGTTT	ok	False
chr2	16660206	16660207	+	0.862069	mod_ratio	29	34	A	AAACG	ok	False
chr2	16681576	16681577	-	0.555556	mod_ratio	45	54	T	AGTTT	ok	True
chr2	16683267	16683268	-	0.5625	mod_ratio	48	69	T	AGTTT	ok	True
chr2	16683432	16683433	-	0.755102	mod_ratio	49	69	T	GGTCC	ok	True
chr2	16683555	16683556	-	0.389831	mod_ratio	59	65	T	AGTTT	ok	True
chr2	16684041	16684042	-	0.690476	mod_ratio	42	50	T	CGTTT	ok	False
chr2	16684188	16684189	-	0.725	mod_ratio	40	45	T	CGTCC	ok	False
chr2	16686161	16686162	-	0.71875	mod_ratio	32	33	T	AGTTC	ok	True
chr2	16698353	16698354	-	0.190083	mod_ratio	121	128	T	TGTTT	ok	True
chr2	16698577	16698578	-	0.377551	mod_ratio	98	124	T	CGTCC	ok	False
chr2	16698590	16698591	-	0.504425	mod_ratio	113	124	T	TGTCT	ok	True
chr2	16698782	16698783	-	0.330097	mod_ratio	103	114	T	AGTTT	ok	True
chr2	16699127	16699128	-	0.311828	mod_ratio	93	106	T	GGTTT	ok	True
chr2	16699779	16699780	-	0.39759	mod_ratio	83	96	T	CGTTC	ok	False
chr2	16699797	16699798	-	0.777778	mod_ratio	72	90	T	CGTCT	ok	False
chr2	16700554	16700555	-	0.423729	mod_ratio	59	66	T	TGTTC	ok	True
chr2	16700978	16700979	-	0.78	mod_ratio	50	62	T	TGTCT	ok	True
chr2	16701168	16701169	-	0.75	mod_ratio	44	57	T	CGTTT	ok	False
chr2	16701277	16701278	-	0.608696	mod_ratio	46	53	T	AGTTT	ok	True
chr2	16701339	16701340	-	0.860465	mod_ratio	43	52	T	CGTTT	ok	False
chr2	16701650	16701651	-	0.590909	mod_ratio	44	50	T	GGTCT	ok	True
chr2	16727865	16727866	+	0.958763	mod_ratio	97	124	A	AGACA	ok	True
chr2	16727886	16727887	+	0.494845	mod_ratio	97	121	A	AAACA	ok	True
chr2	16727910	16727911	+	0.414894	mod_ratio	94	117	A	AAACT	ok	True
chr2	16728003	16728004	+	0.540816	mod_ratio	98	117	A	AAACC	ok	True
chr2	16728086	16728087	+	0.4	mod_ratio	55	122	A	AGATT	ok	False
chr2	16745952	16745953	+	0.421053	mod_ratio	57	67	A	GAACC	ok	True
chr2	16745999	16746000	+	0.366667	mod_ratio	60	70	A	AAACC	ok	True
chr2	16746037	16746038	+	0.370968	mod_ratio	62	73	A	AGACG	ok	False
chr2	16746091	16746092	+	0.698413	mod_ratio	63	76	A	GGACG	ok	False
chr2	16746245	16746246	+	0.565217	mod_ratio	69	83	A	AAACC	ok	True
chr2	16746385	16746386	+	0.383562	mod_ratio	73	85	A	AGACG	ok	False
chr2	16746904	16746905	+	0.580247	mod_ratio	81	90	A	GGACA	ok	True
chr2	16747241	16747242	+	0.4125	mod_ratio	80	93	A	AAACT	ok	True
chr2	16792247	16792248	-	0.402878	mod_ratio	139	279	T	AATCC	ok	False
chr2	16792369	16792370	-	0.83	mod_ratio	200	274	T	TGTCT	ok	True
chr2	16829363	16829364	-	0.555556	mod_ratio	45	49	T	TGTCT	ok	True
chr2	16829372	16829373	-	0.897436	mod_ratio	39	49	T	TGTCT	ok	True
chr2	16832034	16832035	-	0.594595	mod_ratio	37	38	T	GGTTT	ok	True
chr2	16833223	16833224	-	0.931034	mod_ratio	29	33	T	CGTTT	ok	False
chr2	16853179	16853180	-	0.8	mod_ratio	40	42	T	TGTCT	ok	True
chr2	16853665	16853666	-	0.8	mod_ratio	35	38	T	CGTCC	ok	False
chr2	16854597	16854598	-	0.83871	mod_ratio	31	32	T	GGTCT	ok	True
chr2	16869972	16869973	+	0.69697	mod_ratio	33	40	A	AAACC	ok	True
chr2	16871165	16871166	+	0.651163	mod_ratio	43	45	A	AGACC	ok	True
chr2	16871675	16871676	+	0.790698	mod_ratio	43	50	A	AGACA	ok	True
chr2	16871688	16871689	+	0.921053	mod_ratio	38	45	A	AAACA	ok	True
chr2	16871893	16871894	+	0.5	mod_ratio	46	58	A	AAACC	ok	True
chr2	16880170	16880171	-	0.888889	mod_ratio	27	30	T	CGTTT	ok	False
chr2	16912895	16912896	+	0.692308	mod_ratio	39	64	A	AAACA	ok	True
chr2	16913614	16913615	+	0.285714	mod_ratio	77	79	A	AGACC	ok	True
chr2	16913767	16913768	+	0.43038	mod_ratio	79	84	A	AAACT	ok	True
chr2	16913980	16913981	+	0.575342	mod_ratio	73	84	A	AGACA	ok	True
chr2	16914627	16914628	+	0.831579	mod_ratio	95	105	A	AAACA	ok	True
chr2	16914648	16914649	+	0.3125	mod_ratio	96	108	A	AAACA	ok	True
chr2	16914652	16914653	+	0.303797	mod_ratio	79	98	A	AAACT	ok	True
chr2	16914662	16914663	+	0.446809	mod_ratio	94	105	A	AAACC	ok	True
chr2	16914721	16914722	+	0.445545	mod_ratio	101	110	A	GGACC	ok	True
chr2	16914894	16914895	+	0.438095	mod_ratio	105	116	A	AAACA	ok	True
chr2	16918786	16918787	+	0.29646	mod_ratio	226	286	A	GGACA	ok	True
chr2	16919162	16919163	+	0.105469	mod_ratio	256	303	A	AGACG	ok	False
chr2	16919565	16919566	+	0.196364	mod_ratio	275	304	A	GGACA	ok	True
chr2	16919733	16919734	+	0.494318	mod_ratio	176	277	A	AAACT	ok	True
chr2	16945067	16945068	-	0.54902	mod_ratio	51	76	T	GGTTT	ok	True
chr2	16945265	16945266	-	0.264706	mod_ratio	136	160	T	TGTCC	ok	True
chr2	16945274	16945275	-	0.913043	mod_ratio	115	156	T	TGTCC	ok	True
chr2	16945733	16945734	-	0.218045	mod_ratio	133	157	T	CGTCT	ok	False
chr2	16945831	16945832	-	0.162963	mod_ratio	135	157	T	CGTCT	ok	False
chr2	16949143	16949144	-	0.777778	mod_ratio	45	48	T	GGTTT	ok	True
chr2	17012348	17012349	+	0.966851	mod_ratio	181	222	A	AAACG	ok	False
chr2	17013100	17013101	+	0.193878	mod_ratio	196	226	A	AGACT	ok	True
chr2	17013243	17013244	+	0.506757	mod_ratio	148	223	A	AAACA	ok	True
chr2	17057507	17057508	+	0.330189	mod_ratio	106	168	A	GAACA	ok	True
chr2	17057598	17057599	+	0.317568	mod_ratio	148	176	A	GAACA	ok	True
chr2	17057804	17057805	+	0.329412	mod_ratio	170	185	A	GAACG	ok	False
chr2	17057846	17057847	+	0.238095	mod_ratio	168	186	A	AGACT	ok	True
chr2	17057896	17057897	+	0.718954	mod_ratio	153	186	A	AAACA	ok	True
chr2	17058012	17058013	+	0.504202	mod_ratio	119	185	A	AAACC	ok	True
chr2	17058038	17058039	+	0.282609	mod_ratio	138	178	A	AAACT	ok	True
chr2	17058311	17058312	-	0.458824	mod_ratio	85	125	T	CGTTT	ok	False
chr2	17058413	17058414	-	0.516854	mod_ratio	89	113	T	GGTTT	ok	True
chr2	17058433	17058434	-	0.790123	mod_ratio	81	115	T	TGTCC	ok	True
chr2	17058587	17058588	-	0.9	mod_ratio	60	113	T	GGTCT	ok	True
chr2	17058654	17058655	-	0.645833	mod_ratio	96	110	T	CGTTT	ok	False
chr2	17059097	17059098	-	0.815789	mod_ratio	76	87	T	TGTTT	ok	True
chr2	17060112	17060113	-	0.30137	mod_ratio	73	85	T	GGTCT	ok	True
chr2	17060130	17060131	-	0.948276	mod_ratio	58	75	T	CGTTT	ok	False
chr2	17060320	17060321	-	0.413793	mod_ratio	58	79	T	CGTTT	ok	False
chr2	17060400	17060401	-	0.535714	mod_ratio	56	68	T	GGTTT	ok	True
chr2	17135842	17135843	+	0.570248	mod_ratio	121	145	A	AGACA	ok	True
chr2	17136052	17136053	+	0.783217	mod_ratio	143	165	A	AAACC	ok	True
chr2	17136111	17136112	+	0.168831	mod_ratio	154	169	A	GAACC	ok	True
chr2	17139100	17139101	+	0.588235	mod_ratio	51	64	A	AAACA	ok	True
chr2	17140397	17140398	+	0.424242	mod_ratio	66	79	A	AGACG	ok	False
chr2	17140953	17140954	+	0.304878	mod_ratio	82	92	A	GAACC	ok	True
chr2	17141062	17141063	+	0.261905	mod_ratio	84	94	A	AGACA	ok	True
chr2	17141200	17141201	+	0.393617	mod_ratio	94	102	A	AAACA	ok	True
chr2	17153296	17153297	+	0.742857	mod_ratio	35	38	A	AGACA	ok	True
chr2	17153360	17153361	+	0.647059	mod_ratio	34	38	A	GGACC	ok	True
chr2	17200987	17200988	-	0.688679	mod_ratio	212	233	T	TGTTT	ok	True
chr2	17201036	17201037	-	0.123077	mod_ratio	195	238	T	CGTCT	ok	False
chr2	17201138	17201139	-	0.211538	mod_ratio	208	228	T	GGTTT	ok	True
chr2	17201143	17201144	-	0.513761	mod_ratio	109	123	T	GGTTT	ok	True
chr2	17201319	17201320	-	0.525773	mod_ratio	194	216	T	GGTCT	ok	True
chr2	17201508	17201509	-	0.170455	mod_ratio	176	201	T	TGTTC	ok	True
chr2	17201917	17201918	-	0.259459	mod_ratio	185	203	T	GGTTT	ok	True
chr2	17202487	17202488	-	0.746988	mod_ratio	166	184	T	CGTTC	ok	False
chr2	17224021	17224022	+	0.958333	mod_ratio	24	29	A	GGACA	ok	True
chr2	17252739	17252740	+	0.914286	mod_ratio	35	36	A	AGACG	ok	False
chr2	17261941	17261942	-	0.705882	mod_ratio	68	88	T	CGTCT	ok	False
chr2	17262308	17262309	-	0.538462	mod_ratio	91	103	T	CGTCT	ok	False
chr2	17262507	17262508	-	0.662338	mod_ratio	77	89	T	AGTTT	ok	True
chr2	17262588	17262589	-	0.539474	mod_ratio	76	89	T	TGTTT	ok	True
chr2	17262696	17262697	-	0.736842	mod_ratio	76	87	T	CGTTT	ok	False
chr2	17270229	17270230	+	0.472222	mod_ratio	396	451	A	GAACC	ok	True
chr2	17270294	17270295	+	0.188235	mod_ratio	425	456	A	AAACA	ok	True
chr2	17270456	17270457	+	0.479412	mod_ratio	340	424	A	AAACT	ok	True
chr2	17270480	17270481	+	0.434783	mod_ratio	322	359	A	AAACA	ok	True
chr2	17295483	17295484	-	0.37037	mod_ratio	81	92	T	GGTCC	ok	True
chr2	17295502	17295503	-	0.309524	mod_ratio	84	93	T	TGTCT	ok	True
chr2	17295541	17295542	-	0.785714	mod_ratio	84	92	T	CGTCT	ok	False
chr2	17296089	17296090	-	0.506849	mod_ratio	73	88	T	TGTCT	ok	True
chr2	17324902	17324903	-	0.435484	mod_ratio	62	80	T	CGTCC	ok	False
chr2	17325351	17325352	-	0.319444	mod_ratio	72	79	T	TGTCT	ok	True
chr2	17356240	17356241	-	0.631579	mod_ratio	38	43	T	AGTCT	ok	True
chr2	17364120	17364121	+	0.375	mod_ratio	144	176	A	AAACC	ok	True
chr2	17364379	17364380	+	0.346774	mod_ratio	124	172	A	AGACT	ok	True
chr2	17376719	17376720	-	0.252874	mod_ratio	87	99	T	TGTTC	ok	True
chr2	17376989	17376990	-	0.65	mod_ratio	80	93	T	AGTTT	ok	True
chr2	17377397	17377398	-	0.864865	mod_ratio	74	81	T	TGTTT	ok	True
chr2	17378520	17378521	-	0.859375	mod_ratio	64	67	T	CGTCT	ok	False
chr2	17378862	17378863	-	0.470588	mod_ratio	51	55	T	AGTTC	ok	True
chr2	17429458	17429459	-	0.714286	mod_ratio	35	42	T	AGTTT	ok	True
chr2	17459873	17459874	-	0.208122	mod_ratio	197	563	T	GATCC	ok	False
chr2	17459895	17459896	-	0.555556	mod_ratio	360	526	T	AGTTT	ok	True
chr2	17459929	17459930	-	0.319328	mod_ratio	119	573	T	AATCC	ok	False
chr2	17459953	17459954	-	0.109756	mod_ratio	410	618	T	GGTTC	ok	True
chr2	17460014	17460015	-	0.448582	mod_ratio	564	631	T	TGTTT	ok	True
chr2	17460722	17460723	-	0.37971	mod_ratio	345	428	T	AGTTT	ok	True
chr2	17460723	17460724	-	0.75	mod_ratio	200	637	T	GTTTT	ok	False
chr2	17461070	17461071	-	0.403651	mod_ratio	493	584	T	GGTTT	ok	True
chr2	17461338	17461339	-	0.266385	mod_ratio	473	531	T	CGTCC	ok	False
chr2	17461389	17461390	-	0.558824	mod_ratio	374	466	T	CGTTC	ok	False
chr2	17461411	17461412	-	0.26393	mod_ratio	341	411	T	AGTTC	ok	True
chr2	17471142	17471143	-	0.933333	mod_ratio	30	37	T	CGTTT	ok	False
chr2	17471157	17471158	-	0.8125	mod_ratio	32	38	T	CGTCC	ok	False
chr2	17566923	17566924	+	0.465517	mod_ratio	58	63	A	AGACC	ok	True
chr2	17567273	17567274	+	0.534483	mod_ratio	58	67	A	AAACT	ok	True
chr2	17567281	17567282	+	0.363636	mod_ratio	66	68	A	GAACT	ok	True
chr2	17567515	17567516	+	0.568966	mod_ratio	58	73	A	GGACA	ok	True
chr2	17567871	17567872	+	0.492958	mod_ratio	71	76	A	AAACA	ok	True
chr2	17567895	17567896	+	0.391304	mod_ratio	69	76	A	AAACT	ok	True
chr2	17590626	17590627	+	0.458333	mod_ratio	168	230	A	GAACA	ok	True
chr2	17590731	17590732	+	0.435233	mod_ratio	193	237	A	GGACT	ok	True
chr2	17590743	17590744	+	0.233831	mod_ratio	201	248	A	GAACC	ok	True
chr2	17590880	17590881	+	0.494737	mod_ratio	190	258	A	GAACA	ok	True
chr2	17591519	17591520	+	0.356436	mod_ratio	202	252	A	AGACC	ok	True
chr2	17592395	17592396	+	0.834862	mod_ratio	327	484	A	AAACA	ok	True
chr2	17592724	17592725	+	0.926014	mod_ratio	419	519	A	AGACA	ok	True
chr2	17592899	17592900	+	0.520548	mod_ratio	219	536	A	AAACA	ok	True
chr2	17592936	17592937	+	0.649383	mod_ratio	405	541	A	AAACC	ok	True
chr2	17593048	17593049	+	0.285714	mod_ratio	483	542	A	GGACA	ok	True
chr2	17593138	17593139	+	0.310044	mod_ratio	458	548	A	GGACA	ok	True
chr2	17593270	17593271	+	0.115942	mod_ratio	483	561	A	GGACC	ok	True
chr2	17593306	17593307	+	0.77131	mod_ratio	481	562	A	AGACA	ok	True
chr2	17593311	17593312	+	0.451613	mod_ratio	465	558	A	AGACA	ok	True
chr2	17593320	17593321	+	0.159091	mod_ratio	264	551	A	AAACA	ok	True
chr2	17593482	17593483	+	0.630435	mod_ratio	92	137	A	AGACA	ok	True
chr2	17625411	17625412	+	0.568345	mod_ratio	139	158	A	GGACA	ok	True
chr2	17625723	17625724	+	0.261905	mod_ratio	126	171	A	GAACT	ok	True
chr2	17625797	17625798	+	0.933962	mod_ratio	106	128	A	AGACG	ok	False
chr2	17692038	17692039	-	0.6875	mod_ratio	48	50	T	TGTTT	ok	True
chr2	17692111	17692112	-	0.533333	mod_ratio	45	49	T	CGTCT	ok	False
chr2	17692241	17692242	-	0.534884	mod_ratio	43	48	T	CGTCC	ok	False
chr2	17698132	17698133	-	0.351351	mod_ratio	74	81	T	CGTCT	ok	False
chr2	17698158	17698159	-	0.30137	mod_ratio	73	81	T	GGTTC	ok	True
chr2	17698330	17698331	-	0.5625	mod_ratio	64	78	T	AGTTT	ok	True
chr2	17700294	17700295	-	0.45283	mod_ratio	53	61	T	TGTCC	ok	True
chr2	17701200	17701201	-	0.906977	mod_ratio	43	60	T	CGTCC	ok	False
chr2	17701300	17701301	-	0.545455	mod_ratio	44	54	T	AGTCC	ok	True
chr2	17711205	17711206	-	0.666667	mod_ratio	36	43	T	AGTTT	ok	True
chr2	17731884	17731885	-	0.492308	mod_ratio	130	151	T	AGTTT	ok	True
chr2	17731897	17731898	-	0.609756	mod_ratio	41	190	T	GATCC	ok	False
chr2	17732096	17732097	-	0.610837	mod_ratio	203	251	T	TGTCC	ok	True
chr2	17732249	17732250	-	0.512195	mod_ratio	205	252	T	CGTCT	ok	False
chr2	17732643	17732644	-	0.400922	mod_ratio	217	244	T	CGTTC	ok	False
chr2	17732808	17732809	-	0.137778	mod_ratio	225	240	T	CGTTC	ok	False
chr2	17733338	17733339	-	0.239583	mod_ratio	192	211	T	TGTTC	ok	True
chr2	17733387	17733388	-	0.180412	mod_ratio	194	210	T	CGTTC	ok	False
chr2	17733411	17733412	-	0.145833	mod_ratio	192	209	T	AGTTC	ok	True
chr2	17734528	17734529	-	0.60396	mod_ratio	101	113	T	CGTTT	ok	False
chr2	17734633	17734634	-	0.702479	mod_ratio	121	132	T	AGTTT	ok	True
chr2	17734670	17734671	-	0.230769	mod_ratio	117	133	T	AGTCC	ok	True
chr2	17734748	17734749	-	0.206612	mod_ratio	121	133	T	CGTTC	ok	False
chr2	17735162	17735163	-	0.690722	mod_ratio	97	114	T	CGTTT	ok	False
chr2	17735209	17735210	-	0.41573	mod_ratio	89	115	T	CGTCT	ok	False
chr2	17735273	17735274	-	0.892857	mod_ratio	56	75	T	CGTTT	ok	False
chr2	17735274	17735275	-	0.969697	mod_ratio	33	114	T	GTTTT	ok	False
chr2	17735615	17735616	-	0.623377	mod_ratio	77	90	T	TGTTC	ok	True
chr2	17735711	17735712	-	0.415584	mod_ratio	77	89	T	CGTCC	ok	False
chr2	17736024	17736025	-	0.421875	mod_ratio	64	80	T	CGTCT	ok	False
chr2	17736102	17736103	-	0.441176	mod_ratio	68	79	T	TGTCC	ok	True
chr2	17736734	17736735	-	0.646154	mod_ratio	65	71	T	CGTCC	ok	False
chr2	17737414	17737415	-	0.520833	mod_ratio	48	59	T	CGTCT	ok	False
chr2	17737446	17737447	-	0.638298	mod_ratio	47	56	T	TGTCT	ok	True
chr2	17774968	17774969	+	0.336	mod_ratio	125	143	A	AAACC	ok	True
chr2	17774985	17774986	+	0.241667	mod_ratio	120	152	A	GGACC	ok	True
chr2	17775027	17775028	+	0.462121	mod_ratio	132	156	A	AAACC	ok	True
chr2	17775100	17775101	+	0.217742	mod_ratio	124	156	A	AGACC	ok	True
chr2	17775479	17775480	+	0.389381	mod_ratio	113	159	A	GAACC	ok	True
chr2	17775872	17775873	+	0.57037	mod_ratio	135	169	A	GGACA	ok	True
chr2	17776258	17776259	+	0.469231	mod_ratio	130	236	A	AAACT	ok	True
chr2	17776526	17776527	-	0.64	mod_ratio	100	133	T	AGTTT	ok	True
chr2	17776738	17776739	-	0.194915	mod_ratio	118	124	T	AGTTT	ok	True
chr2	17776974	17776975	-	0.22	mod_ratio	100	121	T	TGTCC	ok	True
chr2	17777002	17777003	-	0.4	mod_ratio	105	121	T	CGTCC	ok	False
chr2	17777199	17777200	-	0.457447	mod_ratio	94	113	T	GGTCC	ok	True
chr2	17777301	17777302	-	0.755319	mod_ratio	94	108	T	CGTCC	ok	False
chr2	17777365	17777366	-	0.435294	mod_ratio	85	105	T	GGTCC	ok	True
chr2	17777608	17777609	-	0.632184	mod_ratio	87	101	T	GGTCT	ok	True
chr2	17777617	17777618	-	0.622222	mod_ratio	90	101	T	GGTCT	ok	True
chr2	17777629	17777630	-	0.780488	mod_ratio	82	100	T	TGTCC	ok	True
chr2	17792592	17792593	+	0.458333	mod_ratio	48	54	A	AAACT	ok	True
chr2	17793648	17793649	+	0.316327	mod_ratio	98	107	A	GGACT	ok	True
chr2	17793989	17793990	+	0.462366	mod_ratio	93	105	A	AAACC	ok	True
chr2	17794444	17794445	+	0.774194	mod_ratio	93	111	A	AAACA	ok	True
chr2	17795130	17795131	+	0.415094	mod_ratio	53	126	A	AAACA	ok	True
chr2	17795141	17795142	+	0.336735	mod_ratio	98	123	A	AAACA	ok	True
chr2	17795420	17795421	+	0.584746	mod_ratio	118	135	A	AAACC	ok	True
chr2	17795427	17795428	+	0.238938	mod_ratio	113	133	A	AGACA	ok	True
chr2	17795513	17795514	+	0.464286	mod_ratio	112	134	A	AGACC	ok	True
chr2	17798469	17798470	-	0.589744	mod_ratio	39	50	T	AGTTT	ok	True
chr2	17799307	17799308	-	0.5	mod_ratio	64	68	T	TGTTC	ok	True
chr2	17799825	17799826	-	0.446154	mod_ratio	65	68	T	CGTTT	ok	False
chr2	17802627	17802628	+	1	mod_ratio	30	39	A	AGACA	ok	True
chr2	17803376	17803377	-	1	mod_ratio	23	23	T	GGTCT	ok	True
chr2	17826396	17826397	-	0.253247	mod_ratio	154	170	T	TGTTT	ok	True
chr2	17826471	17826472	-	0.207692	mod_ratio	130	153	T	AGTTT	ok	True
chr2	17826657	17826658	-	0.557522	mod_ratio	113	130	T	GGTTT	ok	True
chr2	17826771	17826772	-	0.203704	mod_ratio	108	127	T	TGTTC	ok	True
chr2	17857411	17857412	+	0.716418	mod_ratio	67	73	A	AAACG	ok	False
chr2	17857433	17857434	+	0.666667	mod_ratio	63	73	A	AAACT	ok	True
chr2	17858517	17858518	+	0.893939	mod_ratio	66	76	A	AGACA	ok	True
chr2	17858530	17858531	+	0.694915	mod_ratio	59	71	A	AAACC	ok	True
chr2	17874065	17874066	+	0.615385	mod_ratio	52	57	A	AAACA	ok	True
chr2	17888281	17888282	+	0.846154	mod_ratio	26	33	A	AGACG	ok	False
chr2	17888756	17888757	+	0.846154	mod_ratio	26	37	A	GGACA	ok	True
chr2	17894945	17894946	+	0.234783	mod_ratio	345	382	A	AAACA	ok	True
chr2	17895026	17895027	+	0.262009	mod_ratio	229	403	A	AAACC	ok	True
chr2	17895082	17895083	+	0.351351	mod_ratio	333	406	A	AAACT	ok	True
chr2	17895176	17895177	+	0.110448	mod_ratio	335	421	A	AAACC	ok	True
chr2	17895189	17895190	+	0.313187	mod_ratio	364	429	A	AGACG	ok	False
chr2	17895247	17895248	+	0.602041	mod_ratio	294	411	A	AAACC	ok	True
chr2	17895292	17895293	+	0.857143	mod_ratio	378	437	A	AGACA	ok	True
chr2	17895318	17895319	+	0.18136	mod_ratio	397	439	A	AAACA	ok	True
chr2	17895334	17895335	+	0.223242	mod_ratio	327	444	A	GAACC	ok	True
chr2	17895339	17895340	+	0.276119	mod_ratio	268	449	A	GAACC	ok	True
chr2	17895398	17895399	+	0.205	mod_ratio	400	458	A	GAACC	ok	True
chr2	17895563	17895564	+	0.720109	mod_ratio	368	504	A	GGACG	ok	False
chr2	17895723	17895724	+	0.251765	mod_ratio	425	501	A	AGACT	ok	True
chr2	17918998	17918999	+	0.181208	mod_ratio	149	167	A	GAACC	ok	True
chr2	17919014	17919015	+	0.201299	mod_ratio	154	165	A	GAACA	ok	True
chr2	17919018	17919019	+	0.697183	mod_ratio	142	162	A	AAACC	ok	True
chr2	17919090	17919091	+	0.154362	mod_ratio	149	171	A	AAACC	ok	True
chr2	17919160	17919161	+	0.6	mod_ratio	130	180	A	AAACC	ok	True
chr2	17919312	17919313	+	0.170732	mod_ratio	164	193	A	GAACG	ok	False
chr2	17920262	17920263	+	0.177305	mod_ratio	141	225	A	GAACC	ok	True
chr2	17921284	17921285	+	0.494382	mod_ratio	89	112	A	AGACA	ok	True
chr2	17921354	17921355	+	0.287129	mod_ratio	101	115	A	AAACT	ok	True
chr2	17953095	17953096	+	0.916667	mod_ratio	36	36	A	GGACC	ok	True
chr2	17991494	17991495	-	0.773585	mod_ratio	53	62	T	CGTCT	ok	False
chr2	17991540	17991541	-	0.833333	mod_ratio	54	58	T	TGTTT	ok	True
chr2	17991659	17991660	-	0.78	mod_ratio	50	60	T	TGTCT	ok	True
chr2	17991754	17991755	-	0.756098	mod_ratio	41	54	T	CGTTT	ok	False
chr2	18003305	18003306	+	0.862069	mod_ratio	29	32	A	GAACA	ok	True
chr2	18003751	18003752	+	0.666667	mod_ratio	36	39	A	GAACA	ok	True
chr2	18008486	18008487	+	0.714286	mod_ratio	49	56	A	AGACA	ok	True
chr2	18008607	18008608	+	0.632653	mod_ratio	49	54	A	GGACA	ok	True
chr2	18008668	18008669	-	0.758621	mod_ratio	29	38	T	TGTTT	ok	True
chr2	18011696	18011697	-	0.741935	mod_ratio	31	32	T	CGTTT	ok	False
chr2	18046079	18046080	-	0.330612	mod_ratio	245	370	T	AGTCT	ok	True
chr2	18046127	18046128	-	0.557252	mod_ratio	131	280	T	GGTTT	ok	True
chr2	18046129	18046130	-	0.693642	mod_ratio	173	673	T	TTTTT	ok	False
chr2	18046146	18046147	-	0.29682	mod_ratio	283	699	T	AATCC	ok	False
chr2	18046172	18046173	-	0.429134	mod_ratio	508	630	T	AGTCT	ok	True
chr2	18071561	18071562	+	0.333333	mod_ratio	102	123	A	AAACT	ok	True
chr2	18071642	18071643	+	0.337662	mod_ratio	77	114	A	GAACC	ok	True
chr2	18073553	18073554	+	0.489796	mod_ratio	49	60	A	AAACT	ok	True
chr2	18073698	18073699	+	0.911111	mod_ratio	45	60	A	AAACG	ok	False
chr2	18073881	18073882	-	0.571429	mod_ratio	42	76	T	CGTTT	ok	False
chr2	18073882	18073883	-	0.733333	mod_ratio	45	139	T	GTTTT	ok	False
chr2	18073992	18073993	-	0.34	mod_ratio	150	182	T	AGTTT	ok	True
chr2	18074058	18074059	-	0.834437	mod_ratio	151	176	T	TGTTT	ok	True
chr2	18074860	18074861	-	0.228571	mod_ratio	140	155	T	AGTCT	ok	True
chr2	18074866	18074867	-	0.605839	mod_ratio	137	152	T	GGTTT	ok	True
chr2	18081456	18081457	-	0.34188	mod_ratio	117	157	T	AGTTT	ok	True
chr2	18081573	18081574	-	0.28	mod_ratio	125	160	T	TGTTT	ok	True
chr2	18081588	18081589	-	0.333333	mod_ratio	72	157	T	GTTTT	ok	False
chr2	18081640	18081641	-	0.425373	mod_ratio	134	157	T	AGTCT	ok	True
chr2	18081779	18081780	-	0.22314	mod_ratio	121	155	T	CGTCC	ok	False
chr2	18081813	18081814	-	0.392593	mod_ratio	135	152	T	AGTTC	ok	True
chr2	18081871	18081872	-	0.424	mod_ratio	125	143	T	AGTTC	ok	True
chr2	18082359	18082360	-	0.2	mod_ratio	125	145	T	CGTCC	ok	False
chr2	18082364	18082365	-	0.345133	mod_ratio	113	145	T	GGTCT	ok	True
chr2	18082404	18082405	-	0.385246	mod_ratio	122	146	T	CGTCT	ok	False
chr2	18082688	18082689	-	0.309091	mod_ratio	110	130	T	AGTTT	ok	True
chr2	18088074	18088075	-	0.585366	mod_ratio	41	54	T	GGTTC	ok	True
chr2	18097159	18097160	+	0.564516	mod_ratio	62	69	A	GAACG	ok	False
chr2	18111324	18111325	+	0.962963	mod_ratio	27	29	A	AAACA	ok	True
chr2	18120036	18120037	+	0.688525	mod_ratio	61	85	A	AGACC	ok	True
chr2	18121374	18121375	+	0.25	mod_ratio	96	108	A	AAACC	ok	True
chr2	18121663	18121664	+	0.851485	mod_ratio	101	112	A	AAACT	ok	True
chr2	18121699	18121700	+	0.657895	mod_ratio	76	117	A	AAACA	ok	True
chr2	18121732	18121733	+	0.810526	mod_ratio	95	119	A	GGACC	ok	True
chr2	18122053	18122054	+	0.696078	mod_ratio	102	130	A	AAACT	ok	True
chr2	18122085	18122086	+	0.769231	mod_ratio	39	138	A	AGACG	ok	False
chr2	18122102	18122103	+	0.769231	mod_ratio	117	137	A	AAACA	ok	True
chr2	18122376	18122377	+	0.204082	mod_ratio	147	162	A	AGACT	ok	True
chr2	18122446	18122447	+	0.714286	mod_ratio	147	174	A	GGACC	ok	True
chr2	18122499	18122500	+	0.169118	mod_ratio	136	171	A	GGACA	ok	True
chr2	18122505	18122506	+	0.192053	mod_ratio	151	177	A	AGACA	ok	True
chr2	18122517	18122518	+	0.489655	mod_ratio	145	176	A	AAACC	ok	True
chr2	18122699	18122700	+	0.893939	mod_ratio	132	167	A	AAACA	ok	True
chr2	18129529	18129530	-	0.387435	mod_ratio	191	251	T	CGTCT	ok	False
chr2	18129571	18129572	-	0.217391	mod_ratio	161	247	T	GGTTC	ok	True
chr2	18130382	18130383	-	0.453202	mod_ratio	203	241	T	GGTTT	ok	True
chr2	18130592	18130593	-	0.101852	mod_ratio	216	232	T	GGTCC	ok	True
chr2	18130716	18130717	-	0.19403	mod_ratio	201	227	T	GGTTC	ok	True
chr2	18130876	18130877	-	0.637931	mod_ratio	58	226	T	GTTTT	ok	False
chr2	18130913	18130914	-	0.402174	mod_ratio	184	222	T	AGTTC	ok	True
chr2	18130922	18130923	-	0.240566	mod_ratio	212	224	T	AGTTC	ok	True
chr2	18130988	18130989	-	0.68617	mod_ratio	188	217	T	CGTCT	ok	False
chr2	18131460	18131461	-	0.318182	mod_ratio	154	199	T	AGTTT	ok	True
chr2	18131806	18131807	-	0.242938	mod_ratio	177	193	T	GGTTC	ok	True
chr2	18131861	18131862	-	0.212644	mod_ratio	174	187	T	TGTTC	ok	True
chr2	18133422	18133423	+	0.888889	mod_ratio	45	50	A	AGACA	ok	True
chr2	18133544	18133545	+	0.521739	mod_ratio	46	54	A	GGACC	ok	True
chr2	18133764	18133765	+	0.5	mod_ratio	52	55	A	AAACT	ok	True
chr2	18134605	18134606	-	0.96	mod_ratio	25	27	T	CGTCT	ok	False
chr2	18152491	18152492	+	0.878788	mod_ratio	33	38	A	AGACA	ok	True
chr2	18153059	18153060	+	0.939394	mod_ratio	33	42	A	AGACC	ok	True
chr2	18153301	18153302	+	0.947368	mod_ratio	38	48	A	AGACA	ok	True
chr2	18185382	18185383	-	0.646853	mod_ratio	286	330	T	GGTTT	ok	True
chr2	18185418	18185419	-	0.694969	mod_ratio	318	358	T	GGTCT	ok	True
chr2	18185430	18185431	-	0.168675	mod_ratio	249	356	T	GGTTC	ok	True
chr2	18185845	18185846	-	0.336601	mod_ratio	306	332	T	CGTTC	ok	False
chr2	18186497	18186498	-	0.595041	mod_ratio	242	290	T	GGTCC	ok	True
chr2	18186863	18186864	-	0.3	mod_ratio	90	140	T	AGTTT	ok	True
chr2	18186864	18186865	-	0.333333	mod_ratio	135	288	T	GTTTT	ok	False
chr2	18186931	18186932	-	0.223214	mod_ratio	112	170	T	AGTTT	ok	True
chr2	18186932	18186933	-	0.294737	mod_ratio	95	277	T	GTTTT	ok	False
chr2	18186952	18186953	-	0.549784	mod_ratio	231	268	T	TGTTT	ok	True
chr2	18197911	18197912	-	0.697674	mod_ratio	43	83	T	TGTTT	ok	True
chr2	18197958	18197959	-	0.783784	mod_ratio	37	49	T	TGTTT	ok	True
chr2	18198262	18198263	-	0.608696	mod_ratio	46	73	T	CGTTT	ok	False
chr2	18198483	18198484	-	0.461538	mod_ratio	91	96	T	AGTTC	ok	True
chr2	18198662	18198663	-	0.514706	mod_ratio	68	94	T	TGTCC	ok	True
chr2	18198908	18198909	-	0.411765	mod_ratio	68	76	T	GGTTT	ok	True
chr2	18199862	18199863	-	0.861538	mod_ratio	65	77	T	CGTTT	ok	False
chr2	18199875	18199876	-	0.5	mod_ratio	44	53	T	GGTTT	ok	True
chr2	18205301	18205302	-	0.761905	mod_ratio	42	51	T	TGTTT	ok	True
chr2	18205567	18205568	-	0.377049	mod_ratio	122	148	T	CGTCC	ok	False
chr2	18205587	18205588	-	0.712766	mod_ratio	94	147	T	GGTCC	ok	True
chr2	18205606	18205607	-	0.307692	mod_ratio	104	141	T	GGTCC	ok	True
chr2	18205661	18205662	-	0.330827	mod_ratio	133	138	T	TGTTC	ok	True
chr2	18205760	18205761	-	0.465753	mod_ratio	73	108	T	GGTTT	ok	True
chr2	18205792	18205793	-	0.822034	mod_ratio	118	134	T	CGTCC	ok	False
chr2	18206037	18206038	-	0.3125	mod_ratio	112	119	T	TGTTC	ok	True
chr2	18206083	18206084	-	0.47619	mod_ratio	63	117	T	GTTTT	ok	False
chr2	18206096	18206097	-	0.87963	mod_ratio	108	117	T	CGTCT	ok	False
chr2	18206974	18206975	-	0.784946	mod_ratio	93	108	T	CGTCT	ok	False
chr2	18207333	18207334	-	0.255102	mod_ratio	98	105	T	AGTTC	ok	True
chr2	18207473	18207474	-	0.489362	mod_ratio	47	95	T	GTTTT	ok	False
chr2	18207502	18207503	-	0.315789	mod_ratio	95	102	T	AGTTT	ok	True
chr2	18207578	18207579	-	0.247191	mod_ratio	89	101	T	GGTTC	ok	True
chr2	18207850	18207851	-	0.481481	mod_ratio	81	95	T	AGTTC	ok	True
chr2	18225713	18225714	+	0.492958	mod_ratio	71	91	A	AAACT	ok	True
chr2	18226057	18226058	+	0.52459	mod_ratio	61	93	A	AAACG	ok	False
chr2	18226941	18226942	+	0.166667	mod_ratio	138	177	A	AAACC	ok	True
chr2	18227015	18227016	+	0.630682	mod_ratio	176	190	A	GGACG	ok	False
chr2	18227088	18227089	+	0.384146	mod_ratio	164	194	A	AAACT	ok	True
chr2	18227293	18227294	+	0.301587	mod_ratio	189	203	A	GAACA	ok	True
chr2	18227317	18227318	+	0.285714	mod_ratio	189	204	A	AAACT	ok	True
chr2	18227493	18227494	+	0.747368	mod_ratio	190	215	A	AAACC	ok	True
chr2	18227576	18227577	+	0.29064	mod_ratio	203	215	A	GAACA	ok	True
chr2	18227612	18227613	+	0.152174	mod_ratio	184	216	A	GGACT	ok	True
chr2	18227684	18227685	+	0.560209	mod_ratio	191	217	A	AAACG	ok	False
chr2	18227729	18227730	+	0.171717	mod_ratio	198	225	A	GGACT	ok	True
chr2	18227770	18227771	+	0.194175	mod_ratio	206	227	A	GAACA	ok	True
chr2	18228075	18228076	+	0.196532	mod_ratio	173	207	A	AGACT	ok	True
chr2	18228112	18228113	+	0.277228	mod_ratio	202	226	A	AGACT	ok	True
chr2	18228141	18228142	+	0.651685	mod_ratio	89	136	A	GGACT	ok	True
chr2	18242448	18242449	+	0.383333	mod_ratio	60	64	A	AGACT	ok	True
chr2	18242924	18242925	+	0.673469	mod_ratio	49	73	A	AAACG	ok	False
chr2	18242974	18242975	+	0.754098	mod_ratio	61	73	A	GGACC	ok	True
chr2	18243560	18243561	+	0.734375	mod_ratio	64	80	A	GGACG	ok	False
chr2	18243573	18243574	+	0.338028	mod_ratio	71	81	A	GAACA	ok	True
chr2	18243577	18243578	+	0.689189	mod_ratio	74	81	A	AAACC	ok	True
chr2	18244082	18244083	+	0.356164	mod_ratio	73	84	A	AAACA	ok	True
chr2	18244102	18244103	+	0.733333	mod_ratio	75	83	A	AGACA	ok	True
chr2	18244430	18244431	+	0.450704	mod_ratio	71	89	A	AAACT	ok	True
chr2	18244445	18244446	+	0.514286	mod_ratio	70	87	A	AAACC	ok	True
chr2	18244542	18244543	+	0.546667	mod_ratio	75	90	A	GGACA	ok	True
chr2	18249146	18249147	-	0.298913	mod_ratio	184	244	T	AGTCT	ok	True
chr2	18249181	18249182	-	0.575342	mod_ratio	73	229	T	GGTCC	ok	True
chr2	18249189	18249190	-	0.342857	mod_ratio	70	259	T	AATCT	ok	False
chr2	18249299	18249300	-	0.258475	mod_ratio	236	259	T	GGTTT	ok	True
chr2	18249379	18249380	-	0.676923	mod_ratio	195	258	T	GGTCC	ok	True
chr2	18249485	18249486	-	0.380711	mod_ratio	197	245	T	GGTTC	ok	True
chr2	18249517	18249518	-	0.215686	mod_ratio	204	246	T	AGTTC	ok	True
chr2	18249536	18249537	-	0.306977	mod_ratio	215	246	T	AGTTT	ok	True
chr2	18249648	18249649	-	0.231111	mod_ratio	225	244	T	GGTTC	ok	True
chr2	18249889	18249890	-	0.82266	mod_ratio	203	237	T	TGTCT	ok	True
chr2	18249921	18249922	-	0.533981	mod_ratio	103	124	T	GGTTT	ok	True
chr2	18250778	18250779	-	0.271605	mod_ratio	81	129	T	CGTCT	ok	False
chr2	18254003	18254004	+	0.806452	mod_ratio	31	32	A	AGACA	ok	True
chr2	18262345	18262346	+	0.893617	mod_ratio	47	80	A	AAACA	ok	True
chr2	18262514	18262515	+	0.511111	mod_ratio	45	88	A	AAACG	ok	False
chr2	18263178	18263179	+	0.27957	mod_ratio	93	106	A	AGACT	ok	True
chr2	18263572	18263573	+	0.561224	mod_ratio	98	107	A	GAACA	ok	True
chr2	18263973	18263974	+	0.31068	mod_ratio	103	120	A	GAACC	ok	True
chr2	18264482	18264483	+	0.504348	mod_ratio	115	134	A	AAACG	ok	False
chr2	18264818	18264819	+	0.167883	mod_ratio	137	153	A	GAACA	ok	True
chr2	18287477	18287478	+	0.961538	mod_ratio	26	30	A	AAACG	ok	False
chr2	18287486	18287487	+	0.92	mod_ratio	25	29	A	AAACC	ok	True
chr2	18287528	18287529	+	0.896552	mod_ratio	29	30	A	AGACC	ok	True
chr2	18288060	18288061	+	0.757576	mod_ratio	33	35	A	AGACA	ok	True
chr2	18309486	18309487	+	0.5	mod_ratio	86	97	A	GGACG	ok	False
chr2	18309744	18309745	+	0.578313	mod_ratio	83	98	A	AAACT	ok	True
chr2	18309803	18309804	+	0.320513	mod_ratio	78	91	A	AAACT	ok	True
chr2	18319369	18319370	+	0.839286	mod_ratio	56	63	A	AAACA	ok	True
chr2	18320630	18320631	+	0.632353	mod_ratio	68	76	A	AAACA	ok	True
chr2	18367207	18367208	+	0.717949	mod_ratio	39	47	A	GAACA	ok	True
chr2	18367265	18367266	+	0.930233	mod_ratio	43	49	A	AGACG	ok	False
chr2	18367396	18367397	+	0.947368	mod_ratio	38	50	A	GGACA	ok	True
chr2	18367516	18367517	+	0.795455	mod_ratio	44	49	A	AAACA	ok	True
chr2	18412698	18412699	-	0.731707	mod_ratio	41	50	T	AGTTT	ok	True
chr2	18412743	18412744	-	0.685714	mod_ratio	70	77	T	TGTCC	ok	True
chr2	18413169	18413170	-	0.409836	mod_ratio	61	70	T	CGTTC	ok	False
chr2	18414913	18414914	+	0.901042	mod_ratio	192	220	A	AAACG	ok	False
chr2	18414937	18414938	+	0.446328	mod_ratio	177	219	A	GGACA	ok	True
chr2	18415143	18415144	+	0.3375	mod_ratio	80	207	A	GGATT	ok	False
chr2	18415219	18415220	+	0.676471	mod_ratio	34	162	A	AAACC	ok	True
chr2	18418752	18418753	+	0.714286	mod_ratio	42	49	A	AGACG	ok	False
chr2	18419463	18419464	-	0.849741	mod_ratio	193	320	T	TGTCT	ok	True
chr2	18419825	18419826	-	0.712062	mod_ratio	257	319	T	GGTCC	ok	True
chr2	18419837	18419838	-	0.461832	mod_ratio	262	318	T	TGTCC	ok	True
chr2	18420522	18420523	-	0.536585	mod_ratio	41	108	T	GGTTT	ok	True
chr2	18420523	18420524	-	0.582677	mod_ratio	127	247	T	GTTTT	ok	False
chr2	18425616	18425617	+	0.7625	mod_ratio	160	191	A	AAACT	ok	True
chr2	18425750	18425751	+	0.409091	mod_ratio	176	196	A	AAACC	ok	True
chr2	18425761	18425762	+	0.327586	mod_ratio	174	193	A	AAACC	ok	True
chr2	18426001	18426002	+	0.686047	mod_ratio	86	100	A	AAACA	ok	True
chr2	18462485	18462486	-	0.605634	mod_ratio	71	80	T	AGTTT	ok	True
chr2	18500883	18500884	-	0.893617	mod_ratio	47	63	T	CGTTT	ok	False
chr2	18501052	18501053	-	0.897436	mod_ratio	78	118	T	CGTTT	ok	False
chr2	18501124	18501125	-	0.358974	mod_ratio	117	124	T	TGTTC	ok	True
chr2	18501156	18501157	-	0.292035	mod_ratio	113	120	T	AGTTT	ok	True
chr2	18501169	18501170	-	0.460177	mod_ratio	113	122	T	TGTTT	ok	True
chr2	18501318	18501319	-	0.621622	mod_ratio	111	123	T	TGTTT	ok	True
chr2	18501335	18501336	-	0.263736	mod_ratio	91	119	T	GGTTC	ok	True
chr2	18501409	18501410	-	0.475728	mod_ratio	103	114	T	TGTTT	ok	True
chr2	18501604	18501605	-	0.287037	mod_ratio	108	116	T	GGTTT	ok	True
chr2	18504623	18504624	+	0.461538	mod_ratio	65	80	A	AAACT	ok	True
chr2	18504647	18504648	+	0.790698	mod_ratio	43	63	A	AGACA	ok	True
chr2	18524471	18524472	+	0.376471	mod_ratio	85	95	A	AAACC	ok	True
chr2	18525605	18525606	+	0.666667	mod_ratio	96	105	A	AAACG	ok	False
chr2	18526150	18526151	+	0.8	mod_ratio	95	111	A	AAACA	ok	True
chr2	18526502	18526503	+	0.393258	mod_ratio	89	116	A	AAACT	ok	True
chr2	18526524	18526525	+	0.350649	mod_ratio	77	98	A	GGACT	ok	True
chr2	18549148	18549149	-	0.925926	mod_ratio	27	32	T	CGTTT	ok	False
chr2	18549154	18549155	-	0.896552	mod_ratio	29	32	T	GGTCT	ok	True
chr2	18587092	18587093	-	0.72093	mod_ratio	43	77	T	CGTTT	ok	False
chr2	18587185	18587186	-	0.421053	mod_ratio	57	148	T	TGTCT	ok	True
chr2	18625323	18625324	+	0.222222	mod_ratio	126	153	A	AGACC	ok	True
chr2	18625369	18625370	+	0.611511	mod_ratio	139	153	A	AAACT	ok	True
chr2	18625665	18625666	+	0.378947	mod_ratio	95	146	A	AGACT	ok	True
chr2	18626487	18626488	+	0.439703	mod_ratio	1078	1309	A	AAACC	ok	True
chr2	18626522	18626523	+	0.447142	mod_ratio	1277	1470	A	AAACC	ok	True
chr2	18626610	18626611	+	0.456182	mod_ratio	1278	1524	A	AGACT	ok	True
chr2	18626737	18626738	+	0.375839	mod_ratio	1341	1605	A	GAACT	ok	True
chr2	18658060	18658061	+	0.857143	mod_ratio	28	31	A	AGACA	ok	True
chr2	18678373	18678374	+	0.756757	mod_ratio	37	44	A	GAACT	ok	True
chr2	18679321	18679322	+	0.72093	mod_ratio	43	54	A	AGACA	ok	True
chr2	18679868	18679869	+	0.813953	mod_ratio	43	75	A	AAACA	ok	True
chr2	18679875	18679876	+	0.634615	mod_ratio	52	75	A	AAACT	ok	True
chr2	18799786	18799787	-	0.646154	mod_ratio	65	85	T	TGTCT	ok	True
chr2	18799797	18799798	-	0.510204	mod_ratio	49	80	T	AGTTT	ok	True
chr2	18800044	18800045	-	0.341772	mod_ratio	79	92	T	AGTTC	ok	True
chr2	18800055	18800056	-	0.741935	mod_ratio	62	74	T	CGTTT	ok	False
chr2	18800081	18800082	-	0.5	mod_ratio	76	99	T	GGTTT	ok	True
chr2	18815172	18815173	-	0.534884	mod_ratio	43	50	T	CGTCT	ok	False
chr2	18815655	18815656	-	0.977273	mod_ratio	44	46	T	TGTTT	ok	True
chr2	18815840	18815841	-	0.75	mod_ratio	44	46	T	GGTTT	ok	True
chr2	18815846	18815847	-	0.857143	mod_ratio	35	46	T	AGTTT	ok	True
chr2	18831529	18831530	+	0.80597	mod_ratio	67	78	A	AAACG	ok	False
chr2	18839922	18839923	+	0.322034	mod_ratio	118	131	A	GAACA	ok	True
chr2	18840486	18840487	+	0.769231	mod_ratio	130	149	A	GGACG	ok	False
chr2	18840680	18840681	+	0.15942	mod_ratio	138	152	A	GGACT	ok	True
chr2	18840824	18840825	+	0.902256	mod_ratio	133	153	A	AAACG	ok	False
chr2	18841093	18841094	+	0.17037	mod_ratio	135	157	A	AAACA	ok	True
chr2	18851892	18851893	+	0.814815	mod_ratio	27	33	A	AGACA	ok	True
chr2	18856144	18856145	+	0.785714	mod_ratio	56	102	A	AAACA	ok	True
chr2	18856552	18856553	+	0.478261	mod_ratio	92	103	A	AAACG	ok	False
chr2	18856735	18856736	+	0.423913	mod_ratio	92	101	A	AAACT	ok	True
chr2	18857195	18857196	+	0.222222	mod_ratio	99	111	A	AAACA	ok	True
chr2	18857393	18857394	+	0.245283	mod_ratio	106	116	A	AGACT	ok	True
chr2	18857593	18857594	+	0.3125	mod_ratio	112	118	A	AAACA	ok	True
chr2	18857754	18857755	+	0.482143	mod_ratio	112	118	A	AAACA	ok	True
chr2	18857947	18857948	+	0.630435	mod_ratio	46	60	A	AAACT	ok	True
chr2	18860354	18860355	+	0.821429	mod_ratio	28	32	A	AGACA	ok	True
chr2	18862103	18862104	+	0.714286	mod_ratio	35	42	A	GGACA	ok	True
chr2	18862246	18862247	+	0.885714	mod_ratio	35	44	A	AGACA	ok	True
chr2	18863548	18863549	-	0.615385	mod_ratio	52	172	T	GTTTT	ok	False
chr2	18863730	18863731	-	0.62963	mod_ratio	81	104	T	GGTTC	ok	True
chr2	18910515	18910516	+	0.202192	mod_ratio	1642	1755	A	GAACT	ok	True
chr2	18910537	18910538	+	0.158377	mod_ratio	1528	1662	A	GGACT	ok	True
chr2	18910687	18910688	+	0.231492	mod_ratio	1702	1846	A	GAACA	ok	True
chr2	18911275	18911276	+	0.231991	mod_ratio	1763	2056	A	AAACG	ok	False
chr2	18911447	18911448	+	0.144943	mod_ratio	1849	2135	A	GAACT	ok	True
chr2	18911511	18911512	+	0.383333	mod_ratio	60	2130	A	GGATG	ok	False
chr2	18911624	18911625	+	0.553145	mod_ratio	1844	2190	A	GGACC	ok	True
chr2	18911817	18911818	+	0.101648	mod_ratio	364	2173	A	AGACT	ok	True
chr2	18911828	18911829	+	0.233333	mod_ratio	1350	2108	A	AAACA	ok	True
chr2	18911834	18911835	+	0.337441	mod_ratio	1055	1375	A	AGACA	ok	True
chr2	18911847	18911848	+	0.224138	mod_ratio	1102	1410	A	AAACA	ok	True
chr2	18912331	18912332	-	0.92	mod_ratio	25	28	T	TGTCT	ok	True
chr2	18919825	18919826	+	0.652174	mod_ratio	69	77	A	AGACC	ok	True
chr2	18919838	18919839	+	0.625	mod_ratio	64	79	A	AAACT	ok	True
chr2	18920344	18920345	+	0.412698	mod_ratio	63	85	A	AAACA	ok	True
chr2	18920843	18920844	+	0.863014	mod_ratio	73	97	A	AGACA	ok	True
chr2	18921117	18921118	+	0.464286	mod_ratio	56	112	A	AAACC	ok	True
chr2	18921122	18921123	+	0.824561	mod_ratio	57	113	A	AAACA	ok	True
chr2	18921155	18921156	+	0.292683	mod_ratio	82	111	A	GAACT	ok	True
chr2	18932048	18932049	-	0.92	mod_ratio	25	32	T	TGTTT	ok	True
chr2	18932115	18932116	-	0.72093	mod_ratio	43	63	T	AGTCC	ok	True
chr2	18932187	18932188	-	0.479167	mod_ratio	48	66	T	GGTTT	ok	True
chr2	18933177	18933178	-	0.490909	mod_ratio	55	64	T	GGTCC	ok	True
chr2	18933379	18933380	-	0.423077	mod_ratio	52	62	T	AGTTT	ok	True
chr2	18953483	18953484	+	0.75	mod_ratio	56	69	A	GGACC	ok	True
chr2	18953666	18953667	+	0.90566	mod_ratio	53	69	A	AAACG	ok	False
chr2	18954433	18954434	+	0.698413	mod_ratio	63	77	A	AGACC	ok	True
chr2	18954462	18954463	+	0.479452	mod_ratio	73	76	A	AAACT	ok	True
chr2	18954525	18954526	+	0.432836	mod_ratio	67	76	A	AAACT	ok	True
chr2	18954538	18954539	+	0.735294	mod_ratio	68	73	A	AAACT	ok	True
chr2	18960261	18960262	+	0.634146	mod_ratio	41	46	A	AGACA	ok	True
chr2	18960433	18960434	+	0.641026	mod_ratio	39	47	A	AGACG	ok	False
chr2	18980189	18980190	+	0.185654	mod_ratio	237	280	A	AGACC	ok	True
chr2	18980198	18980199	+	0.123016	mod_ratio	252	274	A	GAACA	ok	True
chr2	18980576	18980577	+	0.436975	mod_ratio	238	291	A	AAACA	ok	True
chr2	18980657	18980658	+	0.301587	mod_ratio	252	293	A	GAACG	ok	False
chr2	18980671	18980672	+	0.329949	mod_ratio	197	271	A	AAACC	ok	True
chr2	18980724	18980725	+	0.895833	mod_ratio	96	129	A	AAACG	ok	False
chr2	18985646	18985647	-	0.546875	mod_ratio	64	83	T	CGTTT	ok	False
chr2	18985676	18985677	-	0.438356	mod_ratio	73	82	T	TGTTT	ok	True
chr2	18985832	18985833	-	0.546667	mod_ratio	75	82	T	GGTTT	ok	True
chr2	19003639	19003640	-	0.477273	mod_ratio	132	144	T	CGTTC	ok	False
chr2	19003877	19003878	-	0.649254	mod_ratio	134	150	T	GGTCC	ok	True
chr2	19004281	19004282	-	0.816514	mod_ratio	109	138	T	TGTCC	ok	True
chr2	19004408	19004409	-	0.310811	mod_ratio	74	139	T	GTTTT	ok	False
chr2	19004469	19004470	-	0.22314	mod_ratio	121	136	T	TGTCC	ok	True
chr2	19004518	19004519	-	0.338983	mod_ratio	118	138	T	CGTCT	ok	False
chr2	19004666	19004667	-	0.47	mod_ratio	100	130	T	AGTTT	ok	True
chr2	19004671	19004672	-	0.309524	mod_ratio	126	135	T	GGTTC	ok	True
chr2	19005254	19005255	-	0.325843	mod_ratio	89	117	T	AGTTC	ok	True
chr2	19005399	19005400	-	0.340659	mod_ratio	91	111	T	AGTTT	ok	True
chr2	19005409	19005410	-	0.28125	mod_ratio	96	111	T	GGTTT	ok	True
chr2	19019094	19019095	-	0.345679	mod_ratio	81	88	T	AGTTT	ok	True
chr2	19036269	19036270	+	0.88	mod_ratio	25	25	A	GGACA	ok	True
chr2	19042472	19042473	-	0.316327	mod_ratio	196	214	T	TGTTT	ok	True
chr2	19042923	19042924	-	0.959016	mod_ratio	122	154	T	CGTTT	ok	False
chr2	19079453	19079454	+	0.97561	mod_ratio	41	46	A	AAACG	ok	False
chr2	19079916	19079917	+	0.772727	mod_ratio	44	47	A	AAACT	ok	True
chr2	19090010	19090011	-	0.608696	mod_ratio	69	79	T	GGTTT	ok	True
chr2	19090231	19090232	-	0.438596	mod_ratio	57	69	T	AGTTC	ok	True
chr2	19090291	19090292	-	0.897959	mod_ratio	49	65	T	GGTTT	ok	True
chr2	19090346	19090347	-	0.680851	mod_ratio	47	58	T	GGTTT	ok	True
chr2	19110573	19110574	-	0.550562	mod_ratio	89	104	T	AGTTT	ok	True
chr2	19110593	19110594	-	0.26087	mod_ratio	92	104	T	AGTCT	ok	True
chr2	19111184	19111185	-	0.320388	mod_ratio	103	109	T	TGTTT	ok	True
chr2	19136074	19136075	+	0.328358	mod_ratio	67	85	A	GAACC	ok	True
chr2	19136257	19136258	+	0.481481	mod_ratio	81	95	A	AGACG	ok	False
chr2	19136357	19136358	+	0.544118	mod_ratio	68	95	A	AAACC	ok	True
chr2	19151686	19151687	+	0.564516	mod_ratio	62	74	A	AAACT	ok	True
chr2	19151841	19151842	+	0.692308	mod_ratio	104	118	A	AAACA	ok	True
chr2	19152013	19152014	+	0.585586	mod_ratio	111	129	A	GGACG	ok	False
chr2	19152017	19152018	+	0.322917	mod_ratio	96	124	A	GAACA	ok	True
chr2	19152409	19152410	+	0.313043	mod_ratio	115	143	A	GAACA	ok	True
chr2	19152512	19152513	+	0.254717	mod_ratio	106	130	A	GGACT	ok	True
chr2	19165559	19165560	-	0.341772	mod_ratio	79	92	T	CGTCT	ok	False
chr2	19165746	19165747	-	0.881579	mod_ratio	76	89	T	TGTTT	ok	True
chr2	19165759	19165760	-	0.58209	mod_ratio	67	81	T	TGTTT	ok	True
chr2	19165766	19165767	-	0.521127	mod_ratio	71	81	T	AGTTT	ok	True
chr2	19165819	19165820	-	0.708333	mod_ratio	72	89	T	GGTCC	ok	True
chr2	19165890	19165891	-	0.397436	mod_ratio	78	88	T	GGTTC	ok	True
chr2	19166046	19166047	-	0.939394	mod_ratio	66	82	T	GGTCT	ok	True
chr2	19166482	19166483	-	0.851064	mod_ratio	47	56	T	TGTCT	ok	True
chr2	19166619	19166620	-	0.822222	mod_ratio	45	54	T	TGTCT	ok	True
chr2	19180747	19180748	+	0.625	mod_ratio	72	76	A	GAACT	ok	True
chr2	19180821	19180822	+	0.348485	mod_ratio	66	75	A	AAACA	ok	True
chr2	19180921	19180922	+	0.61194	mod_ratio	67	81	A	AAACC	ok	True
chr2	19181363	19181364	+	0.4125	mod_ratio	80	90	A	AAACT	ok	True
chr2	19204521	19204522	+	0.666667	mod_ratio	51	56	A	AGACC	ok	True
chr2	19204721	19204722	+	0.666667	mod_ratio	51	60	A	AGACG	ok	False
chr2	19204769	19204770	+	0.636364	mod_ratio	55	61	A	AAACG	ok	False
chr2	19238848	19238849	+	0.583333	mod_ratio	48	64	A	GGACA	ok	True
chr2	19239227	19239228	+	0.681818	mod_ratio	44	77	A	AGACC	ok	True
chr2	19243663	19243664	+	0.397554	mod_ratio	327	464	A	AAACC	ok	True
chr2	19243993	19243994	+	0.151973	mod_ratio	1191	1453	A	GAACG	ok	False
chr2	19244055	19244056	+	0.216477	mod_ratio	1141	1347	A	AGACT	ok	True
chr2	19244058	19244059	+	0.361905	mod_ratio	105	1384	A	CTACT	ok	False
chr2	19244082	19244083	+	0.152353	mod_ratio	1339	1500	A	AGACT	ok	True
chr2	19244394	19244395	+	0.263587	mod_ratio	1472	1586	A	GAACT	ok	True
chr2	19244706	19244707	+	0.721715	mod_ratio	1096	1499	A	AAACC	ok	True
chr2	19244711	19244712	+	0.545386	mod_ratio	1333	1500	A	AGACA	ok	True
chr2	19244850	19244851	+	0.187919	mod_ratio	1341	1601	A	AGACA	ok	True
chr2	19244994	19244995	+	0.510638	mod_ratio	47	1607	A	AAATA	ok	False
chr2	19245084	19245085	+	0.136889	mod_ratio	1125	1504	A	AGACT	ok	True
chr2	19245096	19245097	+	0.851064	mod_ratio	47	1563	A	AGATG	ok	False
chr2	19245125	19245126	+	0.320312	mod_ratio	128	199	A	AAACT	ok	True
chr2	19246911	19246912	+	0.777778	mod_ratio	63	72	A	AGACA	ok	True
chr2	19246950	19246951	+	0.444444	mod_ratio	72	73	A	AAACA	ok	True
chr2	19246982	19246983	+	0.408451	mod_ratio	71	75	A	GAACG	ok	False
chr2	19247000	19247001	+	0.491803	mod_ratio	61	75	A	AAACG	ok	False
chr2	19247277	19247278	+	0.864865	mod_ratio	74	81	A	AAACG	ok	False
chr2	19247435	19247436	+	0.4	mod_ratio	75	81	A	AAACT	ok	True
chr2	19247488	19247489	+	0.293333	mod_ratio	75	82	A	AGACT	ok	True
chr2	19247641	19247642	+	0.42029	mod_ratio	69	83	A	AAACA	ok	True
chr2	19247862	19247863	+	0.817073	mod_ratio	82	87	A	GGACC	ok	True
chr2	19248201	19248202	+	0.452632	mod_ratio	95	103	A	AAACC	ok	True
chr2	19248208	19248209	+	0.390244	mod_ratio	82	92	A	AAACT	ok	True
chr2	19248529	19248530	+	0.28	mod_ratio	100	112	A	AAACA	ok	True
chr2	19248596	19248597	+	0.705882	mod_ratio	102	114	A	AAACC	ok	True
chr2	19248668	19248669	+	0.622449	mod_ratio	98	114	A	GAACA	ok	True
chr2	19248683	19248684	+	0.940594	mod_ratio	101	114	A	AAACG	ok	False
chr2	19248769	19248770	+	0.369048	mod_ratio	84	100	A	AGACC	ok	True
chr2	19248870	19248871	+	0.594937	mod_ratio	79	92	A	AAACT	ok	True
chr2	19272508	19272509	+	0.861111	mod_ratio	36	39	A	AAACA	ok	True
chr2	19272516	19272517	+	0.666667	mod_ratio	36	40	A	AAACC	ok	True
chr2	19273863	19273864	+	0.680851	mod_ratio	47	60	A	AGACA	ok	True
chr2	19340157	19340158	+	0.961538	mod_ratio	26	31	A	AGACA	ok	True
chr2	19340295	19340296	+	0.84375	mod_ratio	32	36	A	AGACA	ok	True
chr2	19340380	19340381	+	0.84375	mod_ratio	32	37	A	AAACT	ok	True
chr2	19344815	19344816	+	0.163755	mod_ratio	458	524	A	GGACC	ok	True
chr2	19344858	19344859	+	0.484848	mod_ratio	429	527	A	GGACG	ok	False
chr2	19345244	19345245	+	0.227723	mod_ratio	101	566	A	GGATG	ok	False
chr2	19345265	19345266	+	0.368308	mod_ratio	467	562	A	GAACT	ok	True
chr2	19366718	19366719	+	0.656863	mod_ratio	204	288	A	GGACG	ok	False
chr2	19367353	19367354	+	0.594488	mod_ratio	254	314	A	AGACG	ok	False
chr2	19367376	19367377	+	0.467626	mod_ratio	278	306	A	AAACT	ok	True
chr2	19367544	19367545	+	0.110266	mod_ratio	263	319	A	AGACT	ok	True
chr2	19367596	19367597	+	0.47	mod_ratio	300	321	A	AGACA	ok	True
chr2	19368012	19368013	+	0.4	mod_ratio	285	341	A	GGACG	ok	False
chr2	19368193	19368194	+	0.118211	mod_ratio	313	351	A	GAACG	ok	False
chr2	19368375	19368376	+	0.236422	mod_ratio	313	351	A	GGACT	ok	True
chr2	19368569	19368570	+	0.373288	mod_ratio	292	349	A	AGACA	ok	True
chr2	19368634	19368635	+	0.878613	mod_ratio	173	314	A	AAACG	ok	False
chr2	19368758	19368759	+	0.686275	mod_ratio	51	64	A	AAACA	ok	True
chr2	19370292	19370293	-	0.827586	mod_ratio	29	30	T	TGTCT	ok	True
chr2	19399988	19399989	-	1	mod_ratio	22	34	T	CGTTT	ok	False
chr2	19400523	19400524	-	0.827586	mod_ratio	29	32	T	TGTCT	ok	True
chr2	19400716	19400717	-	0.846154	mod_ratio	26	31	T	CGTTT	ok	False
chr2	19400748	19400749	-	0.814815	mod_ratio	27	31	T	TGTCC	ok	True
chr2	19427724	19427725	+	0.439394	mod_ratio	66	72	A	AAACC	ok	True
chr2	19428607	19428608	+	0.468354	mod_ratio	79	91	A	AAACA	ok	True
chr2	19428645	19428646	+	0.619718	mod_ratio	71	91	A	AAACG	ok	False
chr2	19428699	19428700	+	0.333333	mod_ratio	81	95	A	GAACG	ok	False
chr2	19428741	19428742	+	0.333333	mod_ratio	78	95	A	AGACG	ok	False
chr2	19428770	19428771	+	0.918605	mod_ratio	86	95	A	AGACA	ok	True
chr2	19428831	19428832	+	0.378049	mod_ratio	82	95	A	AGACA	ok	True
chr2	19428876	19428877	+	0.471264	mod_ratio	87	94	A	AAACT	ok	True
chr2	19428905	19428906	+	0.705128	mod_ratio	78	90	A	AAACC	ok	True
chr2	19441811	19441812	+	0.529801	mod_ratio	151	166	A	GAACG	ok	False
chr2	19441815	19441816	+	0.244444	mod_ratio	135	164	A	GAACA	ok	True
chr2	19441977	19441978	+	0.196581	mod_ratio	117	166	A	AAACA	ok	True
chr2	19442028	19442029	+	0.866667	mod_ratio	105	166	A	AGACA	ok	True
chr2	19442082	19442083	+	0.551282	mod_ratio	78	141	A	AAACT	ok	True
chr2	19444064	19444065	-	0.916667	mod_ratio	24	26	T	TGTCT	ok	True
chr2	19447086	19447087	+	0.153846	mod_ratio	260	1523	A	AGACA	ok	True
chr2	19447132	19447133	+	0.18437	mod_ratio	1318	1549	A	GGACG	ok	False
chr2	19447233	19447234	+	0.249609	mod_ratio	1278	1576	A	AGACT	ok	True
chr2	19447293	19447294	+	0.267442	mod_ratio	1204	1572	A	AAACT	ok	True
chr2	19471531	19471532	+	0.8125	mod_ratio	32	36	A	AAACG	ok	False
chr2	19471736	19471737	+	0.6875	mod_ratio	32	39	A	GGACA	ok	True
chr2	19472914	19472915	+	0.764706	mod_ratio	51	59	A	AGACG	ok	False
chr2	19473059	19473060	+	0.618182	mod_ratio	55	63	A	GAACG	ok	False
chr2	19473234	19473235	+	0.423729	mod_ratio	59	63	A	AGACG	ok	False
chr2	19473263	19473264	+	0.612245	mod_ratio	49	63	A	GGACG	ok	False
chr2	19473475	19473476	+	0.571429	mod_ratio	63	69	A	GAACT	ok	True
chr2	19473613	19473614	+	0.356322	mod_ratio	87	115	A	AAACG	ok	False
chr2	19473843	19473844	+	0.724409	mod_ratio	127	141	A	GGACA	ok	True
chr2	19482579	19482580	+	0.489796	mod_ratio	98	120	A	AAACG	ok	False
chr2	19482891	19482892	+	0.680851	mod_ratio	94	124	A	AAACA	ok	True
chr2	19483172	19483173	+	0.548673	mod_ratio	113	135	A	GGACC	ok	True
chr2	19483182	19483183	+	0.373832	mod_ratio	107	132	A	GGACA	ok	True
chr2	19483592	19483593	+	0.541353	mod_ratio	133	158	A	GGACG	ok	False
chr2	19483772	19483773	+	0.325581	mod_ratio	129	161	A	GAACG	ok	False
chr2	19483803	19483804	+	0.577778	mod_ratio	135	152	A	AAACT	ok	True
chr2	19483813	19483814	+	0.318182	mod_ratio	110	142	A	GAACC	ok	True
chr2	19483861	19483862	+	0.636364	mod_ratio	44	62	A	AAACT	ok	True
chr2	19500342	19500343	+	0.581395	mod_ratio	43	47	A	GGACA	ok	True
chr2	19517282	19517283	+	0.791667	mod_ratio	48	58	A	AGACG	ok	False
chr2	19518427	19518428	+	0.634615	mod_ratio	52	64	A	AAACC	ok	True
chr2	19522050	19522051	+	0.474576	mod_ratio	59	71	A	AAACA	ok	True
chr2	19522376	19522377	+	0.842105	mod_ratio	57	78	A	AAACG	ok	False
chr2	19523200	19523201	+	0.480392	mod_ratio	102	107	A	AGACT	ok	True
chr2	19523491	19523492	+	0.254902	mod_ratio	102	114	A	GAACG	ok	False
chr2	19523732	19523733	+	0.623762	mod_ratio	101	114	A	AAACA	ok	True
chr2	19523823	19523824	+	0.555556	mod_ratio	90	111	A	GGACA	ok	True
chr2	19523828	19523829	+	0.297872	mod_ratio	94	115	A	GGACT	ok	True
chr2	19523849	19523850	+	0.514851	mod_ratio	101	119	A	AAACT	ok	True
chr2	19523921	19523922	+	0.811321	mod_ratio	53	92	A	AAACA	ok	True
chr2	19523964	19523965	+	0.671642	mod_ratio	67	86	A	AGACG	ok	False
chr2	19529821	19529822	+	0.306667	mod_ratio	75	332	A	AAACC	ok	True
chr2	19529844	19529845	+	0.38206	mod_ratio	301	338	A	GGACG	ok	False
chr2	19530357	19530358	+	0.346875	mod_ratio	320	374	A	AAACC	ok	True
chr2	19531443	19531444	+	0.269841	mod_ratio	189	486	A	AAACT	ok	True
chr2	19531497	19531498	+	0.225131	mod_ratio	191	461	A	GAACC	ok	True
chr2	19531531	19531532	+	0.837696	mod_ratio	191	377	A	GGACA	ok	True
chr2	19536844	19536845	+	0.837838	mod_ratio	37	42	A	AAACG	ok	False
chr2	19538476	19538477	+	0.851852	mod_ratio	54	66	A	AAACT	ok	True
chr2	19538573	19538574	+	0.727273	mod_ratio	33	51	A	AGACA	ok	True
chr2	19552034	19552035	+	0.5	mod_ratio	104	118	A	GGACT	ok	True
chr2	19552139	19552140	+	0.857143	mod_ratio	70	122	A	AAACG	ok	False
chr2	19552217	19552218	+	0.611765	mod_ratio	85	109	A	AGACG	ok	False
chr2	19554875	19554876	-	0.753623	mod_ratio	69	151	T	TGTCT	ok	True
chr2	19554938	19554939	-	0.691358	mod_ratio	162	202	T	TGTCT	ok	True
chr2	19554951	19554952	-	0.480226	mod_ratio	177	195	T	TGTTT	ok	True
chr2	19555042	19555043	-	0.710383	mod_ratio	183	202	T	GGTTT	ok	True
chr2	19555667	19555668	-	0.281915	mod_ratio	188	194	T	AGTTC	ok	True
chr2	19555809	19555810	-	0.266667	mod_ratio	165	191	T	GGTTT	ok	True
chr2	19556000	19556001	-	0.23913	mod_ratio	92	138	T	TGTTT	ok	True
chr2	19558886	19558887	+	0.128463	mod_ratio	397	452	A	AGACT	ok	True
chr2	19559315	19559316	+	0.333333	mod_ratio	396	497	A	AAACG	ok	False
chr2	19559434	19559435	+	0.471831	mod_ratio	142	195	A	AAACC	ok	True
chr2	19559446	19559447	+	0.81746	mod_ratio	126	178	A	AAACG	ok	False
chr2	19615165	19615166	+	0.982143	mod_ratio	56	66	A	AAACG	ok	False
chr2	19615453	19615454	+	0.607143	mod_ratio	56	71	A	AAACG	ok	False
chr2	19618221	19618222	-	0.491228	mod_ratio	57	94	T	GGTTT	ok	True
chr2	19618257	19618258	-	0.386364	mod_ratio	88	113	T	AGTTT	ok	True
chr2	19618312	19618313	-	0.588235	mod_ratio	102	120	T	TGTTC	ok	True
chr2	19662986	19662987	+	0.596491	mod_ratio	57	65	A	GGACG	ok	False
chr2	19663206	19663207	+	0.380952	mod_ratio	63	68	A	AGACT	ok	True
chr1	10475621	10475622	-	0.418182	mod_ratio	55	7259	T	TGTCT	ok	True
chr1	10475650	10475651	-	0.818182	mod_ratio	44	7202	T	TGTCC	ok	True
chr1	10478037	10478038	+	0.929825	mod_ratio	57	11043	A	AAACG	ok	False
chr1	10478311	10478312	+	0.708861	mod_ratio	79	12267	A	GGACA	ok	True
chr1	10478340	10478341	+	0.8	mod_ratio	85	12792	A	AGACA	ok	True
chr1	25048333	25048334	-	0.343284	mod_ratio	67	17590	T	TGTCT	ok	True
chr1	25048640	25048641	-	0.432099	mod_ratio	81	17465	T	TGTCC	ok	True
chr2	5889	5890	+	0.13587	mod_ratio	184	232	A	GAACG	ok	False
chr2	5979	5980	+	0.254386	mod_ratio	114	151	A	GGACG	ok	False
chr2	6036	6037	+	0.344828	mod_ratio	87	150	A	GGACG	ok	False
chr2	1800056	1800057	-	0.888889	mod_ratio	27	3537	T	GGTCC	ok	True
chr2	14523277	14523278	-	0.576923	mod_ratio	52	7976	T	TGTCC	ok	True
chr2	16571362	16571363	-	0.804348	mod_ratio	46	5974	T	GGTCC	ok	True
chr2	16572396	16572397	-	0.676471	mod_ratio	34	4307	T	TGTCC	ok	True
chr3	16822	16823	-	0.704918	mod_ratio	61	72	T	TGTTT	ok	True
chr3	16918	16919	-	0.671233	mod_ratio	73	87	T	CGTCT	ok	False
chr3	17053	17054	-	0.689189	mod_ratio	74	84	T	CGTTT	ok	False
chr3	17290	17291	-	0.727273	mod_ratio	66	77	T	CGTTT	ok	False
chr3	17295	17296	-	0.422535	mod_ratio	71	77	T	GGTTC	ok	True
chr3	17640	17641	-	0.546875	mod_ratio	64	71	T	GGTCC	ok	True
chr3	17750	17751	-	0.622951	mod_ratio	61	64	T	TGTTC	ok	True
chr3	17855	17856	-	0.898305	mod_ratio	59	65	T	TGTCT	ok	True
chr3	39140	39141	-	0.555556	mod_ratio	261	301	T	AGTTC	ok	True
chr3	39212	39213	-	0.427885	mod_ratio	208	224	T	CGTTT	ok	False
chr3	39563	39564	-	0.683636	mod_ratio	275	321	T	CGTTT	ok	False
chr3	39727	39728	-	0.397959	mod_ratio	294	313	T	TGTTC	ok	True
chr3	39962	39963	-	0.521429	mod_ratio	280	293	T	CGTTC	ok	False
chr3	40395	40396	-	0.240816	mod_ratio	245	271	T	GGTTT	ok	True
chr3	41159	41160	-	0.292453	mod_ratio	106	233	T	GTTTT	ok	False
chr3	41361	41362	-	0.386792	mod_ratio	212	218	T	TGTTT	ok	True
chr3	41629	41630	-	0.275449	mod_ratio	167	196	T	AGTTT	ok	True
chr3	41870	41871	-	0.5	mod_ratio	136	170	T	TGTTT	ok	True
chr3	41875	41876	-	0.534884	mod_ratio	129	172	T	CGTTT	ok	False
chr3	44537	44538	-	0.608696	mod_ratio	46	82	T	GGTTT	ok	True
chr3	44712	44713	-	0.469388	mod_ratio	98	108	T	GGTTT	ok	True
chr3	67255	67256	-	0.552239	mod_ratio	67	86	T	CGTCT	ok	False
chr3	67465	67466	-	0.607143	mod_ratio	56	70	T	TGTTT	ok	True
chr3	67619	67620	-	0.42623	mod_ratio	61	75	T	TGTCC	ok	True
chr3	67857	67858	-	0.591837	mod_ratio	49	72	T	CGTTT	ok	False
chr3	68134	68135	-	0.767857	mod_ratio	56	62	T	TGTTT	ok	True
chr3	68496	68497	-	0.674419	mod_ratio	43	59	T	AGTTT	ok	True
chr3	86616	86617	+	0.107477	mod_ratio	214	229	A	GAACT	ok	True
chr3	86861	86862	+	0.410377	mod_ratio	212	242	A	GGACT	ok	True
chr3	87429	87430	+	0.231076	mod_ratio	251	294	A	GAACA	ok	True
chr3	87613	87614	+	0.608365	mod_ratio	263	298	A	AAACT	ok	True
chr3	87650	87651	+	0.382883	mod_ratio	222	296	A	AAACT	ok	True
chr3	87790	87791	+	0.447674	mod_ratio	172	204	A	AAACT	ok	True
chr3	88405	88406	-	0.463768	mod_ratio	69	80	T	TGTCC	ok	True
chr3	88427	88428	-	0.589041	mod_ratio	73	82	T	CGTCC	ok	False
chr3	88717	88718	-	0.965517	mod_ratio	58	62	T	CGTTT	ok	False
chr3	88755	88756	-	0.4	mod_ratio	55	60	T	GGTTT	ok	True
chr3	88793	88794	-	0.86	mod_ratio	50	58	T	TGTCT	ok	True
chr3	89178	89179	-	0.697674	mod_ratio	43	50	T	GGTTT	ok	True
chr3	127476	127477	-	0.564103	mod_ratio	39	51	T	GGTCC	ok	True
chr3	128043	128044	-	0.804878	mod_ratio	41	42	T	TGTCC	ok	True
chr3	150005	150006	-	0.278481	mod_ratio	79	117	T	TGTTC	ok	True
chr3	150035	150036	-	0.440559	mod_ratio	143	166	T	CGTTC	ok	False
chr3	150076	150077	-	0.433628	mod_ratio	113	146	T	TGTTC	ok	True
chr3	150157	150158	-	0.557252	mod_ratio	131	175	T	AGTCT	ok	True
chr3	150288	150289	-	0.403509	mod_ratio	171	208	T	TGTTT	ok	True
chr3	150527	150528	-	0.712644	mod_ratio	174	197	T	TGTTT	ok	True
chr3	150582	150583	-	0.268966	mod_ratio	145	198	T	AGTCT	ok	True
chr3	150939	150940	-	0.414062	mod_ratio	128	156	T	AGTCT	ok	True
chr3	159870	159871	-	0.472727	mod_ratio	55	80	T	CGTTT	ok	False
chr3	160435	160436	-	0.54717	mod_ratio	53	60	T	AGTTC	ok	True
chr3	160824	160825	-	0.6875	mod_ratio	48	50	T	TGTCC	ok	True
chr3	161011	161012	-	0.764706	mod_ratio	34	48	T	TGTCC	ok	True
chr3	168703	168704	+	0.478261	mod_ratio	46	59	A	AGACA	ok	True
chr3	169034	169035	+	0.767442	mod_ratio	43	65	A	GGACC	ok	True
chr3	169048	169049	+	0.881356	mod_ratio	59	64	A	AAACT	ok	True
chr3	169326	169327	+	0.746032	mod_ratio	63	67	A	AGACG	ok	False
chr3	182810	182811	-	0.940594	mod_ratio	101	119	T	TGTCT	ok	True
chr3	182834	182835	-	0.529412	mod_ratio	102	118	T	CGTCT	ok	False
chr3	182921	182922	-	0.427184	mod_ratio	103	115	T	GGTTT	ok	True
chr3	182926	182927	-	0.43299	mod_ratio	97	110	T	GGTTC	ok	True
chr3	183399	183400	-	0.844828	mod_ratio	58	85	T	TGTTT	ok	True
chr3	183489	183490	-	0.275862	mod_ratio	87	98	T	CGTTC	ok	False
chr3	183512	183513	-	0.590361	mod_ratio	83	97	T	TGTCT	ok	True
chr3	188457	188458	+	0.758621	mod_ratio	29	86	A	GGACA	ok	True
chr3	188526	188527	+	0.26	mod_ratio	100	112	A	AAACC	ok	True
chr3	189294	189295	+	0.435484	mod_ratio	124	132	A	GAACG	ok	False
chr3	189448	189449	+	0.451613	mod_ratio	124	132	A	GAACA	ok	True
chr3	189597	189598	+	0.680556	mod_ratio	144	150	A	AAACA	ok	True
chr3	189796	189797	+	0.195946	mod_ratio	148	160	A	GAACA	ok	True
chr3	190075	190076	+	0.189781	mod_ratio	137	181	A	AAACG	ok	False
chr3	190129	190130	+	0.565217	mod_ratio	46	193	A	AAACG	ok	False
chr3	190171	190172	+	0.694737	mod_ratio	95	198	A	AAACG	ok	False
chr3	190335	190336	+	0.44	mod_ratio	175	206	A	GGACA	ok	True
chr3	194770	194771	-	0.333333	mod_ratio	303	386	T	AGTTT	ok	True
chr3	194965	194966	-	0.109689	mod_ratio	547	655	T	TGTTC	ok	True
chr3	195013	195014	-	0.158356	mod_ratio	1484	1707	T	TGTTT	ok	True
chr3	195014	195015	-	0.223214	mod_ratio	224	1947	T	GTTTT	ok	False
chr3	195064	195065	-	0.536232	mod_ratio	69	2255	T	AGTCA	ok	True
chr3	195142	195143	-	0.564103	mod_ratio	39	2397	T	GGTCA	ok	True
chr3	195186	195187	-	0.34748	mod_ratio	1885	2965	T	AGTTT	ok	True
chr3	195311	195312	-	0.353846	mod_ratio	65	2936	T	GGTTT	ok	True
chr3	195396	195397	-	0.296296	mod_ratio	108	125	T	TGTTT	ok	True
chr3	195618	195619	-	0.428571	mod_ratio	175	2786	T	GTTTC	ok	False
chr3	195670	195671	-	0.47582	mod_ratio	2316	2713	T	TGTCC	ok	True
chr3	195833	195834	-	0.808511	mod_ratio	47	2465	T	CGTAT	ok	False
chr3	196253	196254	-	0.182182	mod_ratio	1998	2293	T	GGTTC	ok	True
chr3	196254	196255	-	0.606557	mod_ratio	61	2359	T	GTTCT	ok	False
chr3	196398	196399	-	0.103301	mod_ratio	1878	2261	T	GGTTT	ok	True
chr3	196440	196441	-	0.871395	mod_ratio	2115	2286	T	TGTCT	ok	True
chr3	196709	196710	-	0.129213	mod_ratio	178	2143	T	GGTTC	ok	True
chr3	197804	197805	-	0.234357	mod_ratio	1758	1923	T	AGTTT	ok	True
chr3	209154	209155	+	0.87931	mod_ratio	58	75	A	AGACA	ok	True
chr3	209383	209384	+	0.867647	mod_ratio	68	77	A	AGACA	ok	True
chr3	209848	209849	+	0.591549	mod_ratio	71	79	A	AAACA	ok	True
chr3	209878	209879	+	1	mod_ratio	69	79	A	AAACG	ok	False
chr3	209921	209922	+	0.643836	mod_ratio	73	80	A	AAACA	ok	True
chr3	210069	210070	+	0.8	mod_ratio	55	75	A	AAACT	ok	True
chr3	210079	210080	+	0.677419	mod_ratio	62	75	A	AAACT	ok	True
chr3	212952	212953	-	0.333333	mod_ratio	66	77	T	GGTCT	ok	True
chr3	213085	213086	-	0.5	mod_ratio	64	73	T	TGTTT	ok	True
chr3	213099	213100	-	0.671429	mod_ratio	70	78	T	CGTCT	ok	False
chr3	213498	213499	-	0.693878	mod_ratio	49	65	T	TGTTT	ok	True
chr3	214253	214254	-	0.738095	mod_ratio	42	53	T	TGTCC	ok	True
chr3	216021	216022	-	0.764706	mod_ratio	34	38	T	GGTCT	ok	True
chr3	216967	216968	-	0.755102	mod_ratio	49	59	T	GGTTT	ok	True
chr3	216982	216983	-	0.978723	mod_ratio	47	59	T	CGTTT	ok	False
chr3	217629	217630	-	0.75	mod_ratio	44	47	T	TGTCC	ok	True
chr3	258048	258049	+	0.657895	mod_ratio	38	43	A	AGACA	ok	True
chr3	258381	258382	+	0.468085	mod_ratio	47	55	A	AAACC	ok	True
chr3	268431	268432	+	0.701299	mod_ratio	77	90	A	AAACG	ok	False
chr3	268493	268494	+	0.416667	mod_ratio	84	93	A	AAACT	ok	True
chr3	268630	268631	+	0.563636	mod_ratio	55	81	A	AGACA	ok	True
chr3	283766	283767	-	0.657143	mod_ratio	35	44	T	GGTTT	ok	True
chr3	294303	294304	-	0.766667	mod_ratio	30	33	T	TGTTT	ok	True
chr3	300283	300284	-	0.821429	mod_ratio	28	30	T	CGTCT	ok	False
chr3	314985	314986	-	0.323944	mod_ratio	71	74	T	GGTTC	ok	True
chr3	340797	340798	-	0.74359	mod_ratio	39	52	T	TGTCT	ok	True
chr3	341597	341598	-	0.815789	mod_ratio	38	42	T	TGTCC	ok	True
chr3	341617	341618	-	0.903226	mod_ratio	31	40	T	CGTTT	ok	False
chr3	348502	348503	-	0.470588	mod_ratio	51	58	T	AGTTT	ok	True
chr3	349289	349290	-	0.652174	mod_ratio	46	61	T	TGTCT	ok	True
chr3	363979	363980	-	0.485577	mod_ratio	208	296	T	AGTTT	ok	True
chr3	363987	363988	-	0.78125	mod_ratio	96	211	T	TGTCC	ok	True
chr3	364036	364037	-	0.272727	mod_ratio	583	754	T	AGTCT	ok	True
chr3	364053	364054	-	0.651163	mod_ratio	43	767	T	GGTAA	ok	False
chr3	364143	364144	-	0.153184	mod_ratio	581	777	T	GGTTC	ok	True
chr3	364171	364172	-	0.668588	mod_ratio	694	825	T	GGTCC	ok	True
chr3	364345	364346	-	0.333333	mod_ratio	225	805	T	TGTCT	ok	True
chr3	364655	364656	-	0.177419	mod_ratio	620	780	T	TGTCC	ok	True
chr3	365145	365146	-	0.230357	mod_ratio	560	633	T	AGTTT	ok	True
chr3	365197	365198	-	0.281967	mod_ratio	610	745	T	CGTCT	ok	False
chr3	365974	365975	+	0.670588	mod_ratio	85	99	A	AGACC	ok	True
chr3	366028	366029	+	0.608696	mod_ratio	92	100	A	AGACC	ok	True
chr3	366134	366135	+	0.368932	mod_ratio	103	108	A	GAACG	ok	False
chr3	366246	366247	+	0.323529	mod_ratio	102	112	A	GAACA	ok	True
chr3	366873	366874	+	0.776699	mod_ratio	103	113	A	GGACC	ok	True
chr3	367325	367326	+	0.695652	mod_ratio	115	132	A	GGACT	ok	True
chr3	367380	367381	+	0.42623	mod_ratio	122	138	A	GAACA	ok	True
chr3	367584	367585	+	0.170543	mod_ratio	129	142	A	GGACT	ok	True
chr3	367808	367809	+	0.484127	mod_ratio	126	153	A	AGACG	ok	False
chr3	368035	368036	+	0.637097	mod_ratio	124	155	A	GAACC	ok	True
chr3	368254	368255	+	0.220588	mod_ratio	136	162	A	GAACT	ok	True
chr3	368296	368297	+	0.875	mod_ratio	104	160	A	AAACG	ok	False
chr3	368482	368483	+	0.174825	mod_ratio	143	158	A	AGACT	ok	True
chr3	368498	368499	+	0.661871	mod_ratio	139	169	A	AGACG	ok	False
chr3	368515	368516	+	0.591837	mod_ratio	147	167	A	GAACC	ok	True
chr3	368596	368597	+	0.186335	mod_ratio	161	175	A	GAACG	ok	False
chr3	405129	405130	+	0.356322	mod_ratio	87	122	A	GGACC	ok	True
chr3	405238	405239	+	0.324786	mod_ratio	117	127	A	AAACT	ok	True
chr3	405601	405602	+	0.660714	mod_ratio	56	88	A	AGACA	ok	True
chr3	406193	406194	-	0.416667	mod_ratio	60	68	T	TGTTC	ok	True
chr3	406198	406199	-	0.603448	mod_ratio	58	69	T	TGTCT	ok	True
chr3	406677	406678	+	0.403509	mod_ratio	57	68	A	AAACC	ok	True
chr3	408529	408530	+	0.736842	mod_ratio	38	84	A	AAACT	ok	True
chr3	408669	408670	+	0.772152	mod_ratio	79	90	A	GAACG	ok	False
chr3	408682	408683	+	0.6625	mod_ratio	80	90	A	GGACA	ok	True
chr3	409057	409058	+	0.723684	mod_ratio	76	91	A	AAACA	ok	True
chr3	412208	412209	-	0.636364	mod_ratio	55	67	T	AGTTT	ok	True
chr3	412591	412592	-	0.566667	mod_ratio	60	67	T	GGTCC	ok	True
chr3	413344	413345	-	0.823529	mod_ratio	51	58	T	GGTCT	ok	True
chr3	413457	413458	-	0.952381	mod_ratio	42	56	T	CGTTT	ok	False
chr3	417315	417316	+	0.82	mod_ratio	50	69	A	AAACC	ok	True
chr3	417476	417477	+	0.375	mod_ratio	80	105	A	AGACA	ok	True
chr3	482626	482627	+	0.644068	mod_ratio	59	66	A	AGACC	ok	True
chr3	482634	482635	+	0.767857	mod_ratio	56	66	A	GAACG	ok	False
chr3	483179	483180	+	0.351351	mod_ratio	74	79	A	GAACA	ok	True
chr3	483278	483279	+	0.648649	mod_ratio	74	84	A	GGACA	ok	True
chr3	483644	483645	+	0.646341	mod_ratio	82	97	A	AGACA	ok	True
chr3	483866	483867	+	0.488372	mod_ratio	86	93	A	AGACT	ok	True
chr3	483942	483943	+	0.705263	mod_ratio	95	107	A	AGACA	ok	True
chr3	484063	484064	+	0.445783	mod_ratio	83	103	A	GAACT	ok	True
chr3	484108	484109	+	0.612903	mod_ratio	62	82	A	AAACT	ok	True
chr3	487329	487330	-	0.227273	mod_ratio	132	147	T	AGTTT	ok	True
chr3	487436	487437	-	0.268657	mod_ratio	134	155	T	AGTTT	ok	True
chr3	487466	487467	-	0.221374	mod_ratio	131	156	T	AGTCT	ok	True
chr3	487514	487515	-	0.467153	mod_ratio	137	160	T	AGTTT	ok	True
chr3	487551	487552	-	0.62963	mod_ratio	135	158	T	GGTCT	ok	True
chr3	487592	487593	-	0.694656	mod_ratio	131	158	T	TGTCT	ok	True
chr3	487947	487948	-	0.278846	mod_ratio	104	128	T	GGTTT	ok	True
chr3	487953	487954	-	0.431034	mod_ratio	116	132	T	GGTCC	ok	True
chr3	488133	488134	-	0.219048	mod_ratio	105	122	T	TGTCC	ok	True
chr3	488275	488276	-	0.586957	mod_ratio	92	117	T	AGTCT	ok	True
chr3	488342	488343	-	0.653846	mod_ratio	104	119	T	CGTCT	ok	False
chr3	509911	509912	+	0.824089	mod_ratio	631	706	A	AAACG	ok	False
chr3	509950	509951	+	0.462738	mod_ratio	577	697	A	AAACG	ok	False
chr3	510260	510261	+	0.136428	mod_ratio	711	772	A	AAACG	ok	False
chr3	510301	510302	+	0.136519	mod_ratio	586	777	A	AGACT	ok	True
chr3	510317	510318	+	0.412698	mod_ratio	693	781	A	GGACT	ok	True
chr3	510394	510395	+	0.88	mod_ratio	25	802	A	CAACG	ok	False
chr3	510658	510659	+	0.255319	mod_ratio	517	861	A	GAACA	ok	True
chr3	510787	510788	+	0.368862	mod_ratio	835	910	A	GGACA	ok	True
chr3	511197	511198	+	0.559322	mod_ratio	944	1084	A	GAACA	ok	True
chr3	511212	511213	+	0.423038	mod_ratio	981	1094	A	AGACG	ok	False
chr3	511300	511301	+	0.230769	mod_ratio	130	1123	A	GGACG	ok	False
chr3	511309	511310	+	0.572308	mod_ratio	975	1127	A	GGACG	ok	False
chr3	511385	511386	+	0.101266	mod_ratio	869	1113	A	AAACT	ok	True
chr3	511496	511497	+	0.118852	mod_ratio	244	306	A	AGACT	ok	True
chr3	526810	526811	-	0.876923	mod_ratio	65	69	T	TGTCT	ok	True
chr3	527006	527007	-	0.328358	mod_ratio	67	72	T	AGTTC	ok	True
chr3	527214	527215	-	0.566667	mod_ratio	60	68	T	TGTTT	ok	True
chr3	527635	527636	-	0.779661	mod_ratio	59	67	T	AGTTT	ok	True
chr3	527858	527859	-	0.553571	mod_ratio	56	58	T	CGTTC	ok	False
chr3	529001	529002	-	0.928571	mod_ratio	28	32	T	CGTTT	ok	False
chr3	534161	534162	-	0.763158	mod_ratio	38	38	T	TGTCC	ok	True
chr3	543096	543097	+	0.492537	mod_ratio	67	367	A	AGACA	ok	True
chr3	543202	543203	+	0.6625	mod_ratio	80	345	A	GGATA	ok	False
chr3	543247	543248	+	0.353261	mod_ratio	184	360	A	AGATT	ok	False
chr3	564616	564617	+	0.8	mod_ratio	30	32	A	AGACC	ok	True
chr3	579718	579719	+	0.680851	mod_ratio	47	65	A	AGACG	ok	False
chr3	579799	579800	+	0.803279	mod_ratio	61	68	A	AAACG	ok	False
chr3	579915	579916	+	0.671875	mod_ratio	64	72	A	AGACG	ok	False
chr3	581204	581205	+	0.44	mod_ratio	75	87	A	AAACT	ok	True
chr3	581449	581450	+	0.75	mod_ratio	76	85	A	AGACA	ok	True
chr3	581500	581501	+	0.666667	mod_ratio	45	82	A	AAACT	ok	True
chr3	582312	582313	-	0.857143	mod_ratio	28	30	T	TGTCC	ok	True
chr3	587059	587060	+	0.772727	mod_ratio	44	57	A	GGACC	ok	True
chr3	587574	587575	+	0.923077	mod_ratio	52	64	A	AAACC	ok	True
chr3	587681	587682	+	0.359375	mod_ratio	64	65	A	GAACG	ok	False
chr3	587727	587728	+	0.461538	mod_ratio	65	68	A	AAACC	ok	True
chr3	587931	587932	+	0.396825	mod_ratio	63	69	A	AAACT	ok	True
chr3	587936	587937	+	0.571429	mod_ratio	63	68	A	GAACG	ok	False
chr3	588487	588488	-	0.852941	mod_ratio	34	457	T	CGTTT	ok	False
chr3	588568	588569	-	0.208437	mod_ratio	403	480	T	GGTTC	ok	True
chr3	588595	588596	-	0.632153	mod_ratio	367	479	T	TGTTT	ok	True
chr3	589407	589408	-	0.206633	mod_ratio	392	448	T	GGTTT	ok	True
chr3	589593	589594	-	0.227882	mod_ratio	373	414	T	TGTTT	ok	True
chr3	602491	602492	-	0.534483	mod_ratio	58	85	T	TGTCT	ok	True
chr3	602576	602577	-	0.404494	mod_ratio	89	113	T	TGTTC	ok	True
chr3	602583	602584	-	0.227723	mod_ratio	101	122	T	AGTTT	ok	True
chr3	602595	602596	-	0.829268	mod_ratio	41	123	T	GTTTT	ok	False
chr3	602691	602692	-	0.268817	mod_ratio	93	125	T	AGTTT	ok	True
chr3	602800	602801	-	0.242424	mod_ratio	99	121	T	CGTCT	ok	False
chr3	602969	602970	-	0.62	mod_ratio	100	119	T	CGTCC	ok	False
chr3	603167	603168	-	0.273684	mod_ratio	95	112	T	TGTCC	ok	True
chr3	603248	603249	-	0.277778	mod_ratio	90	103	T	TGTTT	ok	True
chr3	603836	603837	-	0.4	mod_ratio	85	93	T	AGTTT	ok	True
chr3	605105	605106	+	0.413793	mod_ratio	58	65	A	AGACG	ok	False
chr3	614317	614318	+	0.528302	mod_ratio	53	64	A	GAACG	ok	False
chr3	615163	615164	+	0.532258	mod_ratio	62	78	A	GAACC	ok	True
chr3	615342	615343	+	0.5	mod_ratio	74	86	A	AGACA	ok	True
chr3	615461	615462	+	0.317647	mod_ratio	85	92	A	GGACA	ok	True
chr3	615853	615854	+	0.404255	mod_ratio	94	108	A	AAACA	ok	True
chr3	615858	615859	+	0.247191	mod_ratio	89	107	A	AGACA	ok	True
chr3	627636	627637	-	0.385965	mod_ratio	57	63	T	AGTTT	ok	True
chr3	627793	627794	-	0.528302	mod_ratio	53	72	T	CGTTT	ok	False
chr3	627823	627824	-	0.625	mod_ratio	64	72	T	TGTCC	ok	True
chr3	627984	627985	-	0.597015	mod_ratio	67	73	T	TGTCC	ok	True
chr3	628326	628327	-	0.790323	mod_ratio	62	69	T	CGTCT	ok	False
chr3	628346	628347	-	0.967742	mod_ratio	62	68	T	CGTTT	ok	False
chr3	629020	629021	-	0.370968	mod_ratio	62	64	T	TGTTC	ok	True
chr3	629533	629534	-	0.622222	mod_ratio	45	59	T	TGTCC	ok	True
chr3	646385	646386	+	0.440678	mod_ratio	59	74	A	AAACC	ok	True
chr3	646398	646399	+	0.376812	mod_ratio	69	78	A	AAACT	ok	True
chr3	647415	647416	+	0.435484	mod_ratio	62	86	A	AAACC	ok	True
chr3	647482	647483	+	0.515625	mod_ratio	64	84	A	AAACT	ok	True
chr3	647518	647519	+	0.581818	mod_ratio	55	81	A	GAACT	ok	True
chr3	650476	650477	+	0.945946	mod_ratio	37	45	A	AAACG	ok	False
chr3	696865	696866	-	0.201183	mod_ratio	169	201	T	AGTTC	ok	True
chr3	698071	698072	-	0.371901	mod_ratio	121	160	T	TGTTC	ok	True
chr3	705458	705459	-	0.91954	mod_ratio	87	163	T	TGTCC	ok	True
chr3	705530	705531	-	0.155556	mod_ratio	180	203	T	AGTCT	ok	True
chr3	705614	705615	-	0.184358	mod_ratio	179	208	T	TGTCC	ok	True
chr3	705621	705622	-	0.237838	mod_ratio	185	205	T	GGTTC	ok	True
chr3	705707	705708	-	0.733333	mod_ratio	180	198	T	GGTTT	ok	True
chr3	727634	727635	-	0.502262	mod_ratio	221	240	T	CGTTC	ok	False
chr3	727671	727672	-	0.47343	mod_ratio	207	230	T	AGTTT	ok	True
chr3	727751	727752	-	0.417476	mod_ratio	206	249	T	TGTCC	ok	True
chr3	727869	727870	-	0.590909	mod_ratio	154	216	T	TGTTT	ok	True
chr3	729366	729367	-	0.257576	mod_ratio	198	216	T	TGTTT	ok	True
chr3	730003	730004	+	0.483871	mod_ratio	62	67	A	AAACC	ok	True
chr3	730067	730068	+	0.45	mod_ratio	60	71	A	AAACT	ok	True
chr3	730149	730150	+	0.677966	mod_ratio	59	72	A	AAACG	ok	False
chr3	749557	749558	-	0.62963	mod_ratio	54	97	T	GTTTT	ok	False
chr3	749592	749593	-	0.826087	mod_ratio	69	97	T	AGTCC	ok	True
chr3	750102	750103	-	0.567901	mod_ratio	81	99	T	TGTCC	ok	True
chr3	750441	750442	-	0.609756	mod_ratio	82	92	T	GGTCC	ok	True
chr3	750484	750485	-	0.361111	mod_ratio	72	87	T	TGTTT	ok	True
chr3	751103	751104	-	0.514706	mod_ratio	68	73	T	TGTTT	ok	True
chr3	751741	751742	-	0.634921	mod_ratio	63	70	T	TGTCT	ok	True
chr3	753259	753260	-	0.490909	mod_ratio	55	59	T	TGTTC	ok	True
chr3	753297	753298	-	0.711111	mod_ratio	45	59	T	TGTCC	ok	True
chr3	762022	762023	-	0.651163	mod_ratio	43	53	T	AGTTT	ok	True
chr3	762111	762112	-	0.761905	mod_ratio	42	59	T	GGTCC	ok	True
chr3	762749	762750	-	0.945455	mod_ratio	55	58	T	TGTTT	ok	True
chr3	762944	762945	-	0.926829	mod_ratio	41	45	T	CGTTT	ok	False
chr3	957591	957592	+	0.140244	mod_ratio	164	176	A	AAACA	ok	True
chr3	957636	957637	+	0.722222	mod_ratio	162	187	A	GGACC	ok	True
chr3	958248	958249	+	0.447853	mod_ratio	163	204	A	AGACC	ok	True
chr3	958546	958547	+	0.258706	mod_ratio	201	216	A	AAACT	ok	True
chr3	958712	958713	+	0.108374	mod_ratio	203	231	A	AGACC	ok	True
chr3	959018	959019	+	0.232558	mod_ratio	215	239	A	AGACT	ok	True
chr3	959111	959112	+	0.962264	mod_ratio	212	256	A	AGACA	ok	True
chr3	959525	959526	+	0.185654	mod_ratio	237	281	A	GAACT	ok	True
chr3	959846	959847	+	0.271654	mod_ratio	254	311	A	AAACG	ok	False
chr3	960018	960019	+	0.602041	mod_ratio	294	331	A	AAACG	ok	False
chr3	960080	960081	+	0.513725	mod_ratio	255	348	A	AAACG	ok	False
chr3	960222	960223	+	0.369048	mod_ratio	336	373	A	GAACA	ok	True
chr3	960239	960240	+	0.110727	mod_ratio	289	373	A	GGACT	ok	True
chr3	960284	960285	+	0.865031	mod_ratio	326	386	A	AGACA	ok	True
chr3	960396	960397	+	0.446541	mod_ratio	318	369	A	AAACT	ok	True
chr3	960432	960433	+	0.452229	mod_ratio	314	405	A	GGACG	ok	False
chr3	960468	960469	+	0.252941	mod_ratio	340	412	A	AGACG	ok	False
chr3	960615	960616	+	0.295739	mod_ratio	399	444	A	GAACA	ok	True
chr3	960673	960674	+	0.347594	mod_ratio	374	454	A	AAACC	ok	True
chr3	967874	967875	+	0.827586	mod_ratio	29	29	A	AGACA	ok	True
chr3	995657	995658	+	0.818182	mod_ratio	33	36	A	AGACA	ok	True
chr3	995739	995740	+	0.764706	mod_ratio	34	36	A	AGACA	ok	True
chr3	996130	996131	+	0.65	mod_ratio	40	44	A	GGACA	ok	True
chr3	999846	999847	-	0.944444	mod_ratio	54	61	T	TGTCT	ok	True
chr3	1009033	1009034	-	0.275229	mod_ratio	109	139	T	AGTCT	ok	True
chr3	1009090	1009091	-	0.239669	mod_ratio	121	155	T	AGTTT	ok	True
chr3	1009777	1009778	-	0.569106	mod_ratio	123	137	T	AGTTT	ok	True
chr3	1010326	1010327	-	0.584746	mod_ratio	118	130	T	CGTCT	ok	False
chr3	1010373	1010374	-	0.929825	mod_ratio	114	121	T	GGTCT	ok	True
chr3	1010413	1010414	-	0.896552	mod_ratio	29	48	T	CGTTT	ok	False
chr3	1010416	1010417	-	0.871795	mod_ratio	39	104	T	TTTTT	ok	False
chr3	1023294	1023295	+	0.933333	mod_ratio	30	33	A	AAACA	ok	True
chr3	1023579	1023580	+	0.911765	mod_ratio	34	37	A	AGACA	ok	True
chr3	1025162	1025163	+	0.585366	mod_ratio	41	44	A	GAACA	ok	True
chr3	1025187	1025188	+	0.871795	mod_ratio	39	47	A	AGACC	ok	True
chr3	1026527	1026528	+	0.537037	mod_ratio	54	66	A	GGACG	ok	False
chr3	1026864	1026865	+	0.644068	mod_ratio	59	72	A	GGACA	ok	True
chr3	1033920	1033921	+	0.366667	mod_ratio	60	101	A	AAACT	ok	True
chr3	1034055	1034056	+	0.380435	mod_ratio	92	110	A	AAACT	ok	True
chr3	1034429	1034430	+	0.708738	mod_ratio	103	122	A	AGACG	ok	False
chr3	1034516	1034517	+	0.359223	mod_ratio	103	121	A	AAACT	ok	True
chr3	1034844	1034845	+	0.410714	mod_ratio	56	58	A	AAACA	ok	True
chr3	1072133	1072134	-	0.55814	mod_ratio	43	56	T	AGTCT	ok	True
chr3	1072454	1072455	-	0.625	mod_ratio	56	65	T	GGTCC	ok	True
chr3	1072785	1072786	-	0.711864	mod_ratio	59	64	T	CGTCT	ok	False
chr3	1072860	1072861	-	0.733333	mod_ratio	45	61	T	CGTTT	ok	False
chr3	1073946	1073947	-	0.702128	mod_ratio	47	53	T	CGTCT	ok	False
chr3	1081352	1081353	+	0.122517	mod_ratio	302	431	A	GGACG	ok	False
chr3	1081980	1081981	+	0.116337	mod_ratio	404	454	A	GAACC	ok	True
chr3	1082780	1082781	+	0.108911	mod_ratio	505	573	A	AGACT	ok	True
chr3	1083227	1083228	+	0.207865	mod_ratio	534	647	A	GAACT	ok	True
chr3	1083234	1083235	+	0.435986	mod_ratio	578	637	A	GAACT	ok	True
chr3	1134579	1134580	-	0.829268	mod_ratio	41	50	T	TGTTT	ok	True
chr3	1135300	1135301	-	0.611111	mod_ratio	36	40	T	TGTTC	ok	True
chr3	1135318	1135319	-	0.875	mod_ratio	40	41	T	TGTTT	ok	True
chr3	1146807	1146808	-	1	mod_ratio	23	26	T	TGTTT	ok	True
chr3	1167589	1167590	+	0.151152	mod_ratio	1085	1226	A	GAACC	ok	True
chr3	1167671	1167672	+	0.183274	mod_ratio	1124	1241	A	GAACC	ok	True
chr3	1168294	1168295	+	0.403226	mod_ratio	62	1334	A	GAACG	ok	False
chr3	1168339	1168340	+	0.400971	mod_ratio	1030	1314	A	GAACG	ok	False
chr3	1168387	1168388	+	0.153414	mod_ratio	1069	1276	A	AGACT	ok	True
chr3	1168428	1168429	+	0.462745	mod_ratio	765	1079	A	GAACC	ok	True
chr3	1168479	1168480	+	0.393162	mod_ratio	117	530	A	AAACT	ok	True
chr3	1168531	1168532	+	0.152778	mod_ratio	144	172	A	AAACA	ok	True
chr3	1245933	1245934	+	0.784314	mod_ratio	51	56	A	AGACC	ok	True
chr3	1245970	1245971	+	0.592593	mod_ratio	54	56	A	AAACC	ok	True
chr3	1246023	1246024	+	0.653846	mod_ratio	52	56	A	AGACA	ok	True
chr3	1260420	1260421	+	0.733333	mod_ratio	30	31	A	AAACT	ok	True
chr3	1260523	1260524	+	0.793103	mod_ratio	29	32	A	GAACA	ok	True
chr3	1285721	1285722	-	0.143678	mod_ratio	174	199	T	TGTTT	ok	True
chr3	1286304	1286305	-	0.846154	mod_ratio	143	173	T	CGTTC	ok	False
chr3	1286437	1286438	-	0.164286	mod_ratio	140	168	T	AGTTC	ok	True
chr3	1288736	1288737	-	0.528571	mod_ratio	70	102	T	GGTTT	ok	True
chr3	1288895	1288896	-	0.405063	mod_ratio	158	213	T	AGTTT	ok	True
chr3	1288906	1288907	-	0.482353	mod_ratio	170	211	T	GGTTT	ok	True
chr3	1288920	1288921	-	0.163636	mod_ratio	165	213	T	GGTTC	ok	True
chr3	1289002	1289003	-	0.163158	mod_ratio	190	214	T	TGTTC	ok	True
chr3	1289115	1289116	-	0.23913	mod_ratio	184	212	T	AGTCC	ok	True
chr3	1289340	1289341	-	0.955556	mod_ratio	180	199	T	CGTTT	ok	False
chr3	1289393	1289394	-	0.201183	mod_ratio	169	193	T	GGTCC	ok	True
chr3	1289555	1289556	-	0.353741	mod_ratio	147	174	T	AGTTT	ok	True
chr3	1289589	1289590	-	0.173913	mod_ratio	161	180	T	CGTCC	ok	False
chr3	1290223	1290224	-	0.394495	mod_ratio	109	130	T	GGTTT	ok	True
chr3	1290298	1290299	-	0.611111	mod_ratio	144	162	T	AGTTT	ok	True
chr3	1290312	1290313	-	0.309859	mod_ratio	142	168	T	AGTCT	ok	True
chr3	1290498	1290499	-	0.6	mod_ratio	75	100	T	GGTTT	ok	True
chr3	1290542	1290543	-	0.547945	mod_ratio	73	138	T	CGTTT	ok	False
chr3	1311302	1311303	-	0.911765	mod_ratio	34	45	T	CGTTT	ok	False
chr3	1312351	1312352	-	0.74359	mod_ratio	39	50	T	AGTTT	ok	True
chr3	1313451	1313452	+	0.139159	mod_ratio	309	345	A	GAACC	ok	True
chr3	1313500	1313501	+	0.252595	mod_ratio	289	364	A	GGACG	ok	False
chr3	1313546	1313547	+	0.659763	mod_ratio	338	373	A	AAACC	ok	True
chr3	1313571	1313572	+	0.217791	mod_ratio	326	374	A	GAACC	ok	True
chr3	1313663	1313664	+	0.882155	mod_ratio	297	385	A	AAACG	ok	False
chr3	1313667	1313668	+	0.467236	mod_ratio	351	386	A	GAACG	ok	False
chr3	1313864	1313865	+	0.614555	mod_ratio	371	400	A	AAACT	ok	True
chr3	1313929	1313930	+	0.352785	mod_ratio	377	419	A	GAACT	ok	True
chr3	1313953	1313954	+	0.118252	mod_ratio	389	424	A	AGACC	ok	True
chr3	1326319	1326320	+	0.75	mod_ratio	44	46	A	AAACC	ok	True
chr3	1329198	1329199	+	0.674419	mod_ratio	43	52	A	AGACT	ok	True
chr3	1330129	1330130	+	0.117904	mod_ratio	458	492	A	GAACT	ok	True
chr3	1330403	1330404	+	0.350679	mod_ratio	442	491	A	AAACA	ok	True
chr3	1330501	1330502	+	0.178414	mod_ratio	454	514	A	GAACG	ok	False
chr3	1330653	1330654	+	0.178756	mod_ratio	386	480	A	AAACT	ok	True
chr3	1330711	1330712	+	0.472036	mod_ratio	447	522	A	AAACC	ok	True
chr3	1331393	1331394	+	0.115854	mod_ratio	492	564	A	GAACC	ok	True
chr3	1331446	1331447	+	0.521277	mod_ratio	470	555	A	AAACT	ok	True
chr3	1331559	1331560	+	0.394822	mod_ratio	309	460	A	GAACA	ok	True
chr3	1343562	1343563	+	0.421053	mod_ratio	57	72	A	GGACC	ok	True
chr3	1344558	1344559	+	0.709677	mod_ratio	62	77	A	GGACA	ok	True
chr3	1344675	1344676	+	0.538462	mod_ratio	78	87	A	AAACA	ok	True
chr3	1345273	1345274	+	0.528736	mod_ratio	87	95	A	AGACA	ok	True
chr3	1345393	1345394	+	0.802469	mod_ratio	81	96	A	AAACG	ok	False
chr3	1345855	1345856	+	0.489796	mod_ratio	98	110	A	AGACC	ok	True
chr3	1346133	1346134	+	0.377551	mod_ratio	98	116	A	AAACA	ok	True
chr3	1346242	1346243	+	0.636364	mod_ratio	66	89	A	AGACA	ok	True
chr3	1346278	1346279	+	0.602273	mod_ratio	88	137	A	AAACC	ok	True
chr3	1346488	1346489	-	0.788462	mod_ratio	52	55	T	TGTCC	ok	True
chr3	1346819	1346820	-	0.738095	mod_ratio	42	45	T	TGTTT	ok	True
chr3	1346925	1346926	-	0.533333	mod_ratio	45	52	T	GGTTC	ok	True
chr3	1347283	1347284	-	0.755556	mod_ratio	45	48	T	CGTCC	ok	False
chr3	1361015	1361016	+	0.110526	mod_ratio	380	448	A	GAACC	ok	True
chr3	1361643	1361644	+	0.302326	mod_ratio	430	480	A	GAACC	ok	True
chr3	1362163	1362164	+	0.504732	mod_ratio	317	427	A	AGACA	ok	True
chr3	1362233	1362234	+	0.388724	mod_ratio	337	413	A	AAACA	ok	True
chr3	1366439	1366440	+	0.734694	mod_ratio	49	56	A	GAACA	ok	True
chr3	1366459	1366460	+	0.647059	mod_ratio	51	56	A	AAACC	ok	True
chr3	1366966	1366967	+	0.978261	mod_ratio	46	60	A	AGACA	ok	True
chr3	1367127	1367128	+	0.77193	mod_ratio	57	65	A	AAACA	ok	True
chr3	1367135	1367136	+	0.438596	mod_ratio	57	66	A	AAACT	ok	True
chr3	1367477	1367478	+	0.559322	mod_ratio	59	68	A	AGACA	ok	True
chr3	1391827	1391828	-	0.612245	mod_ratio	49	74	T	AGTTT	ok	True
chr3	1392103	1392104	-	0.357143	mod_ratio	70	84	T	GGTTT	ok	True
chr3	1392880	1392881	-	0.45098	mod_ratio	51	67	T	TGTTT	ok	True
chr3	1416569	1416570	+	0.763158	mod_ratio	38	41	A	AGACC	ok	True
chr3	1416927	1416928	+	0.560976	mod_ratio	41	44	A	AAACT	ok	True
chr3	1417193	1417194	+	0.628571	mod_ratio	35	43	A	GGACC	ok	True
chr3	1460021	1460022	-	0.30137	mod_ratio	73	77	T	AGTTC	ok	True
chr3	1460475	1460476	-	0.890625	mod_ratio	64	71	T	CGTTT	ok	False
chr3	1460649	1460650	-	0.9375	mod_ratio	48	61	T	TGTTT	ok	True
chr3	1462456	1462457	-	0.816667	mod_ratio	60	69	T	GGTCT	ok	True
chr3	1462681	1462682	-	0.943396	mod_ratio	53	59	T	CGTTT	ok	False
chr3	1468621	1468622	-	0.888889	mod_ratio	27	29	T	CGTCT	ok	False
chr3	1469500	1469501	-	0.884615	mod_ratio	26	29	T	TGTCT	ok	True
chr3	1522313	1522314	-	0.595238	mod_ratio	42	56	T	TGTTC	ok	True
chr3	1522580	1522581	-	0.611111	mod_ratio	36	43	T	GGTTT	ok	True
chr3	1522915	1522916	-	0.818182	mod_ratio	33	42	T	TGTTT	ok	True
chr3	1593497	1593498	+	0.923077	mod_ratio	39	46	A	AAACG	ok	False
chr3	1593551	1593552	+	0.934783	mod_ratio	46	50	A	AAACG	ok	False
chr3	1593973	1593974	+	0.680851	mod_ratio	47	51	A	AAACC	ok	True
chr3	1594472	1594473	+	0.659574	mod_ratio	47	56	A	AAACC	ok	True
chr3	1594769	1594770	+	0.734694	mod_ratio	49	59	A	AGACC	ok	True
chr3	1604083	1604084	+	0.416667	mod_ratio	72	81	A	AAACT	ok	True
chr3	1604463	1604464	+	0.338028	mod_ratio	71	92	A	GGACT	ok	True
chr3	1604487	1604488	+	0.783133	mod_ratio	83	92	A	AAACC	ok	True
chr3	1605365	1605366	+	0.326316	mod_ratio	95	100	A	GAACG	ok	False
chr3	1605503	1605504	+	0.337209	mod_ratio	86	102	A	GGACC	ok	True
chr3	1605533	1605534	+	0.897727	mod_ratio	88	105	A	AGACA	ok	True
chr3	1605706	1605707	+	0.34	mod_ratio	100	107	A	AGACG	ok	False
chr3	1605979	1605980	+	0.349398	mod_ratio	83	91	A	GAACT	ok	True
chr3	1615133	1615134	+	0.397959	mod_ratio	98	634	A	AAACA	ok	True
chr3	1615204	1615205	+	0.146789	mod_ratio	545	642	A	AAACC	ok	True
chr3	1615315	1615316	+	0.590909	mod_ratio	66	616	A	AGATG	ok	False
chr3	1621504	1621505	+	0.433243	mod_ratio	367	552	A	GGACG	ok	False
chr3	1622370	1622371	+	0.421129	mod_ratio	691	745	A	GAACT	ok	True
chr3	1622666	1622667	+	0.728376	mod_ratio	659	772	A	GGACC	ok	True
chr3	1622842	1622843	+	0.246094	mod_ratio	256	758	A	GGATT	ok	False
chr3	1622856	1622857	+	0.231405	mod_ratio	121	767	A	GAACT	ok	True
chr3	1622882	1622883	+	0.647668	mod_ratio	386	670	A	AGACA	ok	True
chr3	1622909	1622910	+	0.119048	mod_ratio	252	678	A	GGATT	ok	False
chr3	1622951	1622952	+	0.498382	mod_ratio	309	457	A	AAACT	ok	True
chr3	1693607	1693608	+	0.234432	mod_ratio	273	316	A	AAACT	ok	True
chr3	1693624	1693625	+	0.171233	mod_ratio	292	324	A	AGACC	ok	True
chr3	1693948	1693949	+	0.48125	mod_ratio	320	351	A	AAACT	ok	True
chr3	1694031	1694032	+	0.258503	mod_ratio	294	351	A	AAACA	ok	True
chr3	1694118	1694119	+	0.612167	mod_ratio	263	308	A	AAACT	ok	True
chr3	1696060	1696061	+	0.255906	mod_ratio	254	344	A	AAACT	ok	True
chr3	1696078	1696079	+	0.246377	mod_ratio	345	384	A	AGACC	ok	True
chr3	1696371	1696372	+	0.21547	mod_ratio	362	397	A	AGACT	ok	True
chr3	1696505	1696506	+	0.179775	mod_ratio	178	399	A	AAACT	ok	True
chr3	1696607	1696608	+	0.350427	mod_ratio	234	409	A	AAACA	ok	True
chr3	1696615	1696616	+	0.357616	mod_ratio	302	409	A	GGACG	ok	False
chr3	1741081	1741082	+	0.648649	mod_ratio	74	77	A	AAACA	ok	True
chr3	1741206	1741207	+	0.533333	mod_ratio	60	74	A	GGACA	ok	True
chr3	1741337	1741338	+	0.356164	mod_ratio	73	82	A	AAACT	ok	True
chr3	1741435	1741436	+	0.842105	mod_ratio	76	82	A	AAACA	ok	True
chr3	1741719	1741720	+	0.317073	mod_ratio	82	87	A	AGACA	ok	True
chr3	1741726	1741727	+	0.395062	mod_ratio	81	87	A	AAACC	ok	True
chr3	1741768	1741769	+	0.641975	mod_ratio	81	88	A	AAACT	ok	True
chr3	1741903	1741904	+	0.328947	mod_ratio	76	80	A	AAACA	ok	True
chr3	1742706	1742707	+	0.434783	mod_ratio	92	101	A	GGACG	ok	False
chr3	1742952	1742953	+	0.511628	mod_ratio	43	108	A	AAACT	ok	True
chr3	1755753	1755754	-	0.547414	mod_ratio	232	266	T	TGTTC	ok	True
chr3	1756514	1756515	-	0.13587	mod_ratio	184	242	T	AGTTT	ok	True
chr3	1757715	1757716	-	0.262821	mod_ratio	156	191	T	AGTCC	ok	True
chr3	1761525	1761526	-	0.789474	mod_ratio	38	39	T	TGTTT	ok	True
chr3	1762101	1762102	-	0.846154	mod_ratio	26	30	T	TGTCT	ok	True
chr3	1764813	1764814	-	0.890411	mod_ratio	73	85	T	TGTCT	ok	True
chr3	1765341	1765342	-	0.347222	mod_ratio	72	78	T	GGTTT	ok	True
chr3	1765626	1765627	-	0.58209	mod_ratio	67	76	T	TGTCC	ok	True
chr3	1766604	1766605	-	0.532258	mod_ratio	62	70	T	TGTTC	ok	True
chr3	1824786	1824787	-	0.59322	mod_ratio	59	68	T	CGTCC	ok	False
chr3	1826117	1826118	-	0.493506	mod_ratio	77	100	T	GGTTT	ok	True
chr3	1826232	1826233	-	0.625	mod_ratio	112	138	T	GGTCT	ok	True
chr3	1826250	1826251	-	0.377049	mod_ratio	122	136	T	TGTTC	ok	True
chr3	1826319	1826320	-	0.544643	mod_ratio	112	135	T	TGTCC	ok	True
chr3	1826548	1826549	-	0.75	mod_ratio	108	133	T	TGTCT	ok	True
chr3	1827645	1827646	-	0.619048	mod_ratio	105	122	T	CGTCC	ok	False
chr3	1831540	1831541	-	0.3	mod_ratio	100	109	T	TGTTC	ok	True
chr3	1831609	1831610	-	0.43617	mod_ratio	94	107	T	TGTTT	ok	True
chr3	1834950	1834951	-	0.578947	mod_ratio	38	46	T	TGTCC	ok	True
chr3	1835055	1835056	-	0.763158	mod_ratio	38	46	T	CGTTC	ok	False
chr3	1835220	1835221	-	0.790698	mod_ratio	43	44	T	TGTTT	ok	True
chr3	1835848	1835849	-	0.852941	mod_ratio	34	36	T	TGTCT	ok	True
chr3	1848985	1848986	+	0.202614	mod_ratio	153	179	A	AGACG	ok	False
chr3	1913135	1913136	-	0.621622	mod_ratio	37	48	T	GGTTT	ok	True
chr3	1914009	1914010	-	0.644444	mod_ratio	45	54	T	CGTCC	ok	False
chr3	1915120	1915121	+	0.782609	mod_ratio	69	77	A	AGACA	ok	True
chr3	1915168	1915169	+	0.44898	mod_ratio	49	76	A	AAACG	ok	False
chr3	1915194	1915195	+	0.606061	mod_ratio	66	77	A	AAACT	ok	True
chr3	1924383	1924384	-	0.888889	mod_ratio	45	51	T	AGTTT	ok	True
chr3	1924533	1924534	-	0.925926	mod_ratio	54	60	T	TGTCT	ok	True
chr3	1925424	1925425	-	0.722222	mod_ratio	36	38	T	TGTTT	ok	True
chr3	1955486	1955487	-	0.684211	mod_ratio	38	41	T	TGTCC	ok	True
chr3	1955651	1955652	-	0.862069	mod_ratio	29	41	T	CGTTT	ok	False
chr3	1990605	1990606	-	0.785714	mod_ratio	28	40	T	TGTCT	ok	True
chr3	1991507	1991508	-	0.733333	mod_ratio	30	33	T	TGTTT	ok	True
chr3	2018031	2018032	+	0.615385	mod_ratio	39	70	A	AAACC	ok	True
chr3	2018409	2018410	+	0.409091	mod_ratio	66	77	A	AAACA	ok	True
chr3	2018458	2018459	+	0.780822	mod_ratio	73	85	A	AAACA	ok	True
chr3	2018874	2018875	+	0.405797	mod_ratio	69	90	A	GGACA	ok	True
chr3	2018951	2018952	+	0.418605	mod_ratio	86	93	A	GAACT	ok	True
chr3	2019134	2019135	+	0.525	mod_ratio	80	95	A	GAACG	ok	False
chr3	2019658	2019659	+	0.875	mod_ratio	40	93	A	AAACG	ok	False
chr3	2039117	2039118	-	0.533333	mod_ratio	45	54	T	AGTCT	ok	True
chr3	2039572	2039573	-	0.791667	mod_ratio	48	53	T	CGTTT	ok	False
chr3	2039579	2039580	-	0.734694	mod_ratio	49	53	T	CGTCC	ok	False
chr3	2040506	2040507	-	0.609756	mod_ratio	41	42	T	AGTTT	ok	True
chr3	2060795	2060796	+	0.85	mod_ratio	60	79	A	AAACT	ok	True
chr3	2079512	2079513	-	0.301205	mod_ratio	83	91	T	GGTCT	ok	True
chr3	2080014	2080015	-	0.40625	mod_ratio	64	85	T	CGTCC	ok	False
chr3	2080391	2080392	-	0.891304	mod_ratio	46	70	T	CGTTT	ok	False
chr3	2081097	2081098	-	0.823529	mod_ratio	51	57	T	TGTTT	ok	True
chr3	2081769	2081770	-	0.581818	mod_ratio	55	58	T	AGTTC	ok	True
chr3	2105780	2105781	-	0.896552	mod_ratio	29	34	T	CGTTT	ok	False
chr3	2105818	2105819	-	0.71875	mod_ratio	32	34	T	TGTCT	ok	True
chr3	2114335	2114336	-	0.312057	mod_ratio	141	179	T	GGTTC	ok	True
chr3	2114343	2114344	-	0.679104	mod_ratio	134	165	T	TGTCT	ok	True
chr3	2117447	2117448	-	0.257908	mod_ratio	411	582	T	GGTTC	ok	True
chr3	2117455	2117456	-	0.659039	mod_ratio	437	564	T	TGTCT	ok	True
chr3	2117465	2117466	-	0.188312	mod_ratio	462	567	T	AGTCT	ok	True
chr3	2117497	2117498	-	0.291284	mod_ratio	436	558	T	TGTCT	ok	True
chr3	2117579	2117580	-	0.18595	mod_ratio	242	607	T	GGTTC	ok	True
chr3	2117597	2117598	-	0.450485	mod_ratio	515	598	T	GGTCC	ok	True
chr3	2121809	2121810	+	0.785714	mod_ratio	28	30	A	AAACC	ok	True
chr3	2122941	2122942	+	0.866667	mod_ratio	30	33	A	AGACG	ok	False
chr3	2123459	2123460	+	0.833333	mod_ratio	36	43	A	AGACA	ok	True
chr3	2123962	2123963	+	0.853659	mod_ratio	41	47	A	AAACC	ok	True
chr3	2125788	2125789	+	0.744681	mod_ratio	47	61	A	GGACA	ok	True
chr3	2130123	2130124	-	0.545455	mod_ratio	44	52	T	AGTTT	ok	True
chr3	2143858	2143859	+	0.88	mod_ratio	25	30	A	AGACA	ok	True
chr3	2166138	2166139	+	0.829268	mod_ratio	41	43	A	AGACA	ok	True
chr3	2243088	2243089	-	0.551282	mod_ratio	78	85	T	CGTTC	ok	False
chr3	2243107	2243108	-	0.724638	mod_ratio	69	86	T	AGTTT	ok	True
chr3	2243131	2243132	-	0.794118	mod_ratio	68	73	T	TGTTT	ok	True
chr3	2243309	2243310	-	0.551724	mod_ratio	87	93	T	CGTCC	ok	False
chr3	2243376	2243377	-	0.4	mod_ratio	85	89	T	GGTTT	ok	True
chr3	2243502	2243503	-	0.485294	mod_ratio	68	86	T	TGTTT	ok	True
chr3	2243833	2243834	-	0.5	mod_ratio	68	75	T	CGTTC	ok	False
chr3	2252300	2252301	+	0.461318	mod_ratio	349	392	A	AAACC	ok	True
chr3	2252312	2252313	+	0.417367	mod_ratio	357	408	A	GGACC	ok	True
chr3	2252640	2252641	+	0.251928	mod_ratio	389	419	A	AGACT	ok	True
chr3	2252865	2252866	+	0.11828	mod_ratio	372	422	A	GGACA	ok	True
chr3	2252912	2252913	+	0.267905	mod_ratio	377	431	A	GAACC	ok	True
chr3	2253379	2253380	+	0.797654	mod_ratio	341	393	A	AGACA	ok	True
chr3	2281423	2281424	+	0.6875	mod_ratio	32	38	A	AAACA	ok	True
chr3	2282238	2282239	+	0.83871	mod_ratio	31	41	A	AGACA	ok	True
chr3	2299841	2299842	+	0.52	mod_ratio	300	351	A	AAACT	ok	True
chr3	2300164	2300165	+	0.438127	mod_ratio	299	380	A	AAACC	ok	True
chr3	2328138	2328139	-	0.666667	mod_ratio	72	84	T	TGTCC	ok	True
chr3	2328151	2328152	-	0.7875	mod_ratio	80	83	T	TGTCC	ok	True
chr3	2328211	2328212	-	0.636364	mod_ratio	66	80	T	GGTCT	ok	True
chr3	2328335	2328336	-	0.424242	mod_ratio	66	74	T	TGTCT	ok	True
chr3	2328521	2328522	-	0.390625	mod_ratio	64	70	T	AGTTT	ok	True
chr3	2329498	2329499	-	0.6	mod_ratio	45	55	T	CGTTT	ok	False
chr3	2329530	2329531	-	0.458333	mod_ratio	48	54	T	TGTCC	ok	True
chr3	2329652	2329653	-	0.613636	mod_ratio	44	48	T	CGTTT	ok	False
chr3	2347693	2347694	+	0.853659	mod_ratio	41	61	A	AAACG	ok	False
chr3	2347996	2347997	+	0.54717	mod_ratio	53	67	A	GGACG	ok	False
chr3	2348135	2348136	+	0.531915	mod_ratio	47	75	A	AAACT	ok	True
chr3	2348461	2348462	+	0.865672	mod_ratio	67	87	A	AAACG	ok	False
chr3	2348577	2348578	+	0.354839	mod_ratio	62	84	A	AGACC	ok	True
chr3	2356572	2356573	+	0.866667	mod_ratio	30	36	A	GGACA	ok	True
chr3	2379457	2379458	+	0.303797	mod_ratio	79	80	A	AGACG	ok	False
chr3	2379680	2379681	+	0.316456	mod_ratio	79	86	A	GAACA	ok	True
chr3	2379725	2379726	+	0.443038	mod_ratio	79	90	A	AGACA	ok	True
chr3	2379983	2379984	+	0.682353	mod_ratio	85	107	A	AAACG	ok	False
chr3	2384461	2384462	-	0.5	mod_ratio	52	70	T	TGTTT	ok	True
chr3	2384607	2384608	-	0.910448	mod_ratio	67	80	T	CGTCT	ok	False
chr3	2384859	2384860	-	0.6	mod_ratio	65	78	T	AGTTT	ok	True
chr3	2385397	2385398	-	0.969697	mod_ratio	66	74	T	TGTCT	ok	True
chr3	2385443	2385444	-	0.75	mod_ratio	64	73	T	CGTCC	ok	False
chr3	2385448	2385449	-	0.914894	mod_ratio	47	67	T	CGTTT	ok	False
chr3	2385627	2385628	-	0.833333	mod_ratio	36	61	T	GGTTT	ok	True
chr3	2386974	2386975	-	0.941176	mod_ratio	51	84	T	GTTTT	ok	False
chr3	2388120	2388121	-	0.746667	mod_ratio	75	79	T	AGTCT	ok	True
chr3	2388166	2388167	-	0.746479	mod_ratio	71	79	T	CGTCC	ok	False
chr3	2388171	2388172	-	0.913793	mod_ratio	58	79	T	CGTTT	ok	False
chr3	2389045	2389046	+	0.311258	mod_ratio	151	178	A	AAACT	ok	True
chr3	2389407	2389408	+	0.196629	mod_ratio	178	203	A	GAACA	ok	True
chr3	2389655	2389656	+	0.197861	mod_ratio	187	205	A	GAACT	ok	True
chr3	2389670	2389671	+	0.8125	mod_ratio	64	201	A	AAACG	ok	False
chr3	2411364	2411365	-	0.706897	mod_ratio	58	71	T	GGTCT	ok	True
chr3	2411634	2411635	-	0.7375	mod_ratio	80	90	T	TGTCC	ok	True
chr3	2411665	2411666	-	0.519231	mod_ratio	52	79	T	AGTTT	ok	True
chr3	2416312	2416313	-	0.526316	mod_ratio	57	75	T	AGTCT	ok	True
chr3	2417659	2417660	-	0.557692	mod_ratio	52	70	T	CGTTC	ok	False
chr3	2456188	2456189	+	0.48	mod_ratio	50	61	A	AAACC	ok	True
chr3	2456414	2456415	+	0.59322	mod_ratio	59	64	A	AGACC	ok	True
chr3	2456624	2456625	+	0.396552	mod_ratio	58	66	A	GAACG	ok	False
chr3	2456720	2456721	+	0.5	mod_ratio	44	56	A	AAACC	ok	True
chr3	2460880	2460881	-	0.770833	mod_ratio	48	56	T	TGTCC	ok	True
chr3	2461446	2461447	-	0.6	mod_ratio	40	47	T	CGTCC	ok	False
chr3	2462519	2462520	-	0.657143	mod_ratio	35	37	T	TGTCC	ok	True
chr3	2481792	2481793	+	0.846154	mod_ratio	26	30	A	GGACC	ok	True
chr3	2482051	2482052	+	0.814815	mod_ratio	27	31	A	AAACG	ok	False
chr3	2483182	2483183	+	0.885714	mod_ratio	35	43	A	GGACA	ok	True
chr3	2514936	2514937	+	0.54	mod_ratio	50	57	A	AGACT	ok	True
chr3	2515676	2515677	+	0.425926	mod_ratio	54	64	A	GAACA	ok	True
chr3	2564544	2564545	+	0.590361	mod_ratio	83	111	A	AAACG	ok	False
chr3	2564745	2564746	+	0.294118	mod_ratio	85	122	A	AGACG	ok	False
chr3	2564798	2564799	+	0.364486	mod_ratio	107	115	A	AAACA	ok	True
chr3	2564922	2564923	+	0.456522	mod_ratio	92	131	A	GGACG	ok	False
chr3	2565380	2565381	+	0.389831	mod_ratio	118	137	A	AAACA	ok	True
chr3	2565448	2565449	+	0.211382	mod_ratio	123	142	A	AGACT	ok	True
chr3	2565476	2565477	+	0.663462	mod_ratio	104	140	A	GGACA	ok	True
chr3	2565534	2565535	+	0.169118	mod_ratio	136	151	A	GAACC	ok	True
chr3	2565549	2565550	+	0.465909	mod_ratio	88	137	A	AAACT	ok	True
chr3	2565678	2565679	+	0.213793	mod_ratio	145	164	A	AGACC	ok	True
chr3	2565860	2565861	+	0.230769	mod_ratio	130	165	A	AGACT	ok	True
chr3	2565871	2565872	+	0.25	mod_ratio	144	160	A	GGACT	ok	True
chr3	2582486	2582487	-	0.8	mod_ratio	35	39	T	CGTCT	ok	False
chr3	2583279	2583280	-	0.758621	mod_ratio	29	31	T	GGTTT	ok	True
chr3	2583765	2583766	-	0.956522	mod_ratio	23	26	T	CGTCT	ok	False
chr3	2585986	2585987	+	0.762353	mod_ratio	425	588	A	AAACA	ok	True
chr3	2586002	2586003	+	0.214781	mod_ratio	433	591	A	GAACG	ok	False
chr3	2586011	2586012	+	0.323529	mod_ratio	68	600	A	AGACA	ok	True
chr3	2586190	2586191	+	0.779727	mod_ratio	513	616	A	AGACA	ok	True
chr3	2586241	2586242	+	0.184211	mod_ratio	456	618	A	GAACC	ok	True
chr3	2586299	2586300	+	0.705455	mod_ratio	275	570	A	GGACC	ok	True
chr3	2586328	2586329	+	0.575	mod_ratio	80	582	A	GAATT	ok	False
chr3	2588461	2588462	-	0.814815	mod_ratio	27	30	T	GGTCT	ok	True
chr3	2605519	2605520	-	0.349057	mod_ratio	530	604	T	AGTCT	ok	True
chr3	2605592	2605593	-	0.325188	mod_ratio	532	702	T	GGTTT	ok	True
chr3	2605615	2605616	-	0.29065	mod_ratio	492	704	T	AGTCT	ok	True
chr3	2605648	2605649	-	0.629981	mod_ratio	527	640	T	AGTTT	ok	True
chr3	2605865	2605866	-	0.794393	mod_ratio	642	745	T	CGTCC	ok	False
chr3	2606000	2606001	-	0.70266	mod_ratio	639	703	T	TGTCC	ok	True
chr3	2606223	2606224	-	0.217899	mod_ratio	514	665	T	AGTCT	ok	True
chr3	2606437	2606438	-	0.329289	mod_ratio	577	615	T	AGTCT	ok	True
chr3	2606465	2606466	-	0.140569	mod_ratio	562	607	T	AGTTC	ok	True
chr3	2606630	2606631	-	0.251559	mod_ratio	481	593	T	CGTCC	ok	False
chr3	2606664	2606665	-	0.153119	mod_ratio	529	575	T	GGTTC	ok	True
chr3	2606724	2606725	-	0.269811	mod_ratio	530	578	T	CGTTC	ok	False
chr3	2606744	2606745	-	0.239089	mod_ratio	527	577	T	AGTCT	ok	True
chr3	2606953	2606954	-	0.555319	mod_ratio	470	539	T	CGTCC	ok	False
chr3	2608630	2608631	-	0.317647	mod_ratio	85	97	T	AGTCT	ok	True
chr3	2608711	2608712	-	0.831325	mod_ratio	83	102	T	TGTCT	ok	True
chr3	2608796	2608797	-	0.684783	mod_ratio	92	102	T	TGTCT	ok	True
chr3	2608983	2608984	-	0.409639	mod_ratio	83	93	T	GGTTT	ok	True
chr3	2609115	2609116	-	0.355263	mod_ratio	76	89	T	TGTTC	ok	True
chr3	2610299	2610300	-	0.918367	mod_ratio	49	56	T	CGTTT	ok	False
chr3	2615484	2615485	-	0.420455	mod_ratio	264	370	T	AGTTC	ok	True
chr3	2615561	2615562	-	0.791086	mod_ratio	359	477	T	GGTCT	ok	True
chr3	2615586	2615587	-	0.460227	mod_ratio	176	363	T	TGTCC	ok	True
chr3	2623430	2623431	+	0.904762	mod_ratio	42	44	A	AAACG	ok	False
chr3	2623718	2623719	+	0.545455	mod_ratio	44	50	A	GGACC	ok	True
chr3	2623739	2623740	+	0.604167	mod_ratio	48	52	A	AAACA	ok	True
chr3	2623816	2623817	+	0.711111	mod_ratio	45	52	A	AAACG	ok	False
chr3	2623873	2623874	+	0.836735	mod_ratio	49	53	A	AGACA	ok	True
chr3	2624076	2624077	+	0.511111	mod_ratio	45	55	A	AAACC	ok	True
chr3	2642574	2642575	+	0.84375	mod_ratio	32	51	A	AAACG	ok	False
chr3	2642635	2642636	+	0.862069	mod_ratio	29	43	A	AAACT	ok	True
chr3	2651800	2651801	-	0.44	mod_ratio	50	56	T	AGTTT	ok	True
chr3	2651826	2651827	-	0.8125	mod_ratio	32	37	T	TGTTT	ok	True
chr3	2652412	2652413	-	0.711111	mod_ratio	45	52	T	GGTTT	ok	True
chr3	2654668	2654669	-	0.305556	mod_ratio	72	236	T	TGTCT	ok	True
chr3	2654678	2654679	-	0.497382	mod_ratio	191	232	T	TGTTC	ok	True
chr3	2654698	2654699	-	0.510638	mod_ratio	47	134	T	TGTCC	ok	True
chr3	2654895	2654896	-	0.220513	mod_ratio	195	235	T	GGTTT	ok	True
chr3	2655263	2655264	-	0.255411	mod_ratio	231	258	T	TGTTT	ok	True
chr3	2655439	2655440	-	0.675439	mod_ratio	228	249	T	TGTTT	ok	True
chr3	2655444	2655445	-	0.326829	mod_ratio	205	247	T	GGTTT	ok	True
chr3	2655651	2655652	-	0.594595	mod_ratio	185	223	T	GGTTT	ok	True
chr3	2656027	2656028	-	0.42268	mod_ratio	194	230	T	GGTTC	ok	True
chr3	2656183	2656184	-	0.145251	mod_ratio	179	208	T	AGTCT	ok	True
chr3	2664198	2664199	-	0.522727	mod_ratio	44	201	T	TGTTT	ok	True
chr3	2664346	2664347	-	0.734426	mod_ratio	305	393	T	TGTCT	ok	True
chr3	2664534	2664535	-	0.179641	mod_ratio	334	388	T	GGTTC	ok	True
chr3	2664606	2664607	-	0.570447	mod_ratio	291	369	T	AGTTT	ok	True
chr3	2712469	2712470	+	0.659574	mod_ratio	47	55	A	AGACG	ok	False
chr3	2712547	2712548	+	0.686275	mod_ratio	51	55	A	AGACA	ok	True
chr3	2713074	2713075	+	0.851064	mod_ratio	47	53	A	AAACT	ok	True
chr3	2717696	2717697	+	0.349206	mod_ratio	63	1603	A	GAACT	ok	True
chr3	2717854	2717855	+	0.440536	mod_ratio	1791	2098	A	AGACG	ok	False
chr3	2717867	2717868	+	0.414114	mod_ratio	1828	2099	A	AGACC	ok	True
chr3	2717999	2718000	+	0.747045	mod_ratio	1269	2200	A	GGACC	ok	True
chr3	2718059	2718060	+	0.659574	mod_ratio	47	2238	A	GGACC	ok	True
chr3	2718180	2718181	+	0.787234	mod_ratio	47	2277	A	GAATG	ok	False
chr3	2718206	2718207	+	0.222829	mod_ratio	1831	2348	A	AGACG	ok	False
chr3	2718334	2718335	+	0.807922	mod_ratio	1843	2331	A	GGACA	ok	True
chr3	2718411	2718412	+	0.411572	mod_ratio	1832	2494	A	AAACG	ok	False
chr3	2718418	2718419	+	0.123281	mod_ratio	1963	2517	A	GAACT	ok	True
chr3	2718523	2718524	+	0.482743	mod_ratio	2202	2513	A	AAACA	ok	True
chr3	2718785	2718786	+	0.200557	mod_ratio	718	1867	A	AAACG	ok	False
chr3	2823182	2823183	-	0.803279	mod_ratio	61	105	T	CGTCC	ok	False
chr3	2823294	2823295	-	0.807692	mod_ratio	286	557	T	GGTCC	ok	True
chr3	2824099	2824100	-	0.401887	mod_ratio	530	566	T	TGTTT	ok	True
chr3	2824895	2824896	-	0.13981	mod_ratio	422	532	T	TGTTC	ok	True
chr3	2825635	2825636	-	0.431034	mod_ratio	58	67	T	GGTTT	ok	True
chr3	2825640	2825641	-	0.5625	mod_ratio	64	72	T	AGTTT	ok	True
chr3	2825763	2825764	-	0.895833	mod_ratio	48	68	T	CGTTT	ok	False
chr3	2825769	2825770	-	0.555556	mod_ratio	54	68	T	GGTTT	ok	True
chr3	2840776	2840777	-	0.182671	mod_ratio	1385	1539	T	AGTCC	ok	True
chr3	2840786	2840787	-	0.127021	mod_ratio	433	552	T	TGTTT	ok	True
chr3	2840787	2840788	-	0.743968	mod_ratio	746	1330	T	GTTTT	ok	False
chr3	2840788	2840789	-	0.118812	mod_ratio	202	1542	T	TTTTT	ok	False
chr3	2841226	2841227	-	0.359428	mod_ratio	1188	1341	T	CGTTC	ok	False
chr3	2841511	2841512	-	0.402116	mod_ratio	189	1293	T	GTTTT	ok	False
chr3	2841525	2841526	-	0.810565	mod_ratio	1098	1265	T	GGTTT	ok	True
chr3	2841538	2841539	-	0.424189	mod_ratio	1141	1264	T	GGTTT	ok	True
chr3	2841594	2841595	-	0.662824	mod_ratio	694	821	T	AGTTT	ok	True
chr3	2841633	2841634	-	0.605128	mod_ratio	975	1210	T	TGTCC	ok	True
chr3	2841682	2841683	-	0.286807	mod_ratio	1046	1188	T	TGTCT	ok	True
chr3	2841822	2841823	-	0.802695	mod_ratio	1039	1164	T	CGTCT	ok	False
chr3	2842074	2842075	-	0.484848	mod_ratio	858	1106	T	CGTCC	ok	False
chr3	2842078	2842079	-	0.6875	mod_ratio	928	1106	T	CGTCT	ok	False
chr3	2842185	2842186	-	0.812896	mod_ratio	946	1033	T	TGTTT	ok	True
chr3	2842395	2842396	-	0.696	mod_ratio	875	995	T	TGTCC	ok	True
chr3	2842778	2842779	-	0.204545	mod_ratio	792	969	T	CGTCT	ok	False
chr3	2842784	2842785	-	0.205496	mod_ratio	837	929	T	TGTTT	ok	True
chr3	2843107	2843108	-	0.846883	mod_ratio	738	895	T	TGTCC	ok	True
chr3	2843121	2843122	-	0.384615	mod_ratio	143	928	T	GGTCC	ok	True
chr3	2843132	2843133	-	0.253521	mod_ratio	781	903	T	AGTTT	ok	True
chr3	2843628	2843629	-	0.36747	mod_ratio	664	871	T	AGTTT	ok	True
chr3	2843632	2843633	-	0.165079	mod_ratio	630	894	T	TGTTC	ok	True
chr3	2843652	2843653	-	0.134211	mod_ratio	760	895	T	GGTCC	ok	True
chr3	2843735	2843736	-	0.142271	mod_ratio	731	865	T	TGTTT	ok	True
chr3	2848395	2848396	-	0.608696	mod_ratio	69	76	T	GGTCT	ok	True
chr3	2848405	2848406	-	0.887097	mod_ratio	62	71	T	CGTTT	ok	False
chr3	2849238	2849239	-	0.6	mod_ratio	45	54	T	TGTTT	ok	True
chr3	2873093	2873094	+	0.83871	mod_ratio	31	37	A	AAACT	ok	True
chr3	2873102	2873103	+	0.821429	mod_ratio	28	36	A	GGACC	ok	True
chr3	2889791	2889792	-	0.118557	mod_ratio	194	984	T	CGTTC	ok	False
chr3	2903491	2903492	-	0.624204	mod_ratio	157	184	T	CGTCC	ok	False
chr3	2903827	2903828	-	0.390244	mod_ratio	123	159	T	CGTCC	ok	False
chr3	2903885	2903886	-	0.693431	mod_ratio	137	149	T	TGTCT	ok	True
chr3	2904067	2904068	-	0.637931	mod_ratio	116	134	T	TGTCT	ok	True
chr3	2904152	2904153	-	0.793103	mod_ratio	116	127	T	GGTTT	ok	True
chr3	2904527	2904528	-	0.544444	mod_ratio	90	112	T	GGTCT	ok	True
chr3	2904610	2904611	-	0.31	mod_ratio	100	109	T	TGTCC	ok	True
chr3	2905083	2905084	-	0.325	mod_ratio	80	94	T	GGTCC	ok	True
chr3	2905514	2905515	-	0.483871	mod_ratio	62	86	T	GGTTC	ok	True
chr3	2917028	2917029	+	0.149927	mod_ratio	687	829	A	GAACA	ok	True
chr3	2917196	2917197	+	0.189017	mod_ratio	783	898	A	AAACC	ok	True
chr3	2917265	2917266	+	0.388221	mod_ratio	832	903	A	AAACA	ok	True
chr3	2917683	2917684	+	0.379845	mod_ratio	129	930	A	AGACG	ok	False
chr3	2917695	2917696	+	0.252907	mod_ratio	688	896	A	AAACA	ok	True
chr3	2917911	2917912	+	0.214391	mod_ratio	681	892	A	AAACA	ok	True
chr3	2917941	2917942	+	0.45	mod_ratio	60	928	A	AAACT	ok	True
chr3	2917977	2917978	+	0.959079	mod_ratio	391	914	A	AAACA	ok	True
chr3	2917995	2917996	+	0.145889	mod_ratio	377	873	A	GGATT	ok	False
chr3	2946596	2946597	+	0.628571	mod_ratio	35	37	A	GGACA	ok	True
chr3	2947352	2947353	+	0.846154	mod_ratio	39	44	A	AAACA	ok	True
chr3	2947627	2947628	+	0.878049	mod_ratio	41	50	A	AAACA	ok	True
chr3	2947782	2947783	+	0.875	mod_ratio	48	54	A	AAACG	ok	False
chr3	2947833	2947834	+	0.777778	mod_ratio	45	55	A	AAACT	ok	True
chr3	2947942	2947943	+	0.56	mod_ratio	50	56	A	AAACC	ok	True
chr3	2948799	2948800	+	0.916667	mod_ratio	36	65	A	AGACA	ok	True
chr3	2948896	2948897	+	0.78125	mod_ratio	32	55	A	GGACT	ok	True
chr3	2953798	2953799	+	0.289655	mod_ratio	145	158	A	AAACA	ok	True
chr3	2953808	2953809	+	0.705426	mod_ratio	129	159	A	AGACA	ok	True
chr3	2953851	2953852	+	0.180451	mod_ratio	133	177	A	AAACC	ok	True
chr3	2953930	2953931	+	0.192857	mod_ratio	140	178	A	AGACA	ok	True
chr3	2954036	2954037	+	0.25	mod_ratio	156	179	A	GGACG	ok	False
chr3	2954342	2954343	+	0.814208	mod_ratio	183	198	A	AAACA	ok	True
chr3	2954463	2954464	+	0.314433	mod_ratio	194	210	A	GAACT	ok	True
chr3	2954497	2954498	+	0.417085	mod_ratio	199	213	A	AAACC	ok	True
chr3	2954586	2954587	+	0.282178	mod_ratio	202	229	A	GGACC	ok	True
chr3	2954829	2954830	+	0.419643	mod_ratio	224	262	A	AGACC	ok	True
chr3	2955375	2955376	+	0.176707	mod_ratio	249	276	A	AGACT	ok	True
chr3	2955463	2955464	+	0.29661	mod_ratio	236	260	A	GAACA	ok	True
chr3	2955540	2955541	+	0.705882	mod_ratio	34	273	A	GAATT	ok	False
chr3	2955547	2955548	+	0.258065	mod_ratio	155	269	A	GAACA	ok	True
chr3	2986762	2986763	-	0.434783	mod_ratio	69	107	T	AGTCC	ok	True
chr3	2986881	2986882	-	0.4375	mod_ratio	96	117	T	GGTTT	ok	True
chr3	2986986	2986987	-	0.581633	mod_ratio	98	114	T	AGTCC	ok	True
chr3	2987867	2987868	-	0.762712	mod_ratio	59	101	T	CGTTT	ok	False
chr3	2989758	2989759	+	0.509804	mod_ratio	51	60	A	AGACC	ok	True
chr3	2990338	2990339	+	0.830189	mod_ratio	53	66	A	GGACA	ok	True
chr3	2990371	2990372	+	0.636364	mod_ratio	55	67	A	GGACT	ok	True
chr3	2991375	2991376	+	0.594203	mod_ratio	69	83	A	GGACC	ok	True
chr3	2991555	2991556	+	0.684211	mod_ratio	38	60	A	AAACT	ok	True
chr3	2996517	2996518	-	0.862069	mod_ratio	29	35	T	TGTCT	ok	True
chr3	3012336	3012337	+	0.223602	mod_ratio	161	178	A	GAACA	ok	True
chr3	3012361	3012362	+	0.522581	mod_ratio	155	178	A	AAACA	ok	True
chr3	3013339	3013340	+	0.231707	mod_ratio	164	194	A	GAACA	ok	True
chr3	3013883	3013884	+	0.697674	mod_ratio	172	214	A	AGACC	ok	True
chr3	3013895	3013896	+	0.164894	mod_ratio	188	221	A	GAACC	ok	True
chr3	3014054	3014055	+	0.295918	mod_ratio	196	224	A	GAACA	ok	True
chr3	3014568	3014569	+	0.790419	mod_ratio	167	245	A	AAACG	ok	False
chr3	3014608	3014609	+	0.374269	mod_ratio	171	251	A	AAACC	ok	True
chr3	3014704	3014705	+	0.736111	mod_ratio	144	206	A	AAACT	ok	True
chr3	3021193	3021194	+	0.742857	mod_ratio	35	42	A	GGACG	ok	False
chr3	3022694	3022695	+	0.565217	mod_ratio	92	109	A	AGACG	ok	False
chr3	3022870	3022871	+	0.7	mod_ratio	70	105	A	AAACT	ok	True
chr3	3027034	3027035	+	0.507463	mod_ratio	201	230	A	AAACC	ok	True
chr3	3027039	3027040	+	0.439153	mod_ratio	189	211	A	AAACA	ok	True
chr3	3027050	3027051	+	0.146067	mod_ratio	178	221	A	GAACT	ok	True
chr3	3071158	3071159	+	0.977778	mod_ratio	45	57	A	AGACA	ok	True
chr3	3071365	3071366	+	0.848485	mod_ratio	33	40	A	AGACA	ok	True
chr3	3071381	3071382	+	0.83871	mod_ratio	31	35	A	AAACG	ok	False
chr3	3091649	3091650	-	0.5625	mod_ratio	48	52	T	GGTTT	ok	True
chr3	3099297	3099298	-	0.543478	mod_ratio	46	53	T	CGTCT	ok	False
chr3	3099909	3099910	-	0.578947	mod_ratio	38	44	T	GGTCC	ok	True
chr3	3100461	3100462	-	0.714286	mod_ratio	35	39	T	GGTCC	ok	True
chr3	3102250	3102251	+	0.75	mod_ratio	40	87	A	AGACA	ok	True
chr3	3102279	3102280	+	0.333333	mod_ratio	84	93	A	AAACA	ok	True
chr3	3102307	3102308	+	0.391892	mod_ratio	74	94	A	AAACT	ok	True
chr3	3102486	3102487	+	0.390244	mod_ratio	82	102	A	AAACC	ok	True
chr3	3102535	3102536	+	0.546392	mod_ratio	97	105	A	GAACA	ok	True
chr3	3103239	3103240	+	0.462963	mod_ratio	108	119	A	GAACG	ok	False
chr3	3103557	3103558	+	0.555556	mod_ratio	108	133	A	AAACG	ok	False
chr3	3103774	3103775	+	0.349057	mod_ratio	106	135	A	GGACG	ok	False
chr3	3103805	3103806	+	0.303279	mod_ratio	122	134	A	GGACT	ok	True
chr3	3103856	3103857	+	0.278351	mod_ratio	97	129	A	AAACT	ok	True
chr3	3108845	3108846	-	0.359375	mod_ratio	64	86	T	AGTCT	ok	True
chr3	3109053	3109054	-	0.294118	mod_ratio	102	124	T	GGTCC	ok	True
chr3	3132604	3132605	-	0.956522	mod_ratio	23	27	T	TGTCT	ok	True
chr3	3140524	3140525	-	0.933333	mod_ratio	30	32	T	TGTTT	ok	True
chr3	3162621	3162622	+	1	mod_ratio	36	38	A	AAACG	ok	False
chr3	3162984	3162985	+	0.805556	mod_ratio	36	40	A	AGACG	ok	False
chr3	3164323	3164324	-	0.811594	mod_ratio	69	87	T	TGTCT	ok	True
chr3	3164550	3164551	-	0.816667	mod_ratio	60	80	T	CGTCT	ok	False
chr3	3164561	3164562	-	0.5	mod_ratio	60	72	T	AGTTT	ok	True
chr3	3164779	3164780	-	0.571429	mod_ratio	56	73	T	TGTCC	ok	True
chr3	3164885	3164886	-	0.862069	mod_ratio	58	65	T	TGTTT	ok	True
chr3	3164891	3164892	-	0.685185	mod_ratio	54	71	T	AGTCT	ok	True
chr3	3165155	3165156	-	0.488889	mod_ratio	45	58	T	GGTTT	ok	True
chr3	3165435	3165436	-	0.583333	mod_ratio	48	53	T	AGTCT	ok	True
chr3	3165658	3165659	-	0.625	mod_ratio	40	46	T	AGTTT	ok	True
chr3	3171858	3171859	-	0.928571	mod_ratio	42	52	T	TGTTT	ok	True
chr3	3208659	3208660	+	0.851852	mod_ratio	27	34	A	AAACG	ok	False
chr3	3209872	3209873	+	0.837838	mod_ratio	37	41	A	AGACA	ok	True
chr3	3233950	3233951	-	0.645833	mod_ratio	48	68	T	TGTCC	ok	True
chr3	3234132	3234133	-	0.418182	mod_ratio	55	67	T	GGTTT	ok	True
chr3	3234174	3234175	-	0.418182	mod_ratio	55	66	T	GGTTC	ok	True
chr3	3239429	3239430	+	0.8	mod_ratio	35	42	A	GGACA	ok	True
chr3	3240501	3240502	+	0.857143	mod_ratio	49	60	A	AGACA	ok	True
chr3	3240809	3240810	+	0.650794	mod_ratio	63	70	A	GGACC	ok	True
chr3	3241416	3241417	+	0.726027	mod_ratio	73	90	A	AGACG	ok	False
chr3	3241486	3241487	+	0.666667	mod_ratio	90	93	A	AAACA	ok	True
chr3	3242069	3242070	+	0.885417	mod_ratio	96	107	A	AGACG	ok	False
chr3	3242324	3242325	+	0.741379	mod_ratio	58	106	A	GGACA	ok	True
chr3	3242334	3242335	+	0.255102	mod_ratio	98	108	A	GAACA	ok	True
chr3	3242369	3242370	+	0.859649	mod_ratio	57	108	A	AAACT	ok	True
chr3	3276861	3276862	-	0.758621	mod_ratio	29	38	T	TGTTT	ok	True
chr3	3281611	3281612	-	0.942857	mod_ratio	70	85	T	CGTTT	ok	False
chr3	3281628	3281629	-	0.7	mod_ratio	60	87	T	CGTCT	ok	False
chr3	3281873	3281874	-	0.816901	mod_ratio	71	80	T	CGTCC	ok	False
chr3	3319479	3319480	+	0.792453	mod_ratio	106	116	A	AAACG	ok	False
chr3	3319634	3319635	+	0.931507	mod_ratio	73	119	A	AAACG	ok	False
chr3	3319853	3319854	+	0.685714	mod_ratio	105	125	A	GGACG	ok	False
chr3	3320086	3320087	+	0.793103	mod_ratio	29	75	A	AAACA	ok	True
chr3	3335261	3335262	-	0.614035	mod_ratio	57	68	T	TGTCC	ok	True
chr3	3335363	3335364	-	0.472727	mod_ratio	55	66	T	AGTTT	ok	True
chr3	3335520	3335521	-	0.672727	mod_ratio	55	64	T	GGTTT	ok	True
chr3	3361356	3361357	-	0.480769	mod_ratio	52	60	T	CGTTC	ok	False
chr3	3361362	3361363	-	0.803922	mod_ratio	51	60	T	GGTCC	ok	True
chr3	3362523	3362524	-	0.909091	mod_ratio	33	40	T	CGTCC	ok	False
chr3	3372587	3372588	-	0.509434	mod_ratio	53	56	T	TGTCT	ok	True
chr3	3372701	3372702	-	0.488889	mod_ratio	45	56	T	AGTTT	ok	True
chr3	3373001	3373002	-	0.72093	mod_ratio	43	57	T	CGTCC	ok	False
chr3	3373307	3373308	-	0.75	mod_ratio	40	46	T	TGTTT	ok	True
chr3	3373410	3373411	-	0.638889	mod_ratio	36	46	T	TGTCC	ok	True
chr3	3397627	3397628	-	0.817204	mod_ratio	93	125	T	GGTCT	ok	True
chr3	3397658	3397659	-	0.287356	mod_ratio	87	114	T	AGTTT	ok	True
chr3	3397989	3397990	-	0.556818	mod_ratio	88	120	T	TGTTT	ok	True
chr3	3398084	3398085	-	0.39823	mod_ratio	113	124	T	TGTTT	ok	True
chr3	3398089	3398090	-	0.56383	mod_ratio	94	122	T	GGTTC	ok	True
chr3	3398257	3398258	-	0.506173	mod_ratio	81	107	T	GGTTT	ok	True
chr3	3399490	3399491	-	0.44186	mod_ratio	86	100	T	TGTCT	ok	True
chr3	3399976	3399977	+	0.193122	mod_ratio	378	456	A	GAACC	ok	True
chr3	3400486	3400487	+	0.142132	mod_ratio	394	459	A	GAACA	ok	True
chr3	3400542	3400543	+	0.19685	mod_ratio	381	463	A	GAACC	ok	True
chr3	3400595	3400596	+	0.295374	mod_ratio	281	410	A	AAACT	ok	True
chr3	3400631	3400632	+	0.473945	mod_ratio	403	451	A	AAACT	ok	True
chr3	3413389	3413390	-	0.870968	mod_ratio	31	34	T	CGTTT	ok	False
chr3	3418044	3418045	+	0.597633	mod_ratio	169	273	A	AAACC	ok	True
chr3	3418145	3418146	+	0.570248	mod_ratio	242	279	A	GAACC	ok	True
chr3	3418817	3418818	+	0.168	mod_ratio	250	290	A	GAACC	ok	True
chr3	3419164	3419165	+	0.646429	mod_ratio	280	318	A	AGACA	ok	True
chr3	3419610	3419611	+	0.206226	mod_ratio	257	338	A	GAACC	ok	True
chr3	3419649	3419650	+	0.48495	mod_ratio	299	333	A	AAACA	ok	True
chr3	3419653	3419654	+	0.430303	mod_ratio	165	237	A	AAACT	ok	True
chr3	3422263	3422264	-	0.375	mod_ratio	64	65	T	GGTTC	ok	True
chr3	3422923	3422924	-	0.431373	mod_ratio	51	54	T	TGTTC	ok	True
chr3	3422953	3422954	-	0.54	mod_ratio	50	55	T	GGTTT	ok	True
chr3	3433185	3433186	-	0.833333	mod_ratio	72	93	T	CGTCT	ok	False
chr3	3433332	3433333	-	0.282353	mod_ratio	85	89	T	TGTTT	ok	True
chr3	3433384	3433385	-	0.5	mod_ratio	82	91	T	GGTTT	ok	True
chr3	3433887	3433888	-	0.616438	mod_ratio	73	83	T	CGTTC	ok	False
chr3	3434085	3434086	-	0.492308	mod_ratio	65	78	T	ACTTT	ok	False
chr3	3434124	3434125	-	0.5	mod_ratio	62	78	T	AGTTT	ok	True
chr3	3435385	3435386	-	0.509091	mod_ratio	55	74	T	TGTCC	ok	True
chr3	3435420	3435421	-	0.581395	mod_ratio	43	73	T	GGTTT	ok	True
chr3	3435629	3435630	-	0.820896	mod_ratio	67	72	T	TGTCT	ok	True
chr3	3435770	3435771	-	0.396552	mod_ratio	58	66	T	AGTTT	ok	True
chr3	3435774	3435775	-	0.578125	mod_ratio	64	68	T	TGTTT	ok	True
chr3	3435779	3435780	-	0.651515	mod_ratio	66	69	T	GGTTT	ok	True
chr3	3435807	3435808	-	0.708333	mod_ratio	48	58	T	CGTTT	ok	False
chr3	3436026	3436027	-	0.583333	mod_ratio	60	66	T	GGTTC	ok	True
chr3	3443231	3443232	+	0.617021	mod_ratio	47	52	A	AAACG	ok	False
chr3	3475514	3475515	+	0.733333	mod_ratio	30	39	A	GGACA	ok	True
chr3	3481288	3481289	+	0.885621	mod_ratio	306	391	A	AGACA	ok	True
chr3	3481312	3481313	+	0.107362	mod_ratio	326	394	A	GAACA	ok	True
chr3	3481316	3481317	+	0.604839	mod_ratio	248	390	A	AAACC	ok	True
chr3	3481388	3481389	+	0.754839	mod_ratio	155	361	A	GGACC	ok	True
chr3	3482572	3482573	-	0.507937	mod_ratio	63	64	T	GGTCT	ok	True
chr3	3483462	3483463	-	0.638889	mod_ratio	36	44	T	CGTCT	ok	False
chr3	3484790	3484791	-	1	mod_ratio	25	28	T	TGTCT	ok	True
chr3	3500056	3500057	+	0.597484	mod_ratio	159	170	A	AGACC	ok	True
chr3	3500084	3500085	+	0.191667	mod_ratio	120	151	A	AAACA	ok	True
chr3	3500212	3500213	+	0.337349	mod_ratio	166	175	A	AAACA	ok	True
chr3	3500414	3500415	+	0.210526	mod_ratio	152	177	A	GAACC	ok	True
chr3	3500787	3500788	+	0.464286	mod_ratio	168	193	A	GAACA	ok	True
chr3	3500952	3500953	+	0.181287	mod_ratio	171	196	A	GAACC	ok	True
chr3	3500959	3500960	+	0.191617	mod_ratio	167	190	A	GGACA	ok	True
chr3	3501108	3501109	+	0.72	mod_ratio	150	198	A	GGACA	ok	True
chr3	3501295	3501296	+	0.951351	mod_ratio	185	206	A	AGACA	ok	True
chr3	3501354	3501355	+	0.225989	mod_ratio	177	214	A	GGACT	ok	True
chr3	3501416	3501417	+	0.421965	mod_ratio	173	189	A	AAACT	ok	True
chr3	3501550	3501551	+	0.223958	mod_ratio	192	217	A	GGACT	ok	True
chr3	3501796	3501797	+	0.303318	mod_ratio	211	224	A	GAACT	ok	True
chr3	3501948	3501949	+	0.436893	mod_ratio	206	232	A	AAACC	ok	True
chr3	3501990	3501991	+	0.201005	mod_ratio	199	233	A	GGACC	ok	True
chr3	3502165	3502166	+	0.465517	mod_ratio	174	240	A	AGACC	ok	True
chr3	3502233	3502234	+	0.914286	mod_ratio	35	213	A	ATACG	ok	False
chr3	3508608	3508609	-	0.533333	mod_ratio	45	51	T	AGTTT	ok	True
chr3	3510505	3510506	-	0.758621	mod_ratio	29	38	T	CGTTC	ok	False
chr3	3521637	3521638	+	0.723404	mod_ratio	47	53	A	AAACG	ok	False
chr3	3522930	3522931	+	0.784314	mod_ratio	51	60	A	AGACA	ok	True
chr3	3533425	3533426	-	0.764706	mod_ratio	51	60	T	AGTTT	ok	True
chr3	3533719	3533720	-	0.888889	mod_ratio	45	54	T	CGTTT	ok	False
chr3	3534005	3534006	-	0.630435	mod_ratio	46	50	T	TGTCC	ok	True
chr3	3534267	3534268	-	0.585366	mod_ratio	41	46	T	CGTTC	ok	False
chr3	3578525	3578526	+	0.92	mod_ratio	100	118	A	AAACG	ok	False
chr3	3578559	3578560	+	0.491071	mod_ratio	112	124	A	AAACG	ok	False
chr3	3578587	3578588	+	0.342342	mod_ratio	111	127	A	GGACG	ok	False
chr3	3578715	3578716	+	0.384615	mod_ratio	104	125	A	GGACA	ok	True
chr3	3578753	3578754	+	0.378151	mod_ratio	119	135	A	AAACG	ok	False
chr3	3578855	3578856	+	0.317829	mod_ratio	129	141	A	GAACG	ok	False
chr3	3579928	3579929	+	0.328467	mod_ratio	137	149	A	GGACA	ok	True
chr3	3580027	3580028	+	0.183206	mod_ratio	131	157	A	GAACT	ok	True
chr3	3580094	3580095	+	0.613793	mod_ratio	145	155	A	AGACA	ok	True
chr3	3580356	3580357	+	0.156028	mod_ratio	141	164	A	AGACC	ok	True
chr3	3580387	3580388	+	0.559633	mod_ratio	109	143	A	AGACC	ok	True
chr3	3580395	3580396	+	0.477064	mod_ratio	109	135	A	AAACT	ok	True
chr3	3580426	3580427	+	0.305263	mod_ratio	95	162	A	GGATT	ok	False
chr3	3584252	3584253	-	0.757576	mod_ratio	33	45	T	TGTCT	ok	True
chr3	3584376	3584377	-	0.882353	mod_ratio	34	44	T	CGTTT	ok	False
chr3	3585474	3585475	-	0.846154	mod_ratio	26	31	T	TGTCT	ok	True
chr3	3621580	3621581	-	0.484375	mod_ratio	64	73	T	AGTCT	ok	True
chr3	3621790	3621791	-	0.707317	mod_ratio	41	49	T	AGTTT	ok	True
chr3	3622288	3622289	-	0.432836	mod_ratio	67	71	T	AGTTT	ok	True
chr3	3623638	3623639	-	0.365217	mod_ratio	115	414	T	TGTTC	ok	True
chr3	3623639	3623640	-	0.176471	mod_ratio	170	523	T	GTTCT	ok	False
chr3	3623714	3623715	-	0.18894	mod_ratio	434	524	T	AGTCT	ok	True
chr3	3623799	3623800	-	0.116854	mod_ratio	445	530	T	TGTCT	ok	True
chr3	3623994	3623995	-	0.175325	mod_ratio	308	384	T	GGTTT	ok	True
chr3	3623995	3623996	-	0.428571	mod_ratio	119	513	T	GTTTT	ok	False
chr3	3624332	3624333	-	0.30622	mod_ratio	418	462	T	AGTTT	ok	True
chr3	3624519	3624520	-	0.572193	mod_ratio	374	468	T	GGTCC	ok	True
chr3	3624533	3624534	-	0.178049	mod_ratio	410	466	T	AGTCT	ok	True
chr3	3624554	3624555	-	0.323741	mod_ratio	278	334	T	AGTTT	ok	True
chr3	3624556	3624557	-	0.247191	mod_ratio	89	461	T	TTTTT	ok	False
chr3	3628620	3628621	-	0.647059	mod_ratio	34	44	T	AGTTT	ok	True
chr3	3642376	3642377	+	0.85	mod_ratio	40	42	A	AAACA	ok	True
chr3	3642420	3642421	+	0.605263	mod_ratio	38	42	A	AGACC	ok	True
chr3	3643674	3643675	+	0.622222	mod_ratio	45	46	A	AAACG	ok	False
chr3	3644681	3644682	+	0.543478	mod_ratio	46	50	A	GAACG	ok	False
chr3	3644872	3644873	+	0.666667	mod_ratio	45	50	A	GGACG	ok	False
chr3	3645430	3645431	+	0.875	mod_ratio	40	58	A	AGACA	ok	True
chr3	3645467	3645468	+	0.44898	mod_ratio	49	58	A	AAACC	ok	True
chr3	3672290	3672291	+	0.15303	mod_ratio	660	731	A	GAACC	ok	True
chr3	3673236	3673237	+	0.153295	mod_ratio	698	821	A	GAACA	ok	True
chr3	3673419	3673420	+	0.824742	mod_ratio	776	848	A	AAACA	ok	True
chr3	3673453	3673454	+	0.47479	mod_ratio	714	855	A	GAACT	ok	True
chr3	3673711	3673712	+	0.628221	mod_ratio	815	912	A	AGACA	ok	True
chr3	3673894	3673895	+	0.512594	mod_ratio	794	926	A	AAACC	ok	True
chr3	3673906	3673907	+	0.154506	mod_ratio	699	903	A	AAACT	ok	True
chr3	3673939	3673940	+	0.131436	mod_ratio	738	906	A	AAACT	ok	True
chr3	3674009	3674010	+	0.48913	mod_ratio	92	916	A	AAAAC	ok	False
chr3	3674010	3674011	+	0.374046	mod_ratio	524	919	A	AAACA	ok	True
chr3	3674045	3674046	+	0.329268	mod_ratio	82	906	A	AAATT	ok	False
chr3	3674056	3674057	+	0.181319	mod_ratio	182	817	A	AAAAA	ok	False
chr3	3674057	3674058	+	0.381579	mod_ratio	76	745	A	AAAAC	ok	False
chr3	3674058	3674059	+	0.225446	mod_ratio	448	667	A	AAACT	ok	True
chr3	3678999	3679000	-	0.755556	mod_ratio	45	52	T	CGTTT	ok	False
chr3	3679028	3679029	-	0.619048	mod_ratio	42	54	T	CGTTT	ok	False
chr3	3679115	3679116	-	0.604651	mod_ratio	43	56	T	AGTTT	ok	True
chr3	3681495	3681496	-	0.897436	mod_ratio	39	42	T	CGTTT	ok	False
chr3	3699281	3699282	+	0.793103	mod_ratio	29	33	A	AAACG	ok	False
chr3	3699350	3699351	+	0.933333	mod_ratio	30	34	A	AAACG	ok	False
chr3	3699940	3699941	+	0.828571	mod_ratio	35	37	A	GAACG	ok	False
chr3	3700035	3700036	+	0.815789	mod_ratio	38	39	A	AGACG	ok	False
chr3	3702223	3702224	-	0.352113	mod_ratio	71	88	T	AGTCT	ok	True
chr3	3702622	3702623	-	0.342105	mod_ratio	76	88	T	TGTTC	ok	True
chr3	3702651	3702652	-	0.277778	mod_ratio	90	98	T	AGTCT	ok	True
chr3	3702716	3702717	-	0.60241	mod_ratio	83	94	T	TGTTT	ok	True
chr3	3702802	3702803	-	0.964286	mod_ratio	84	89	T	CGTTT	ok	False
chr3	3703032	3703033	-	0.608696	mod_ratio	69	84	T	GGTTC	ok	True
chr3	3703167	3703168	-	0.47561	mod_ratio	82	83	T	TGTCT	ok	True
chr3	3703607	3703608	-	0.546875	mod_ratio	64	74	T	CGTTT	ok	False
chr3	3703639	3703640	-	0.513889	mod_ratio	72	73	T	CGTTC	ok	False
chr3	3704195	3704196	-	0.754098	mod_ratio	61	68	T	CGTTT	ok	False
chr3	3704220	3704221	-	0.610169	mod_ratio	59	65	T	GGTTT	ok	True
chr3	3704912	3704913	-	0.673077	mod_ratio	52	55	T	CGTCT	ok	False
chr3	3705591	3705592	-	0.733333	mod_ratio	30	34	T	AGTTT	ok	True
chr3	3709578	3709579	-	0.95122	mod_ratio	41	54	T	CGTTT	ok	False
chr3	3710045	3710046	-	0.533333	mod_ratio	45	55	T	TGTTC	ok	True
chr3	3710074	3710075	-	0.675	mod_ratio	40	52	T	GGTCT	ok	True
chr3	3710452	3710453	-	0.631579	mod_ratio	38	45	T	AGTTT	ok	True
chr3	3724397	3724398	-	0.697368	mod_ratio	76	100	T	CGTCC	ok	False
chr3	3724885	3724886	-	0.471429	mod_ratio	70	98	T	TGTCT	ok	True
chr3	3724906	3724907	-	0.320988	mod_ratio	81	97	T	TGTCT	ok	True
chr3	3733314	3733315	+	0.71875	mod_ratio	32	36	A	GGACA	ok	True
chr3	3734130	3734131	+	0.923077	mod_ratio	39	44	A	AGACA	ok	True
chr3	3734660	3734661	+	0.790698	mod_ratio	43	50	A	AGACA	ok	True
chr3	3735580	3735581	+	0.791667	mod_ratio	48	63	A	AGACA	ok	True
chr3	3735586	3735587	+	0.438596	mod_ratio	57	61	A	AAACA	ok	True
chr3	3736242	3736243	+	0.648649	mod_ratio	37	71	A	AAACC	ok	True
chr3	3736312	3736313	+	0.604651	mod_ratio	43	67	A	AAACA	ok	True
chr3	3760162	3760163	+	0.794118	mod_ratio	34	35	A	AGACA	ok	True
chr3	3777117	3777118	+	0.456853	mod_ratio	197	237	A	AAACT	ok	True
chr3	3778048	3778049	-	0.67658	mod_ratio	269	459	T	AGTTC	ok	True
chr3	3778087	3778088	-	0.601156	mod_ratio	173	607	T	CATCT	ok	False
chr3	3778367	3778368	-	0.168399	mod_ratio	481	590	T	AGTCT	ok	True
chr3	3778434	3778435	-	0.347826	mod_ratio	483	588	T	CGTCT	ok	False
chr3	3778638	3778639	-	0.150206	mod_ratio	486	571	T	GGTTC	ok	True
chr3	3778713	3778714	-	0.105788	mod_ratio	501	561	T	TGTTC	ok	True
chr3	3778826	3778827	-	0.65	mod_ratio	420	510	T	TGTTT	ok	True
chr3	3778866	3778867	-	0.108163	mod_ratio	490	535	T	TGTCT	ok	True
chr3	3782175	3782176	-	0.777778	mod_ratio	36	37	T	GGTCT	ok	True
chr3	3839960	3839961	+	0.925373	mod_ratio	67	72	A	AGACA	ok	True
chr3	3848323	3848324	+	1	mod_ratio	29	33	A	AGACC	ok	True
chr3	3849987	3849988	+	0.578947	mod_ratio	38	39	A	GAACA	ok	True
chr3	3860375	3860376	-	0.822222	mod_ratio	45	73	T	TGTCC	ok	True
chr3	3860640	3860641	-	0.305439	mod_ratio	239	279	T	TGTCC	ok	True
chr3	3860645	3860646	-	0.182609	mod_ratio	230	277	T	GGTTC	ok	True
chr3	3860698	3860699	-	0.370044	mod_ratio	227	271	T	TGTTC	ok	True
chr3	3860805	3860806	-	0.15625	mod_ratio	224	257	T	TGTCT	ok	True
chr3	3860829	3860830	-	0.243119	mod_ratio	218	255	T	TGTTC	ok	True
chr3	3860844	3860845	-	0.231156	mod_ratio	199	244	T	AGTCT	ok	True
chr3	3861212	3861213	-	0.743169	mod_ratio	183	217	T	CGTCC	ok	False
chr3	3861605	3861606	-	0.837209	mod_ratio	172	193	T	CGTTT	ok	False
chr3	3909052	3909053	-	0.222222	mod_ratio	144	179	T	GGTTT	ok	True
chr3	3909250	3909251	-	0.19469	mod_ratio	226	242	T	AGTTC	ok	True
chr3	3909292	3909293	-	0.246445	mod_ratio	211	240	T	AGTCT	ok	True
chr3	3910212	3910213	-	0.164179	mod_ratio	201	218	T	TGTCC	ok	True
chr3	3910293	3910294	-	0.217617	mod_ratio	193	215	T	AGTTC	ok	True
chr3	3919694	3919695	+	0.647059	mod_ratio	51	66	A	AAACA	ok	True
chr3	3920160	3920161	+	0.5	mod_ratio	70	75	A	GGACT	ok	True
chr3	3920537	3920538	+	0.378378	mod_ratio	74	82	A	AAACA	ok	True
chr3	3920785	3920786	+	0.255814	mod_ratio	86	90	A	GAACT	ok	True
chr3	3921143	3921144	+	0.408602	mod_ratio	93	99	A	GAACT	ok	True
chr3	3921352	3921353	+	0.588235	mod_ratio	85	101	A	AAACC	ok	True
chr3	3922068	3922069	-	0.676471	mod_ratio	34	40	T	CGTCC	ok	False
chr3	3924293	3924294	+	0.550562	mod_ratio	89	100	A	GAACA	ok	True
chr3	3924711	3924712	+	0.722222	mod_ratio	108	110	A	AAACT	ok	True
chr3	3924868	3924869	+	0.534653	mod_ratio	101	113	A	AGACA	ok	True
chr3	3925169	3925170	+	0.802083	mod_ratio	96	120	A	AAACG	ok	False
chr3	3930545	3930546	-	0.478261	mod_ratio	345	408	T	GGTTC	ok	True
chr3	3930670	3930671	-	0.35	mod_ratio	320	405	T	CGTCC	ok	False
chr3	3930689	3930690	-	0.143695	mod_ratio	341	396	T	AGTCT	ok	True
chr3	3930696	3930697	-	0.340974	mod_ratio	349	391	T	TGTTT	ok	True
chr3	3930720	3930721	-	0.209091	mod_ratio	330	391	T	GGTCC	ok	True
chr3	3930751	3930752	-	0.492537	mod_ratio	67	378	T	AGTTT	ok	True
chr3	3930864	3930865	-	0.369906	mod_ratio	319	365	T	GGTTC	ok	True
chr3	3930909	3930910	-	0.446809	mod_ratio	235	352	T	CGTCT	ok	False
chr3	3930939	3930940	-	0.329897	mod_ratio	97	144	T	TGTCC	ok	True
chr3	3937384	3937385	-	0.785714	mod_ratio	42	51	T	TGTTT	ok	True
chr3	3937477	3937478	-	0.745455	mod_ratio	55	57	T	TGTCT	ok	True
chr3	3937588	3937589	-	0.461538	mod_ratio	52	56	T	CGTCT	ok	False
chr3	3943054	3943055	+	0.283019	mod_ratio	106	115	A	AAACA	ok	True
chr3	3943108	3943109	+	0.468354	mod_ratio	79	119	A	AAACC	ok	True
chr3	3943305	3943306	+	0.552632	mod_ratio	114	127	A	AGACA	ok	True
chr3	3943595	3943596	+	0.274194	mod_ratio	124	147	A	AAACC	ok	True
chr3	3943720	3943721	+	0.515625	mod_ratio	64	136	A	AAACC	ok	True
chr3	3960443	3960444	-	0.644444	mod_ratio	45	88	T	GGTTT	ok	True
chr3	3961334	3961335	-	0.355556	mod_ratio	90	104	T	TGTCC	ok	True
chr3	3963026	3963027	-	0.568627	mod_ratio	51	55	T	CGTCT	ok	False
chr3	3991401	3991402	-	0.364407	mod_ratio	118	142	T	AGTTT	ok	True
chr3	3991757	3991758	-	0.455285	mod_ratio	123	141	T	CGTCC	ok	False
chr3	3991907	3991908	-	0.389831	mod_ratio	118	129	T	CGTTT	ok	False
chr3	3991941	3991942	-	0.801724	mod_ratio	116	125	T	CGTCT	ok	False
chr3	3992123	3992124	-	0.638298	mod_ratio	94	110	T	TGTCT	ok	True
chr3	3992324	3992325	-	0.25	mod_ratio	92	101	T	CGTCC	ok	False
chr3	3992583	3992584	-	0.759494	mod_ratio	79	91	T	CGTCT	ok	False
chr3	3992628	3992629	-	0.472727	mod_ratio	55	87	T	TGTCC	ok	True
chr3	3992948	3992949	-	0.353846	mod_ratio	65	77	T	CGTCC	ok	False
chr3	3993740	3993741	-	0.481481	mod_ratio	54	62	T	CGTCT	ok	False
chr3	3994522	3994523	-	0.724138	mod_ratio	58	74	T	AGTTT	ok	True
chr3	3995439	3995440	-	0.757576	mod_ratio	33	47	T	CGTTT	ok	False
chr3	4005918	4005919	+	0.821429	mod_ratio	28	29	A	GGACG	ok	False
chr3	4006586	4006587	-	0.490909	mod_ratio	55	61	T	AGTTT	ok	True
chr3	4006789	4006790	-	0.480769	mod_ratio	52	61	T	TGTCC	ok	True
chr3	4006873	4006874	-	0.774194	mod_ratio	31	53	T	GTTTT	ok	False
chr3	4007086	4007087	-	0.541667	mod_ratio	48	52	T	CGTTC	ok	False
chr3	4007682	4007683	-	0.911765	mod_ratio	34	39	T	CGTCT	ok	False
chr3	4012703	4012704	+	0.555556	mod_ratio	99	110	A	AGACG	ok	False
chr3	4051561	4051562	+	0.866667	mod_ratio	30	35	A	AAACA	ok	True
chr3	4055473	4055474	+	0.5	mod_ratio	46	58	A	AGACG	ok	False
chr3	4056396	4056397	+	0.528302	mod_ratio	53	65	A	AGACA	ok	True
chr3	4061012	4061013	-	0.244361	mod_ratio	266	542	T	GTTTT	ok	False
chr3	4061051	4061052	-	0.244898	mod_ratio	294	435	T	AGTTT	ok	True
chr3	4061123	4061124	-	0.310086	mod_ratio	932	1132	T	AGTTT	ok	True
chr3	4061321	4061322	-	0.706707	mod_ratio	999	1082	T	AGTTT	ok	True
chr3	4061418	4061419	-	0.754554	mod_ratio	1043	1132	T	TGTTC	ok	True
chr3	4061458	4061459	-	0.148785	mod_ratio	988	1141	T	GGTCC	ok	True
chr3	4061475	4061476	-	0.432203	mod_ratio	708	988	T	TGTTT	ok	True
chr3	4061486	4061487	-	0.410064	mod_ratio	934	1106	T	TGTCC	ok	True
chr3	4061506	4061507	-	0.395833	mod_ratio	192	988	T	GTTTT	ok	False
chr3	4061528	4061529	-	0.561086	mod_ratio	884	1024	T	TGTCC	ok	True
chr3	4061533	4061534	-	0.117555	mod_ratio	638	1023	T	AGTCC	ok	True
chr3	4061546	4061547	-	0.407407	mod_ratio	81	1008	T	CGTCC	ok	False
chr3	4062089	4062090	-	0.202622	mod_ratio	839	911	T	GGTTT	ok	True
chr3	4062113	4062114	-	0.315789	mod_ratio	646	886	T	AGTCC	ok	True
chr3	4062118	4062119	-	0.120205	mod_ratio	782	888	T	AGTTC	ok	True
chr3	4062297	4062298	-	0.328185	mod_ratio	777	870	T	AGTTC	ok	True
chr3	4062812	4062813	-	0.168345	mod_ratio	695	764	T	AGTCT	ok	True
chr3	4063067	4063068	-	0.27451	mod_ratio	663	711	T	AGTTC	ok	True
chr3	4064219	4064220	-	0.623853	mod_ratio	109	120	T	TGTCT	ok	True
chr3	4064628	4064629	-	0.372093	mod_ratio	86	113	T	CGTCC	ok	False
chr3	4064739	4064740	-	0.453333	mod_ratio	75	109	T	GGTTT	ok	True
chr3	4129611	4129612	+	0.316456	mod_ratio	79	87	A	GAACT	ok	True
chr3	4129625	4129626	+	0.890625	mod_ratio	64	87	A	AGACA	ok	True
chr3	4129818	4129819	+	0.493506	mod_ratio	77	87	A	AGACA	ok	True
chr3	4129852	4129853	+	0.824324	mod_ratio	74	87	A	AGACC	ok	True
chr3	4129858	4129859	+	0.603448	mod_ratio	58	84	A	AAACT	ok	True
chr3	4137172	4137173	-	0.714286	mod_ratio	98	131	T	CGTCC	ok	False
chr3	4137201	4137202	-	0.58	mod_ratio	100	128	T	TGTCT	ok	True
chr3	4172312	4172313	-	0.528571	mod_ratio	70	80	T	CGTTT	ok	False
chr3	4172462	4172463	-	0.61194	mod_ratio	67	79	T	CGTTT	ok	False
chr3	4173679	4173680	-	0.857143	mod_ratio	28	50	T	CGTTT	ok	False
chr3	4185566	4185567	+	0.621622	mod_ratio	37	44	A	GGACA	ok	True
chr3	4186528	4186529	+	0.966102	mod_ratio	59	62	A	AGACA	ok	True
chr3	4186593	4186594	+	0.966667	mod_ratio	60	65	A	AAACG	ok	False
chr3	4186602	4186603	+	0.425926	mod_ratio	54	65	A	AAACT	ok	True
chr3	4186781	4186782	+	0.423729	mod_ratio	59	67	A	AAACG	ok	False
chr3	4186882	4186883	+	0.84	mod_ratio	50	67	A	AAACG	ok	False
chr3	4215267	4215268	-	0.788235	mod_ratio	85	102	T	CGTCT	ok	False
chr3	4215296	4215297	-	0.637363	mod_ratio	91	100	T	GGTCT	ok	True
chr3	4215365	4215366	-	0.261905	mod_ratio	84	98	T	TGTTC	ok	True
chr3	4215395	4215396	-	0.686047	mod_ratio	86	96	T	TGTCC	ok	True
chr3	4215610	4215611	-	0.412698	mod_ratio	63	79	T	AGTTT	ok	True
chr3	4219928	4219929	-	0.122807	mod_ratio	228	280	T	TGTTC	ok	True
chr3	4220071	4220072	-	0.21194	mod_ratio	335	377	T	TGTTC	ok	True
chr3	4220371	4220372	-	0.806647	mod_ratio	331	373	T	AGTTT	ok	True
chr3	4220413	4220414	-	0.119874	mod_ratio	317	370	T	TGTCC	ok	True
chr3	4220526	4220527	-	0.228374	mod_ratio	289	342	T	TGTTT	ok	True
chr3	4221313	4221314	-	0.127273	mod_ratio	275	314	T	GGTTC	ok	True
chr3	4221593	4221594	-	0.472727	mod_ratio	55	100	T	GGTTT	ok	True
chr3	4243473	4243474	+	0.212963	mod_ratio	108	114	A	GAACT	ok	True
chr3	4243687	4243688	+	0.798165	mod_ratio	109	119	A	AAACG	ok	False
chr3	4243878	4243879	+	0.637255	mod_ratio	102	119	A	AAACC	ok	True
chr3	4244069	4244070	+	0.774194	mod_ratio	31	105	A	AAACA	ok	True
chr3	4270452	4270453	+	0.914286	mod_ratio	35	40	A	AGACA	ok	True
chr3	4271062	4271063	+	0.594595	mod_ratio	37	46	A	GAACG	ok	False
chr3	4361961	4361962	-	0.67	mod_ratio	100	142	T	CGTTT	ok	False
chr3	4362030	4362031	-	0.254237	mod_ratio	118	182	T	GTTTT	ok	False
chr3	4362518	4362519	-	0.471429	mod_ratio	140	171	T	AGTTT	ok	True
chr3	4362606	4362607	-	0.419355	mod_ratio	155	172	T	TGTTC	ok	True
chr3	4362624	4362625	-	0.469799	mod_ratio	149	172	T	AGTTC	ok	True
chr3	4362747	4362748	-	0.833333	mod_ratio	120	169	T	TGTCC	ok	True
chr3	4362800	4362801	-	0.283688	mod_ratio	141	164	T	AGTTT	ok	True
chr3	4362970	4362971	-	0.268966	mod_ratio	145	161	T	AGTTT	ok	True
chr3	4362981	4362982	-	0.372414	mod_ratio	145	162	T	TGTTC	ok	True
chr3	4363681	4363682	-	0.385185	mod_ratio	135	147	T	AGTTT	ok	True
chr3	4384970	4384971	-	0.875	mod_ratio	32	45	T	GGTCC	ok	True
chr3	4385136	4385137	-	0.956522	mod_ratio	46	52	T	CGTCT	ok	False
chr3	4385353	4385354	-	0.565217	mod_ratio	46	51	T	CGTTT	ok	False
chr3	4385833	4385834	-	0.974359	mod_ratio	39	44	T	TGTTT	ok	True
chr3	4389316	4389317	+	0.390625	mod_ratio	64	71	A	AAACC	ok	True
chr3	4389867	4389868	+	0.412698	mod_ratio	63	78	A	GGACT	ok	True
chr3	4390014	4390015	+	0.731343	mod_ratio	67	79	A	GGACC	ok	True
chr3	4390479	4390480	+	0.428571	mod_ratio	77	90	A	AAACT	ok	True
chr3	4391370	4391371	+	0.855556	mod_ratio	90	111	A	GGACC	ok	True
chr3	4391529	4391530	+	0.216981	mod_ratio	106	128	A	AGACT	ok	True
chr3	4391697	4391698	+	0.547619	mod_ratio	126	132	A	AAACT	ok	True
chr3	4391703	4391704	+	0.881356	mod_ratio	118	133	A	AGACA	ok	True
chr3	4392407	4392408	+	0.171233	mod_ratio	146	164	A	GAACA	ok	True
chr3	4392502	4392503	+	0.186207	mod_ratio	145	166	A	GGACA	ok	True
chr3	4392751	4392752	+	0.288462	mod_ratio	104	174	A	GAACC	ok	True
chr3	4409156	4409157	+	0.65	mod_ratio	40	626	A	AAACG	ok	False
chr3	4409269	4409270	+	0.444015	mod_ratio	518	640	A	AAACC	ok	True
chr3	4409373	4409374	+	0.184697	mod_ratio	379	508	A	GGACT	ok	True
chr3	4429462	4429463	-	0.866667	mod_ratio	30	57	T	TGTCT	ok	True
chr3	4430044	4430045	-	0.76087	mod_ratio	46	47	T	TGTCC	ok	True
chr3	4433960	4433961	+	0.969231	mod_ratio	65	107	A	AAACA	ok	True
chr3	4434145	4434146	+	0.60396	mod_ratio	101	110	A	AAACT	ok	True
chr3	4434324	4434325	+	0.552941	mod_ratio	85	112	A	AGACA	ok	True
chr3	4434599	4434600	+	0.424528	mod_ratio	106	114	A	GAACT	ok	True
chr3	4434630	4434631	+	0.443299	mod_ratio	97	114	A	AAACG	ok	False
chr3	4435222	4435223	+	0.328947	mod_ratio	76	108	A	AGACT	ok	True
chr3	4435255	4435256	+	0.337838	mod_ratio	74	97	A	GAACA	ok	True
chr3	4512446	4512447	+	0.708333	mod_ratio	72	82	A	AGACG	ok	False
chr3	4512842	4512843	+	0.338028	mod_ratio	71	85	A	AAACA	ok	True
chr3	4513192	4513193	+	0.467532	mod_ratio	77	90	A	GAACA	ok	True
chr3	4513196	4513197	+	0.384615	mod_ratio	78	88	A	AAACT	ok	True
chr3	4513207	4513208	+	0.479452	mod_ratio	73	91	A	GAACT	ok	True
chr3	4513694	4513695	+	0.5	mod_ratio	92	103	A	AGACT	ok	True
chr3	4513855	4513856	+	0.247312	mod_ratio	93	104	A	AAACT	ok	True
chr3	4513979	4513980	+	0.554455	mod_ratio	101	107	A	AAACA	ok	True
chr3	4514356	4514357	+	0.241071	mod_ratio	112	124	A	AGACT	ok	True
chr3	4514558	4514559	+	0.60177	mod_ratio	113	129	A	AGACA	ok	True
chr3	4514595	4514596	+	0.491525	mod_ratio	118	132	A	GAACG	ok	False
chr3	4514939	4514940	+	0.387387	mod_ratio	111	147	A	AGACG	ok	False
chr3	4515034	4515035	+	0.723881	mod_ratio	134	153	A	GGACG	ok	False
chr3	4515092	4515093	+	0.352941	mod_ratio	136	156	A	GAACA	ok	True
chr3	4515258	4515259	+	0.428571	mod_ratio	147	168	A	AAACC	ok	True
chr3	4515308	4515309	+	0.544304	mod_ratio	158	172	A	GAACG	ok	False
chr3	4515417	4515418	+	0.203704	mod_ratio	162	180	A	AAACC	ok	True
chr3	4515456	4515457	+	0.537415	mod_ratio	147	183	A	GGACA	ok	True
chr3	4515493	4515494	+	0.298137	mod_ratio	161	185	A	GGACA	ok	True
chr3	4515567	4515568	+	0.388158	mod_ratio	152	197	A	AAAGT	ok	False
chr3	4515728	4515729	+	0.228571	mod_ratio	175	208	A	AAACT	ok	True
chr3	4515913	4515914	+	0.893401	mod_ratio	197	238	A	GGACG	ok	False
chr3	4516029	4516030	+	0.118919	mod_ratio	185	242	A	AGACT	ok	True
chr3	4516075	4516076	+	0.415584	mod_ratio	154	236	A	AAACT	ok	True
chr3	4516110	4516111	+	0.313725	mod_ratio	204	249	A	GAACG	ok	False
chr3	4516155	4516156	+	0.805195	mod_ratio	154	221	A	AGACA	ok	True
chr3	4533571	4533572	-	0.814815	mod_ratio	27	31	T	CGTTT	ok	False
chr3	4533831	4533832	-	0.787879	mod_ratio	33	37	T	TGTTT	ok	True
chr3	4534278	4534279	-	0.88	mod_ratio	25	29	T	CGTCT	ok	False
chr3	4557745	4557746	-	0.709677	mod_ratio	31	36	T	TGTCT	ok	True
chr3	4566094	4566095	-	0.804348	mod_ratio	46	51	T	CGTTT	ok	False
chr3	4566633	4566634	-	0.9375	mod_ratio	48	57	T	TGTCT	ok	True
chr3	4567309	4567310	-	0.586957	mod_ratio	46	52	T	GGTTT	ok	True
chr3	4567371	4567372	-	0.681818	mod_ratio	44	51	T	CGTCC	ok	False
chr3	4567459	4567460	-	0.488889	mod_ratio	45	51	T	TGTTT	ok	True
chr3	4568869	4568870	-	0.666667	mod_ratio	33	35	T	TGTCT	ok	True
chr3	4569340	4569341	-	0.814815	mod_ratio	27	32	T	CGTCT	ok	False
chr3	4570148	4570149	-	0.92	mod_ratio	25	28	T	CGTCT	ok	False
chr3	4575909	4575910	+	0.52	mod_ratio	75	88	A	AAACT	ok	True
chr3	4591329	4591330	-	0.827586	mod_ratio	29	35	T	CGTTT	ok	False
chr3	4592433	4592434	-	0.794118	mod_ratio	34	291	T	GGTCA	ok	True
chr3	4592452	4592453	-	0.325203	mod_ratio	246	317	T	TGTTC	ok	True
chr3	4592653	4592654	-	0.35274	mod_ratio	292	340	T	CGTTC	ok	False
chr3	4592929	4592930	-	0.100358	mod_ratio	279	310	T	TGTTC	ok	True
chr3	4592935	4592936	-	0.293333	mod_ratio	225	311	T	GGTCC	ok	True
chr3	4592986	4592987	-	0.202429	mod_ratio	247	299	T	TGTCT	ok	True
chr3	4593050	4593051	-	0.12963	mod_ratio	270	294	T	AGTCT	ok	True
chr3	4593355	4593356	-	0.211538	mod_ratio	208	270	T	GGTCC	ok	True
chr3	4593464	4593465	-	0.128755	mod_ratio	233	256	T	AGTTC	ok	True
chr3	4593521	4593522	-	0.252212	mod_ratio	226	256	T	GGTTC	ok	True
chr3	4597796	4597797	+	0.758621	mod_ratio	29	31	A	AAACT	ok	True
chr3	4599528	4599529	+	0.846154	mod_ratio	39	48	A	GGACG	ok	False
chr3	4599749	4599750	+	0.844444	mod_ratio	45	49	A	AAACA	ok	True
chr3	4600150	4600151	+	0.56	mod_ratio	50	57	A	AGACG	ok	False
chr3	4600174	4600175	+	0.609756	mod_ratio	41	52	A	AAACT	ok	True
chr3	4658286	4658287	-	0.736	mod_ratio	125	149	T	GGTCT	ok	True
chr3	4658689	4658690	-	0.710526	mod_ratio	38	113	T	GTTTT	ok	False
chr3	4658788	4658789	-	0.821429	mod_ratio	84	115	T	CGTTT	ok	False
chr3	4658922	4658923	-	0.26087	mod_ratio	92	107	T	TGTTT	ok	True
chr3	4659149	4659150	-	0.407895	mod_ratio	76	95	T	CGTCT	ok	False
chr3	4659190	4659191	-	0.661538	mod_ratio	65	93	T	GGTCC	ok	True
chr3	4659228	4659229	-	0.347222	mod_ratio	72	90	T	CGTCC	ok	False
chr3	4659233	4659234	-	0.5	mod_ratio	76	90	T	GGTTT	ok	True
chr3	4659308	4659309	-	0.565789	mod_ratio	76	85	T	GGTCC	ok	True
chr3	4659772	4659773	-	0.59322	mod_ratio	59	68	T	GGTTT	ok	True
chr3	4659976	4659977	-	0.54	mod_ratio	50	68	T	GGTCC	ok	True
chr3	4660241	4660242	-	0.508772	mod_ratio	57	64	T	GGTCC	ok	True
chr3	4674133	4674134	+	0.862069	mod_ratio	29	31	A	GGACA	ok	True
chr3	4675771	4675772	+	0.634146	mod_ratio	41	43	A	AAACT	ok	True
chr3	4675953	4675954	+	0.657895	mod_ratio	38	46	A	AAACC	ok	True
chr3	4676479	4676480	-	0.325203	mod_ratio	123	127	T	AGTTC	ok	True
chr3	4676581	4676582	-	0.304762	mod_ratio	105	123	T	GGTTC	ok	True
chr3	4676954	4676955	-	0.580952	mod_ratio	105	114	T	AGTTT	ok	True
chr3	4677179	4677180	-	0.705263	mod_ratio	95	110	T	CGTTT	ok	False
chr3	4730068	4730069	+	0.211765	mod_ratio	170	196	A	AAACC	ok	True
chr3	4730308	4730309	+	0.497354	mod_ratio	189	208	A	AAACC	ok	True
chr3	4730630	4730631	+	0.564356	mod_ratio	202	219	A	GAACG	ok	False
chr3	4730936	4730937	+	0.66092	mod_ratio	174	240	A	AGACA	ok	True
chr3	4730949	4730950	+	0.310345	mod_ratio	203	242	A	AAACC	ok	True
chr3	4730990	4730991	+	0.360406	mod_ratio	197	232	A	AAACA	ok	True
chr3	4731022	4731023	+	0.89083	mod_ratio	229	259	A	AAACG	ok	False
chr3	4731274	4731275	+	0.682353	mod_ratio	170	213	A	GGACA	ok	True
chr3	4731276	4731277	+	0.730769	mod_ratio	52	262	A	ACACA	ok	False
chr3	4731357	4731358	+	0.735751	mod_ratio	193	287	A	GGACG	ok	False
chr3	4731472	4731473	+	0.285714	mod_ratio	252	301	A	AAACT	ok	True
chr3	4731688	4731689	+	0.584416	mod_ratio	231	279	A	AAACT	ok	True
chr3	4733576	4733577	+	0.741935	mod_ratio	31	35	A	GGACA	ok	True
chr3	4737184	4737185	-	0.469388	mod_ratio	49	54	T	AGTTT	ok	True
chr3	4737739	4737740	-	0.840909	mod_ratio	44	58	T	TGTCC	ok	True
chr3	4737775	4737776	-	0.764706	mod_ratio	51	58	T	CGTCT	ok	False
chr3	4737790	4737791	-	0.607843	mod_ratio	51	57	T	AGTTT	ok	True
chr3	4737795	4737796	-	0.66	mod_ratio	50	57	T	GGTTT	ok	True
chr3	4737982	4737983	-	0.604167	mod_ratio	48	52	T	AGTTT	ok	True
chr3	4738120	4738121	-	0.769231	mod_ratio	39	48	T	TGTTT	ok	True
chr3	4738170	4738171	-	0.690476	mod_ratio	42	47	T	CGTTT	ok	False
chr3	4761732	4761733	-	0.675676	mod_ratio	37	48	T	TGTTT	ok	True
chr3	4762268	4762269	-	0.833333	mod_ratio	36	39	T	AGTTT	ok	True
chr3	4766153	4766154	+	0.367647	mod_ratio	68	78	A	AAACA	ok	True
chr3	4766298	4766299	+	0.44	mod_ratio	75	79	A	AAACA	ok	True
chr3	4766389	4766390	+	0.455882	mod_ratio	68	79	A	AAACC	ok	True
chr3	4772350	4772351	-	0.574074	mod_ratio	54	59	T	AGTTC	ok	True
chr3	4774665	4774666	-	0.8125	mod_ratio	32	33	T	CGTTT	ok	False
chr3	4774686	4774687	-	0.833333	mod_ratio	30	34	T	CGTCT	ok	False
chr3	4783228	4783229	-	0.827586	mod_ratio	29	41	T	GGTCT	ok	True
chr3	4806898	4806899	+	0.851852	mod_ratio	27	29	A	AAACG	ok	False
chr3	4808915	4808916	+	0.595238	mod_ratio	42	49	A	AGACA	ok	True
chr3	4818765	4818766	+	0.124108	mod_ratio	701	754	A	GGACT	ok	True
chr3	4818784	4818785	+	0.315328	mod_ratio	685	759	A	AAACG	ok	False
chr3	4819176	4819177	+	0.277778	mod_ratio	684	763	A	GAACC	ok	True
chr3	4819540	4819541	+	0.171875	mod_ratio	192	787	A	AGACA	ok	True
chr3	4819579	4819580	+	0.170697	mod_ratio	703	821	A	GAACA	ok	True
chr3	4819749	4819750	+	0.613603	mod_ratio	691	846	A	GGACG	ok	False
chr3	4820050	4820051	+	0.382064	mod_ratio	814	867	A	AAACA	ok	True
chr3	4820056	4820057	+	0.434783	mod_ratio	69	839	A	TCACC	ok	False
chr3	4820398	4820399	+	0.420469	mod_ratio	811	957	A	GGACG	ok	False
chr3	4820719	4820720	+	0.697339	mod_ratio	902	999	A	GGACA	ok	True
chr3	4820762	4820763	+	0.12095	mod_ratio	926	1016	A	AAACA	ok	True
chr3	4820769	4820770	+	0.267606	mod_ratio	142	1023	A	GAACA	ok	True
chr3	4820775	4820776	+	0.233115	mod_ratio	918	1004	A	AAACA	ok	True
chr3	4820791	4820792	+	0.58682	mod_ratio	956	1025	A	AAACG	ok	False
chr3	4820851	4820852	+	0.143192	mod_ratio	426	1017	A	AAACT	ok	True
chr3	4820881	4820882	+	0.711111	mod_ratio	900	979	A	AAACG	ok	False
chr3	4820893	4820894	+	0.333333	mod_ratio	96	995	A	AGATT	ok	False
chr3	4821789	4821790	+	0.264815	mod_ratio	1080	1244	A	AAACA	ok	True
chr3	4821894	4821895	+	0.396552	mod_ratio	58	1440	A	AGACC	ok	True
chr3	4821902	4821903	+	0.11858	mod_ratio	1324	1445	A	GGACT	ok	True
chr3	4821921	4821922	+	0.373635	mod_ratio	1282	1450	A	AAACG	ok	False
chr3	4822300	4822301	+	0.523165	mod_ratio	1403	1493	A	GAACT	ok	True
chr3	4822696	4822697	+	0.197425	mod_ratio	233	1565	A	AGACA	ok	True
chr3	4822735	4822736	+	0.20029	mod_ratio	1378	1641	A	GAACA	ok	True
chr3	4822890	4822891	+	0.629391	mod_ratio	1395	1677	A	GGACG	ok	False
chr3	4823195	4823196	+	0.906774	mod_ratio	1609	1736	A	AGACA	ok	True
chr3	4823198	4823199	+	0.543478	mod_ratio	46	1736	A	CAATC	ok	False
chr3	4823201	4823202	+	0.488372	mod_ratio	86	1667	A	TCACC	ok	False
chr3	4823381	4823382	+	0.363284	mod_ratio	1547	1798	A	AAACC	ok	True
chr3	4823545	4823546	+	0.26465	mod_ratio	1587	1851	A	GGACG	ok	False
chr3	4823870	4823871	+	0.606624	mod_ratio	1721	1941	A	GGACA	ok	True
chr3	4823910	4823911	+	0.741935	mod_ratio	31	1856	A	TAACC	ok	True
chr3	4823925	4823926	+	0.18617	mod_ratio	188	1960	A	GAACA	ok	True
chr3	4823941	4823942	+	0.142938	mod_ratio	1763	1974	A	GAACC	ok	True
chr3	4823958	4823959	+	0.22843	mod_ratio	1611	1952	A	AAACT	ok	True
chr3	4824038	4824039	+	0.613105	mod_ratio	1282	1859	A	AAACC	ok	True
chr3	4824162	4824163	+	0.334728	mod_ratio	239	285	A	GAACA	ok	True
chr3	4909808	4909809	+	0.75	mod_ratio	72	81	A	AGACC	ok	True
chr3	4910196	4910197	+	0.375	mod_ratio	64	89	A	GAACC	ok	True
chr3	4910328	4910329	+	0.440678	mod_ratio	59	87	A	AAACA	ok	True
chr3	4911604	4911605	+	0.167488	mod_ratio	203	235	A	GAACC	ok	True
chr3	4911654	4911655	+	0.140187	mod_ratio	214	240	A	GAACT	ok	True
chr3	4911777	4911778	+	0.111111	mod_ratio	225	251	A	AGACT	ok	True
chr3	4911872	4911873	+	0.559524	mod_ratio	84	103	A	AGACC	ok	True
chr3	4911875	4911876	+	0.848921	mod_ratio	139	252	A	CCACC	ok	False
chr3	4911914	4911915	+	0.214912	mod_ratio	228	258	A	AAACC	ok	True
chr3	4911983	4911984	+	0.260465	mod_ratio	215	257	A	GAACA	ok	True
chr3	4911988	4911989	+	0.116505	mod_ratio	206	253	A	AAACA	ok	True
chr3	4912011	4912012	+	0.235294	mod_ratio	204	251	A	GAACA	ok	True
chr3	4912128	4912129	+	0.511111	mod_ratio	45	64	A	AAACT	ok	True
chr3	4915397	4915398	+	0.827586	mod_ratio	29	30	A	GGACC	ok	True
chr3	4915450	4915451	+	0.846154	mod_ratio	26	29	A	AAACA	ok	True
chr3	4916022	4916023	+	0.903226	mod_ratio	31	38	A	AGACA	ok	True
chr3	4916049	4916050	+	0.805556	mod_ratio	36	39	A	AGACT	ok	True
chr3	4922957	4922958	+	0.725	mod_ratio	40	44	A	GGACA	ok	True
chr3	4923121	4923122	+	0.74359	mod_ratio	39	45	A	AAACG	ok	False
chr3	4923403	4923404	+	0.906977	mod_ratio	43	46	A	AAACG	ok	False
chr3	4923543	4923544	+	0.547619	mod_ratio	42	48	A	GGACA	ok	True
chr3	4925363	4925364	+	0.833333	mod_ratio	36	46	A	GGACC	ok	True
chr3	4925704	4925705	+	0.738095	mod_ratio	42	48	A	GGACA	ok	True
chr3	4926292	4926293	+	0.44898	mod_ratio	49	60	A	GGACA	ok	True
chr3	4926392	4926393	+	0.410714	mod_ratio	56	62	A	GAACC	ok	True
chr3	4926919	4926920	+	0.454545	mod_ratio	55	61	A	AAACT	ok	True
chr3	4937624	4937625	+	0.904762	mod_ratio	42	51	A	AAACT	ok	True
chr3	4937827	4937828	+	0.75	mod_ratio	44	51	A	GGACC	ok	True
chr3	4938698	4938699	+	0.369231	mod_ratio	65	75	A	GGACA	ok	True
chr3	4939314	4939315	+	0.693333	mod_ratio	75	86	A	AGACA	ok	True
chr3	4939349	4939350	+	0.306667	mod_ratio	75	89	A	AAACT	ok	True
chr3	5021420	5021421	+	0.435484	mod_ratio	62	89	A	AGACC	ok	True
chr3	5021425	5021426	+	0.893333	mod_ratio	75	88	A	AGACG	ok	False
chr3	5021529	5021530	+	0.393258	mod_ratio	89	94	A	GAACT	ok	True
chr3	5021609	5021610	+	0.73494	mod_ratio	83	96	A	AGACG	ok	False
chr3	5021744	5021745	+	0.772152	mod_ratio	79	98	A	GGACA	ok	True
chr3	5021968	5021969	+	0.273684	mod_ratio	95	102	A	AAACC	ok	True
chr3	5022444	5022445	+	0.309524	mod_ratio	84	103	A	GGACA	ok	True
chr3	5022463	5022464	+	0.25	mod_ratio	100	119	A	GGACA	ok	True
chr3	5022496	5022497	+	0.544554	mod_ratio	101	121	A	AAACC	ok	True
chr3	5022520	5022521	+	0.224138	mod_ratio	116	119	A	AAACA	ok	True
chr3	5022787	5022788	+	0.45679	mod_ratio	81	110	A	GGACC	ok	True
chr3	5022887	5022888	+	0.686567	mod_ratio	67	108	A	AAACA	ok	True
chr3	5022913	5022914	+	0.69697	mod_ratio	66	99	A	AAACC	ok	True
chr3	5029074	5029075	+	0.733333	mod_ratio	30	36	A	AAACC	ok	True
chr3	5029629	5029630	+	0.903226	mod_ratio	31	40	A	AAACG	ok	False
chr3	5047527	5047528	+	0.75	mod_ratio	40	153	A	AAACG	ok	False
chr3	5048130	5048131	+	0.130952	mod_ratio	168	184	A	AGACT	ok	True
chr3	5048140	5048141	+	0.216374	mod_ratio	171	182	A	AAACT	ok	True
chr3	5048176	5048177	+	0.189349	mod_ratio	169	185	A	AGACT	ok	True
chr3	5048382	5048383	+	0.140127	mod_ratio	157	185	A	AAACT	ok	True
chr3	5048461	5048462	+	0.26875	mod_ratio	160	190	A	GAACC	ok	True
chr3	5048681	5048682	+	0.554974	mod_ratio	191	206	A	AAACA	ok	True
chr3	5048685	5048686	+	0.382022	mod_ratio	178	206	A	AAACT	ok	True
chr3	5049273	5049274	+	0.301435	mod_ratio	209	232	A	AAACC	ok	True
chr3	5049461	5049462	+	0.164251	mod_ratio	207	236	A	AAACT	ok	True
chr3	5049469	5049470	+	0.569892	mod_ratio	186	245	A	GGACA	ok	True
chr3	5049534	5049535	+	0.191589	mod_ratio	214	251	A	GGACT	ok	True
chr3	5049627	5049628	+	0.226087	mod_ratio	230	261	A	AAACA	ok	True
chr3	5049776	5049777	+	0.303571	mod_ratio	168	250	A	AAACG	ok	False
chr3	5051948	5051949	+	0.647059	mod_ratio	34	48	A	AAACT	ok	True
chr3	5052071	5052072	+	0.458333	mod_ratio	48	51	A	GAACA	ok	True
chr3	5078247	5078248	+	0.870968	mod_ratio	31	35	A	AAACG	ok	False
chr3	5117187	5117188	+	0.200893	mod_ratio	224	476	A	AAACT	ok	True
chr3	5117225	5117226	+	0.315166	mod_ratio	422	481	A	AAACT	ok	True
chr3	5117365	5117366	+	0.361582	mod_ratio	354	500	A	AGACG	ok	False
chr3	5117502	5117503	+	0.173516	mod_ratio	438	480	A	AGACT	ok	True
chr3	5121491	5121492	+	0.939394	mod_ratio	33	35	A	AAACC	ok	True
chr3	5169905	5169906	-	0.870968	mod_ratio	31	35	T	TGTCT	ok	True
chr3	5170472	5170473	-	1	mod_ratio	25	31	T	TGTTC	ok	True
chr3	5180677	5180678	-	0.157385	mod_ratio	1239	1629	T	AGTTT	ok	True
chr3	5180686	5180687	-	0.473256	mod_ratio	860	991	T	AGTTT	ok	True
chr3	5180687	5180688	-	0.551988	mod_ratio	654	1700	T	GTTTT	ok	False
chr3	5180912	5180913	-	0.395987	mod_ratio	1495	1728	T	CGTCC	ok	False
chr3	5181332	5181333	-	0.11838	mod_ratio	642	916	T	AGTTT	ok	True
chr3	5181333	5181334	-	0.136719	mod_ratio	512	1466	T	GTTTT	ok	False
chr3	5181334	5181335	-	0.337209	mod_ratio	86	1631	T	TTTTT	ok	False
chr3	5181356	5181357	-	0.413793	mod_ratio	1276	1488	T	TGTTT	ok	True
chr3	5181371	5181372	-	0.239625	mod_ratio	747	1558	T	TGTTT	ok	True
chr3	5188642	5188643	+	0.11215	mod_ratio	214	432	A	GAACC	ok	True
chr3	5189430	5189431	+	0.602564	mod_ratio	234	458	A	AAACT	ok	True
chr3	5189484	5189485	+	0.453532	mod_ratio	269	421	A	GAACC	ok	True
chr3	5213043	5213044	+	0.316456	mod_ratio	79	424	A	AAACG	ok	False
chr3	5213135	5213136	+	0.668657	mod_ratio	335	424	A	AAACT	ok	True
chr3	5213148	5213149	+	0.285714	mod_ratio	308	428	A	AAACT	ok	True
chr3	5213179	5213180	+	0.166253	mod_ratio	403	436	A	AAACA	ok	True
chr3	5213238	5213239	+	0.570025	mod_ratio	407	448	A	AAACC	ok	True
chr3	5213446	5213447	+	0.640732	mod_ratio	437	486	A	AAACG	ok	False
chr3	5213478	5213479	+	0.171233	mod_ratio	438	482	A	GAACA	ok	True
chr3	5213565	5213566	+	0.536232	mod_ratio	345	420	A	AAACT	ok	True
chr3	5213827	5213828	+	0.828715	mod_ratio	397	518	A	AGACA	ok	True
chr3	5227001	5227002	-	0.734375	mod_ratio	64	72	T	TGTTT	ok	True
chr3	5250337	5250338	-	0.55814	mod_ratio	43	50	T	TGTCC	ok	True
chr3	5250936	5250937	-	0.833333	mod_ratio	36	42	T	AGTTT	ok	True
chr3	5274034	5274035	-	0.75	mod_ratio	32	57	T	TGTTT	ok	True
chr3	5274254	5274255	-	0.65625	mod_ratio	64	82	T	AGTTT	ok	True
chr3	5274634	5274635	-	0.825	mod_ratio	40	47	T	CGTTT	ok	False
chr3	5299671	5299672	+	0.438596	mod_ratio	57	67	A	AGACT	ok	True
chr3	5308297	5308298	-	0.686275	mod_ratio	51	51	T	TGTCT	ok	True
chr3	5309440	5309441	-	0.941176	mod_ratio	34	41	T	TGTCT	ok	True
chr3	5316057	5316058	+	0.71875	mod_ratio	32	34	A	AAACT	ok	True
chr3	5319436	5319437	+	0.594595	mod_ratio	37	54	A	AAACC	ok	True
chr3	5319588	5319589	+	0.694444	mod_ratio	36	43	A	AAACA	ok	True
chr3	5331357	5331358	+	0.534884	mod_ratio	43	46	A	AAACC	ok	True
chr3	5331531	5331532	+	0.711111	mod_ratio	45	49	A	AGACA	ok	True
chr3	5332092	5332093	+	0.947368	mod_ratio	38	57	A	GGACA	ok	True
chr3	5332489	5332490	+	0.592593	mod_ratio	54	69	A	AGACG	ok	False
chr3	5332806	5332807	+	0.306818	mod_ratio	88	97	A	AAACT	ok	True
chr3	5332876	5332877	+	0.577465	mod_ratio	71	101	A	AAACC	ok	True
chr3	5333106	5333107	+	0.357143	mod_ratio	98	111	A	AGACT	ok	True
chr3	5333228	5333229	+	0.612903	mod_ratio	93	116	A	AAACC	ok	True
chr3	5333692	5333693	+	0.662162	mod_ratio	74	106	A	GGACT	ok	True
chr3	5340862	5340863	+	0.595238	mod_ratio	42	48	A	AAACT	ok	True
chr3	5347968	5347969	-	0.636364	mod_ratio	44	84	T	GGTCC	ok	True
chr3	5348167	5348168	-	0.583333	mod_ratio	84	105	T	GGTTT	ok	True
chr3	5348207	5348208	-	0.231579	mod_ratio	95	107	T	CGTTC	ok	False
chr3	5348230	5348231	-	0.864865	mod_ratio	74	107	T	CGTTT	ok	False
chr3	5348319	5348320	-	0.284091	mod_ratio	88	107	T	TGTTC	ok	True
chr3	5348353	5348354	-	0.431818	mod_ratio	88	107	T	CGTCC	ok	False
chr3	5348917	5348918	-	0.928571	mod_ratio	70	94	T	CGTTT	ok	False
chr3	5348948	5348949	-	0.697368	mod_ratio	76	95	T	CGTCC	ok	False
chr3	5348986	5348987	-	0.703704	mod_ratio	81	93	T	GGTCC	ok	True
chr3	5349085	5349086	-	0.380282	mod_ratio	71	86	T	GGTTT	ok	True
chr3	5356779	5356780	-	0.240741	mod_ratio	108	126	T	AGTTC	ok	True
chr3	5356850	5356851	-	0.294118	mod_ratio	136	143	T	TGTTC	ok	True
chr3	5357025	5357026	-	0.254098	mod_ratio	122	139	T	CGTTC	ok	False
chr3	5357201	5357202	-	0.277311	mod_ratio	119	131	T	GGTTT	ok	True
chr3	5357237	5357238	-	0.269565	mod_ratio	115	130	T	AGTCT	ok	True
chr3	5357250	5357251	-	0.675676	mod_ratio	111	127	T	CGTCC	ok	False
chr3	5358355	5358356	-	0.838235	mod_ratio	68	93	T	CGTTT	ok	False
chr3	5359156	5359157	+	0.268908	mod_ratio	238	258	A	GAACA	ok	True
chr3	5359390	5359391	+	0.135036	mod_ratio	274	292	A	GGACT	ok	True
chr3	5359759	5359760	+	0.309963	mod_ratio	271	325	A	AGACA	ok	True
chr3	5359765	5359766	+	0.152866	mod_ratio	314	324	A	AGACC	ok	True
chr3	5359989	5359990	+	0.221239	mod_ratio	226	298	A	GAACC	ok	True
chr3	5360676	5360677	+	0.290323	mod_ratio	310	340	A	GAACA	ok	True
chr3	5361007	5361008	+	0.255663	mod_ratio	309	342	A	AAACT	ok	True
chr3	5361033	5361034	+	0.126506	mod_ratio	332	372	A	AAACT	ok	True
chr3	5361138	5361139	+	0.481481	mod_ratio	243	348	A	AAACT	ok	True
chr3	5376359	5376360	-	0.45098	mod_ratio	51	57	T	AGTTC	ok	True
chr3	5376364	5376365	-	0.478261	mod_ratio	46	54	T	TGTTT	ok	True
chr3	5376542	5376543	-	0.948718	mod_ratio	39	57	T	AGTTT	ok	True
chr3	5376810	5376811	-	0.941176	mod_ratio	34	42	T	CGTTT	ok	False
chr3	5376826	5376827	-	0.5	mod_ratio	52	55	T	AGTTT	ok	True
chr3	5397584	5397585	-	0.442308	mod_ratio	52	56	T	GGTTT	ok	True
chr3	5397617	5397618	-	0.55	mod_ratio	80	88	T	TGTTT	ok	True
chr3	5397654	5397655	-	0.621212	mod_ratio	66	78	T	GGTTT	ok	True
chr3	5397781	5397782	-	0.489583	mod_ratio	96	101	T	AGTTC	ok	True
chr3	5397818	5397819	-	0.244681	mod_ratio	94	101	T	TGTTC	ok	True
chr3	5397867	5397868	-	0.659091	mod_ratio	88	99	T	CGTCC	ok	False
chr3	5398004	5398005	-	0.388235	mod_ratio	85	92	T	AGTTT	ok	True
chr3	5398121	5398122	-	0.457143	mod_ratio	70	87	T	AGTTT	ok	True
chr3	5398132	5398133	-	0.559524	mod_ratio	84	87	T	GGTTT	ok	True
chr3	5398426	5398427	-	0.569231	mod_ratio	65	77	T	CGTTT	ok	False
chr3	5398455	5398456	-	0.438356	mod_ratio	73	76	T	TGTTC	ok	True
chr3	5401897	5401898	-	0.833333	mod_ratio	36	39	T	GGTCC	ok	True
chr3	5402167	5402168	-	0.942857	mod_ratio	35	36	T	GGTCT	ok	True
chr3	5455707	5455708	+	0.111663	mod_ratio	403	461	A	GGACT	ok	True
chr3	5455821	5455822	+	0.413514	mod_ratio	370	443	A	GAACT	ok	True
chr3	5460109	5460110	+	0.54902	mod_ratio	51	60	A	AGACA	ok	True
chr3	5460684	5460685	+	0.836364	mod_ratio	55	61	A	AAACG	ok	False
chr3	5468555	5468556	-	0.736749	mod_ratio	566	674	T	CGTTT	ok	False
chr3	5468556	5468557	-	0.527027	mod_ratio	148	830	T	GTTTC	ok	False
chr3	5468631	5468632	-	0.206687	mod_ratio	658	824	T	AGTTT	ok	True
chr3	5468632	5468633	-	0.309764	mod_ratio	297	1129	T	GTTTT	ok	False
chr3	5468833	5468834	-	0.223374	mod_ratio	1061	1159	T	TGTCT	ok	True
chr3	5468982	5468983	-	0.76704	mod_ratio	983	1143	T	CGTCC	ok	False
chr3	5469298	5469299	-	0.396226	mod_ratio	954	1071	T	GGTTT	ok	True
chr3	5469382	5469383	-	0.68711	mod_ratio	962	1067	T	GGTTT	ok	True
chr3	5498523	5498524	+	0.928571	mod_ratio	28	35	A	AGACA	ok	True
chr3	5505499	5505500	+	0.350993	mod_ratio	453	922	A	AAACA	ok	True
chr3	5505778	5505779	+	0.255196	mod_ratio	866	1133	A	GGACG	ok	False
chr3	5505800	5505801	+	0.118971	mod_ratio	933	1104	A	GGACT	ok	True
chr3	5506442	5506443	+	0.1093	mod_ratio	1043	1235	A	GGACT	ok	True
chr3	5506643	5506644	+	0.108007	mod_ratio	1074	1375	A	GGACC	ok	True
chr3	5506663	5506664	+	0.118421	mod_ratio	304	1381	A	AGACT	ok	True
chr3	5506694	5506695	+	0.436131	mod_ratio	1096	1372	A	GGACC	ok	True
chr3	5506757	5506758	+	0.27342	mod_ratio	1313	1422	A	GAACA	ok	True
chr3	5507088	5507089	-	0.697674	mod_ratio	86	101	T	GGTTT	ok	True
chr3	5507139	5507140	-	0.375	mod_ratio	96	104	T	TGTTC	ok	True
chr3	5507317	5507318	-	0.577778	mod_ratio	90	105	T	GGTTT	ok	True
chr3	5507632	5507633	-	0.518072	mod_ratio	83	100	T	AGTTT	ok	True
chr3	5507761	5507762	-	0.277778	mod_ratio	90	99	T	AGTTC	ok	True
chr3	5507794	5507795	-	0.467391	mod_ratio	92	98	T	AGTTT	ok	True
chr3	5507828	5507829	-	0.382716	mod_ratio	81	95	T	CGTCC	ok	False
chr3	5507840	5507841	-	0.375	mod_ratio	80	97	T	CGTCC	ok	False
chr3	5521249	5521250	-	0.888889	mod_ratio	27	30	T	CGTTT	ok	False
chr3	5556925	5556926	+	0.244681	mod_ratio	94	185	A	AAACA	ok	True
chr3	5557620	5557621	+	0.378882	mod_ratio	161	218	A	AAACT	ok	True
chr3	5557869	5557870	+	0.14346	mod_ratio	237	260	A	GAACC	ok	True
chr3	5557927	5557928	+	0.162896	mod_ratio	221	250	A	AAACT	ok	True
chr3	5558186	5558187	+	0.480159	mod_ratio	252	287	A	GAACA	ok	True
chr3	5558192	5558193	+	0.217054	mod_ratio	258	286	A	GAACA	ok	True
chr3	5558201	5558202	+	0.464	mod_ratio	250	286	A	AGACA	ok	True
chr3	5558237	5558238	+	0.437247	mod_ratio	247	287	A	GGACA	ok	True
chr3	5558271	5558272	+	0.657371	mod_ratio	251	287	A	GGACA	ok	True
chr3	5558326	5558327	+	0.764151	mod_ratio	212	291	A	GGACA	ok	True
chr3	5558473	5558474	+	0.412371	mod_ratio	194	246	A	AAACT	ok	True
chr3	5558491	5558492	+	0.329545	mod_ratio	88	153	A	AAACC	ok	True
chr3	5567050	5567051	+	0.632812	mod_ratio	128	139	A	GGACG	ok	False
chr3	5567495	5567496	+	0.333333	mod_ratio	129	147	A	AAACA	ok	True
chr3	5567629	5567630	+	0.3125	mod_ratio	144	163	A	AGACG	ok	False
chr3	5567711	5567712	+	0.638889	mod_ratio	144	164	A	GGACC	ok	True
chr3	5567974	5567975	+	0.265823	mod_ratio	158	186	A	AGACA	ok	True
chr3	5568085	5568086	+	0.303571	mod_ratio	168	196	A	GGACC	ok	True
chr3	5568126	5568127	+	0.264249	mod_ratio	193	202	A	GAACT	ok	True
chr3	5568139	5568140	+	0.676471	mod_ratio	170	200	A	GGACA	ok	True
chr3	5568192	5568193	+	0.36612	mod_ratio	183	210	A	AGACT	ok	True
chr3	5579608	5579609	+	0.229581	mod_ratio	453	529	A	GGACG	ok	False
chr3	5579662	5579663	+	0.221748	mod_ratio	469	536	A	AGACG	ok	False
chr3	5579698	5579699	+	0.208589	mod_ratio	489	544	A	GAACG	ok	False
chr3	5579711	5579712	+	0.192534	mod_ratio	509	548	A	GAACA	ok	True
chr3	5579876	5579877	+	0.69403	mod_ratio	536	566	A	AGACG	ok	False
chr3	5579880	5579881	+	0.17418	mod_ratio	488	561	A	GAACA	ok	True
chr3	5580145	5580146	+	0.159396	mod_ratio	596	629	A	GAACT	ok	True
chr3	5580195	5580196	+	0.65286	mod_ratio	507	639	A	GGACA	ok	True
chr3	5580524	5580525	+	0.138763	mod_ratio	663	709	A	AGACT	ok	True
chr3	5580536	5580537	+	0.785714	mod_ratio	28	689	A	AAACG	ok	False
chr3	5580577	5580578	+	0.26283	mod_ratio	643	712	A	GAACT	ok	True
chr3	5588766	5588767	+	0.254902	mod_ratio	102	229	A	AAACG	ok	False
chr3	5588784	5588785	+	0.611765	mod_ratio	170	228	A	AAACG	ok	False
chr3	5589038	5589039	+	0.172566	mod_ratio	226	236	A	AGACT	ok	True
chr3	5589085	5589086	+	0.300752	mod_ratio	133	239	A	AAACA	ok	True
chr3	5589140	5589141	+	0.416268	mod_ratio	209	242	A	AAACG	ok	False
chr3	5589168	5589169	+	0.519231	mod_ratio	208	245	A	GGACG	ok	False
chr3	5589243	5589244	+	0.324074	mod_ratio	216	253	A	AAACT	ok	True
chr3	5589281	5589282	+	0.420561	mod_ratio	214	244	A	GGACG	ok	False
chr3	5589321	5589322	+	0.488152	mod_ratio	211	261	A	GGACA	ok	True
chr3	5589642	5589643	+	0.173745	mod_ratio	259	283	A	AGACT	ok	True
chr3	5589650	5589651	+	0.207843	mod_ratio	255	284	A	AAACA	ok	True
chr3	5589654	5589655	+	0.44206	mod_ratio	233	277	A	AAACG	ok	False
chr3	5589695	5589696	+	0.537549	mod_ratio	253	284	A	GAACT	ok	True
chr3	5589825	5589826	+	0.361217	mod_ratio	263	286	A	GAACT	ok	True
chr3	5593038	5593039	+	0.378788	mod_ratio	66	75	A	GGACG	ok	False
chr3	5593294	5593295	+	0.412698	mod_ratio	63	77	A	GGACG	ok	False
chr3	5593578	5593579	+	0.432432	mod_ratio	74	83	A	GAACT	ok	True
chr3	5593608	5593609	+	0.315068	mod_ratio	73	84	A	GAACT	ok	True
chr3	5593620	5593621	+	0.32	mod_ratio	75	84	A	GAACT	ok	True
chr3	5593647	5593648	+	0.383562	mod_ratio	73	85	A	GAACT	ok	True
chr3	5593680	5593681	+	0.333333	mod_ratio	78	87	A	GAACT	ok	True
chr3	5593707	5593708	+	0.469697	mod_ratio	66	89	A	GAACC	ok	True
chr3	5593731	5593732	+	0.514286	mod_ratio	70	90	A	GAACC	ok	True
chr3	5593755	5593756	+	0.621951	mod_ratio	82	90	A	GAACC	ok	True
chr3	5593782	5593783	+	0.460526	mod_ratio	76	89	A	GAACC	ok	True
chr3	5593809	5593810	+	0.44	mod_ratio	75	90	A	GAACC	ok	True
chr3	5593821	5593822	+	0.493506	mod_ratio	77	91	A	GGACC	ok	True
chr3	5593833	5593834	+	0.376623	mod_ratio	77	93	A	GGACC	ok	True
chr3	5593860	5593861	+	0.313953	mod_ratio	86	95	A	GAACC	ok	True
chr3	5593933	5593934	+	0.349398	mod_ratio	83	98	A	GGACG	ok	False
chr3	5594036	5594037	+	0.26087	mod_ratio	92	103	A	AAACA	ok	True
chr3	5594236	5594237	+	0.555556	mod_ratio	99	109	A	AAACC	ok	True
chr3	5594263	5594264	+	0.84	mod_ratio	100	111	A	AAACG	ok	False
chr3	5594304	5594305	+	0.325843	mod_ratio	89	112	A	GAACC	ok	True
chr3	5594342	5594343	+	0.385417	mod_ratio	96	114	A	AGACA	ok	True
chr3	5594473	5594474	+	0.790476	mod_ratio	105	126	A	AGACA	ok	True
chr3	5594489	5594490	+	0.462366	mod_ratio	93	126	A	GGACG	ok	False
chr3	5594529	5594530	+	0.305882	mod_ratio	85	128	A	GGACA	ok	True
chr3	5594608	5594609	+	0.535714	mod_ratio	112	136	A	GAACG	ok	False
chr3	5594733	5594734	+	0.471545	mod_ratio	123	148	A	AGACG	ok	False
chr3	5594828	5594829	+	0.583333	mod_ratio	144	157	A	AAACA	ok	True
chr3	5594836	5594837	+	0.206897	mod_ratio	116	160	A	GGACC	ok	True
chr3	5594908	5594909	+	0.48	mod_ratio	150	165	A	GGACG	ok	False
chr3	5595073	5595074	+	0.623188	mod_ratio	138	191	A	GGACA	ok	True
chr3	5596088	5596089	-	0.707865	mod_ratio	89	98	T	GGTTT	ok	True
chr3	5596332	5596333	-	0.730769	mod_ratio	52	93	T	GGTCC	ok	True
chr3	5596539	5596540	-	0.59322	mod_ratio	59	88	T	TGTCC	ok	True
chr3	5596752	5596753	-	0.491228	mod_ratio	57	70	T	AGTCC	ok	True
chr3	5596784	5596785	-	0.470588	mod_ratio	68	78	T	TGTCT	ok	True
chr3	5596977	5596978	-	0.724638	mod_ratio	69	73	T	TGTTC	ok	True
chr3	5597071	5597072	-	0.5	mod_ratio	58	73	T	TGTCC	ok	True
chr3	5597114	5597115	-	0.354839	mod_ratio	62	73	T	CGTCC	ok	False
chr3	5597299	5597300	-	0.636364	mod_ratio	55	60	T	AGTCC	ok	True
chr3	5597331	5597332	-	0.666667	mod_ratio	63	65	T	TGTCT	ok	True
chr3	5597522	5597523	-	0.561404	mod_ratio	57	61	T	TGTTC	ok	True
chr3	5597659	5597660	-	0.557692	mod_ratio	52	61	T	CGTCC	ok	False
chr3	5612771	5612772	-	1	mod_ratio	30	33	T	TGTCT	ok	True
chr3	5619252	5619253	-	0.833333	mod_ratio	54	77	T	GGTCT	ok	True
chr3	5620075	5620076	-	0.568182	mod_ratio	44	58	T	CGTTT	ok	False
chr3	5620110	5620111	-	0.627907	mod_ratio	43	58	T	GGTCC	ok	True
chr3	5620258	5620259	-	0.731707	mod_ratio	41	47	T	CGTCT	ok	False
chr3	5620358	5620359	-	0.479167	mod_ratio	48	53	T	TGTTT	ok	True
chr3	5620453	5620454	-	0.708333	mod_ratio	48	51	T	TGTCT	ok	True
chr3	5620757	5620758	-	0.761905	mod_ratio	42	44	T	GGTTT	ok	True
chr3	5624872	5624873	-	0.884615	mod_ratio	26	27	T	TGTCT	ok	True
chr3	5644766	5644767	+	0.608696	mod_ratio	92	110	A	AAACT	ok	True
chr3	5644879	5644880	+	0.923913	mod_ratio	92	123	A	AAACA	ok	True
chr3	5645354	5645355	+	0.584416	mod_ratio	77	99	A	AAACC	ok	True
chr3	5669533	5669534	-	0.502907	mod_ratio	344	578	T	CGTTT	ok	False
chr3	5669534	5669535	-	0.115632	mod_ratio	467	1168	T	GTTTT	ok	False
chr3	5669535	5669536	-	0.931925	mod_ratio	852	2079	T	TTTTT	ok	False
chr3	5669560	5669561	-	0.35533	mod_ratio	197	2545	T	AATCT	ok	False
chr3	5669605	5669606	-	0.65	mod_ratio	40	2520	T	GGTAA	ok	False
chr3	5669608	5669609	-	0.418803	mod_ratio	117	2367	T	AATTT	ok	False
chr3	5670745	5670746	-	0.156364	mod_ratio	275	2014	T	TGTTT	ok	True
chr3	5681860	5681861	+	0.830508	mod_ratio	59	62	A	AAACA	ok	True
chr3	5681887	5681888	+	0.383333	mod_ratio	60	61	A	GAACA	ok	True
chr3	5682121	5682122	+	0.444444	mod_ratio	63	68	A	AAACT	ok	True
chr3	5706635	5706636	+	0.621212	mod_ratio	132	152	A	AAACA	ok	True
chr3	5706860	5706861	+	0.352941	mod_ratio	68	112	A	GGACT	ok	True
chr3	5706907	5706908	+	0.66	mod_ratio	100	121	A	GGACG	ok	False
chr3	5709465	5709466	+	0.261364	mod_ratio	88	95	A	GAACA	ok	True
chr3	5709546	5709547	+	0.426966	mod_ratio	89	99	A	GAACG	ok	False
chr3	5710079	5710080	+	0.22	mod_ratio	100	110	A	GGACC	ok	True
chr3	5773254	5773255	-	0.791667	mod_ratio	48	61	T	GGTCC	ok	True
chr3	5773471	5773472	-	0.627907	mod_ratio	43	61	T	CGTCT	ok	False
chr3	5773606	5773607	-	0.7	mod_ratio	50	53	T	TGTCT	ok	True
chr3	5773838	5773839	-	0.536585	mod_ratio	41	49	T	CGTCT	ok	False
chr3	5774576	5774577	-	0.833333	mod_ratio	36	38	T	CGTTT	ok	False
chr3	5802581	5802582	-	0.342466	mod_ratio	73	108	T	AGTCT	ok	True
chr3	5802609	5802610	-	0.536232	mod_ratio	69	96	T	TGTTT	ok	True
chr3	5803450	5803451	-	0.442308	mod_ratio	104	120	T	GGTTT	ok	True
chr3	5809438	5809439	-	0.490196	mod_ratio	51	60	T	CGTCC	ok	False
chr3	5809645	5809646	-	0.611111	mod_ratio	54	58	T	TGTCT	ok	True
chr3	5809833	5809834	-	0.468085	mod_ratio	47	56	T	CGTTC	ok	False
chr3	5810532	5810533	-	0.533333	mod_ratio	45	49	T	TGTCT	ok	True
chr3	5828741	5828742	+	0.777778	mod_ratio	36	39	A	AAACG	ok	False
chr3	5829203	5829204	+	0.954545	mod_ratio	44	47	A	AGACG	ok	False
chr3	5862238	5862239	+	0.65	mod_ratio	40	54	A	AAACG	ok	False
chr3	5882436	5882437	+	0.165414	mod_ratio	133	155	A	GAACC	ok	True
chr3	5890428	5890429	-	0.619048	mod_ratio	42	45	T	CGTTT	ok	False
chr3	5890813	5890814	-	0.8125	mod_ratio	32	37	T	TGTCT	ok	True
chr3	5908340	5908341	+	0.97561	mod_ratio	41	45	A	AGACA	ok	True
chr3	5952481	5952482	-	0.760618	mod_ratio	518	556	T	GGTTT	ok	True
chr3	5952544	5952545	-	0.125	mod_ratio	496	555	T	CGTCC	ok	False
chr3	5952676	5952677	-	0.413043	mod_ratio	460	542	T	TGTCT	ok	True
chr3	5952692	5952693	-	0.56383	mod_ratio	470	526	T	TGTTC	ok	True
chr3	5952844	5952845	-	0.683857	mod_ratio	446	493	T	GGTCC	ok	True
chr3	5952984	5952985	-	0.27957	mod_ratio	93	463	T	GTTTT	ok	False
chr3	5953067	5953068	-	0.195	mod_ratio	400	446	T	AGTCT	ok	True
chr3	5953187	5953188	-	0.337629	mod_ratio	388	420	T	AGTTC	ok	True
chr3	5953212	5953213	-	0.468927	mod_ratio	354	387	T	AGTTT	ok	True
chr3	5953265	5953266	-	0.120548	mod_ratio	365	415	T	AGTCT	ok	True
chr3	5953451	5953452	-	0.426752	mod_ratio	157	203	T	TGTTT	ok	True
chr3	5953523	5953524	-	0.283333	mod_ratio	360	388	T	AGTCT	ok	True
chr3	5953535	5953536	-	0.149123	mod_ratio	342	384	T	AGTCT	ok	True
chr3	5953566	5953567	-	0.221557	mod_ratio	334	384	T	TGTTC	ok	True
chr3	5953623	5953624	-	0.121212	mod_ratio	264	376	T	TGTCC	ok	True
chr3	5958458	5958459	+	0.870968	mod_ratio	31	34	A	AAACG	ok	False
chr3	5977906	5977907	-	0.83871	mod_ratio	31	45	T	GTTTT	ok	False
chr3	5981701	5981702	+	0.888889	mod_ratio	27	28	A	AGACG	ok	False
chr3	5989153	5989154	-	0.44	mod_ratio	50	70	T	GGTTT	ok	True
chr3	5989251	5989252	-	0.45098	mod_ratio	51	77	T	TGTTC	ok	True
chr3	5989508	5989509	-	0.419753	mod_ratio	81	89	T	CGTTC	ok	False
chr3	5989789	5989790	-	0.378378	mod_ratio	74	82	T	TGTTT	ok	True
chr3	5989827	5989828	-	0.75	mod_ratio	68	79	T	TGTTT	ok	True
chr3	5990267	5990268	-	0.442623	mod_ratio	61	71	T	AGTTT	ok	True
chr3	5990503	5990504	-	0.375	mod_ratio	64	69	T	GGTTT	ok	True
chr3	5990569	5990570	-	0.706897	mod_ratio	58	67	T	TGTCT	ok	True
chr3	5991161	5991162	-	0.444444	mod_ratio	54	60	T	AGTTC	ok	True
chr3	5991184	5991185	-	0.948718	mod_ratio	39	42	T	CGTTT	ok	False
chr3	5992303	5992304	-	0.796296	mod_ratio	54	60	T	TGTTT	ok	True
chr3	6024030	6024031	+	0.5	mod_ratio	86	110	A	AAACT	ok	True
chr3	6024243	6024244	+	0.915789	mod_ratio	95	116	A	AAACG	ok	False
chr3	6024260	6024261	+	0.343434	mod_ratio	99	121	A	AAACC	ok	True
chr3	6024478	6024479	+	0.270833	mod_ratio	96	111	A	GAACA	ok	True
chr3	6024520	6024521	+	0.307692	mod_ratio	78	120	A	GAACG	ok	False
chr3	6024567	6024568	+	0.435644	mod_ratio	101	119	A	AAACT	ok	True
chr3	6090645	6090646	+	0.671429	mod_ratio	70	83	A	GGACA	ok	True
chr3	6090902	6090903	+	0.818182	mod_ratio	66	95	A	GGACG	ok	False
chr3	6090963	6090964	+	0.314607	mod_ratio	89	95	A	AAACA	ok	True
chr3	6091251	6091252	-	0.424658	mod_ratio	146	184	T	AGTTC	ok	True
chr3	6091367	6091368	-	0.273292	mod_ratio	161	193	T	TGTTC	ok	True
chr3	6091371	6091372	-	0.527273	mod_ratio	165	195	T	CGTCC	ok	False
chr3	6091541	6091542	-	0.698718	mod_ratio	156	169	T	GGTTT	ok	True
chr3	6091657	6091658	-	0.25	mod_ratio	96	114	T	TGTTT	ok	True
chr3	6091803	6091804	-	0.328571	mod_ratio	140	153	T	AGTTC	ok	True
chr3	6091889	6091890	-	0.214286	mod_ratio	112	132	T	AGTTT	ok	True
chr3	6092272	6092273	-	0.508772	mod_ratio	57	132	T	GGTTC	ok	True
chr3	6092323	6092324	-	0.425743	mod_ratio	101	123	T	AGTTT	ok	True
chr3	6092345	6092346	-	0.546296	mod_ratio	108	129	T	TGTTC	ok	True
chr3	6092438	6092439	-	0.645833	mod_ratio	96	128	T	GGTTT	ok	True
chr3	6092559	6092560	-	0.507246	mod_ratio	69	103	T	CGTTT	ok	False
chr3	6094793	6094794	+	0.8	mod_ratio	40	43	A	AAACA	ok	True
chr3	6095792	6095793	+	0.71875	mod_ratio	32	55	A	AAACT	ok	True
chr3	6096003	6096004	+	0.584906	mod_ratio	53	58	A	AAACA	ok	True
chr3	6098969	6098970	+	0.621622	mod_ratio	37	47	A	AAACC	ok	True
chr3	6099108	6099109	+	0.710526	mod_ratio	38	48	A	AGACA	ok	True
chr3	6099296	6099297	+	0.805556	mod_ratio	36	54	A	GGACG	ok	False
chr3	6099390	6099391	+	0.775	mod_ratio	40	53	A	AGACG	ok	False
chr3	6142135	6142136	-	0.648649	mod_ratio	37	81	T	TGTCC	ok	True
chr3	6142176	6142177	-	0.358209	mod_ratio	67	92	T	CGTTC	ok	False
chr3	6142259	6142260	-	0.726027	mod_ratio	73	104	T	CGTTT	ok	False
chr3	6142818	6142819	-	0.278351	mod_ratio	97	127	T	CGTCT	ok	False
chr3	6142913	6142914	-	0.72093	mod_ratio	43	56	T	GGTTT	ok	True
chr3	6142937	6142938	-	0.59434	mod_ratio	106	122	T	AGTTT	ok	True
chr3	6142948	6142949	-	0.623853	mod_ratio	109	123	T	AGTTT	ok	True
chr3	6143155	6143156	-	0.269663	mod_ratio	89	116	T	GGTTT	ok	True
chr3	6169418	6169419	-	0.961538	mod_ratio	26	29	T	TGTCT	ok	True
chr3	6186276	6186277	+	0.83871	mod_ratio	31	33	A	AGACG	ok	False
chr3	6186591	6186592	+	0.857143	mod_ratio	28	37	A	AAACA	ok	True
chr3	6186973	6186974	+	0.727273	mod_ratio	33	39	A	AAACT	ok	True
chr3	6194108	6194109	+	0.909091	mod_ratio	33	43	A	AAACG	ok	False
chr3	6194113	6194114	+	0.589744	mod_ratio	39	42	A	AAACA	ok	True
chr3	6211037	6211038	-	0.238532	mod_ratio	109	123	T	AGTCT	ok	True
chr3	6211973	6211974	-	0.377778	mod_ratio	90	96	T	TGTTC	ok	True
chr3	6212120	6212121	-	0.369048	mod_ratio	84	95	T	CGTCC	ok	False
chr3	6212150	6212151	-	0.454545	mod_ratio	88	96	T	CGTCC	ok	False
chr3	6212373	6212374	-	0.694118	mod_ratio	85	91	T	GGTTT	ok	True
chr3	6212388	6212389	-	0.358974	mod_ratio	78	87	T	GGTTT	ok	True
chr3	6213103	6213104	-	0.588235	mod_ratio	51	56	T	CGTTC	ok	False
chr3	6213475	6213476	-	0.583333	mod_ratio	48	56	T	TGTCC	ok	True
chr3	6214497	6214498	-	0.6875	mod_ratio	32	46	T	AGTTT	ok	True
chr3	6225170	6225171	+	0.964286	mod_ratio	28	37	A	AGACA	ok	True
chr3	6232990	6232991	+	0.55	mod_ratio	40	42	A	AGACT	ok	True
chr3	6233855	6233856	+	0.490196	mod_ratio	51	67	A	AAACA	ok	True
chr3	6267309	6267310	+	0.416	mod_ratio	125	152	A	AAACC	ok	True
chr3	6323736	6323737	+	0.59589	mod_ratio	146	171	A	AAACC	ok	True
chr3	6324391	6324392	+	0.484615	mod_ratio	130	173	A	GGACA	ok	True
chr3	6324441	6324442	+	0.512821	mod_ratio	156	173	A	AAACT	ok	True
chr3	6324469	6324470	+	0.248276	mod_ratio	145	170	A	AAACT	ok	True
chr3	6324485	6324486	+	0.666667	mod_ratio	132	163	A	GGACC	ok	True
chr3	6324493	6324494	+	0.308511	mod_ratio	94	172	A	GGATT	ok	False
chr3	6349088	6349089	-	0.56044	mod_ratio	182	209	T	TGTTT	ok	True
chr3	6349217	6349218	-	0.358289	mod_ratio	187	209	T	CGTTC	ok	False
chr3	6349389	6349390	-	0.534722	mod_ratio	144	159	T	AGTTT	ok	True
chr3	6349448	6349449	-	0.294964	mod_ratio	139	172	T	GGTTC	ok	True
chr3	6350193	6350194	-	0.560748	mod_ratio	107	115	T	GGTTT	ok	True
chr3	6350302	6350303	-	0.333333	mod_ratio	96	109	T	AGTCT	ok	True
chr3	6350447	6350448	-	0.487179	mod_ratio	78	101	T	AGTTT	ok	True
chr3	6350485	6350486	-	0.573171	mod_ratio	82	94	T	CGTTC	ok	False
chr3	6350489	6350490	-	0.587302	mod_ratio	63	75	T	CGTTT	ok	False
chr3	6428993	6428994	+	0.630435	mod_ratio	46	55	A	GAACA	ok	True
chr3	6429203	6429204	+	0.839286	mod_ratio	56	62	A	AAACG	ok	False
chr3	6429251	6429252	+	0.444444	mod_ratio	54	62	A	GGACC	ok	True
chr3	6453934	6453935	+	0.269231	mod_ratio	624	726	A	AGACT	ok	True
chr3	6475656	6475657	+	0.149758	mod_ratio	207	218	A	AGACA	ok	True
chr3	6475682	6475683	+	0.144385	mod_ratio	187	224	A	GAACC	ok	True
chr3	6475915	6475916	+	0.556054	mod_ratio	223	239	A	AGACC	ok	True
chr3	6476163	6476164	+	0.265306	mod_ratio	196	257	A	GGACG	ok	False
chr3	6476311	6476312	+	0.136986	mod_ratio	219	270	A	AGACC	ok	True
chr3	6476446	6476447	+	0.671937	mod_ratio	253	280	A	AGACA	ok	True
chr3	6476524	6476525	+	0.326733	mod_ratio	202	280	A	GAACC	ok	True
chr3	6476973	6476974	+	0.55336	mod_ratio	253	301	A	AAACT	ok	True
chr3	6477015	6477016	+	0.28125	mod_ratio	128	201	A	AAACC	ok	True
chr3	6477134	6477135	+	0.430556	mod_ratio	72	88	A	AAACT	ok	True
chr3	6485020	6485021	+	0.714286	mod_ratio	35	97	A	AAACC	ok	True
chr3	6485309	6485310	+	0.325	mod_ratio	80	101	A	GGACA	ok	True
chr3	6485410	6485411	+	0.380435	mod_ratio	92	101	A	GAACA	ok	True
chr3	6485763	6485764	+	0.336735	mod_ratio	98	105	A	AGACC	ok	True
chr3	6485818	6485819	+	0.797872	mod_ratio	94	108	A	GGACG	ok	False
chr3	6485966	6485967	+	0.264368	mod_ratio	87	109	A	GGACG	ok	False
chr3	6486133	6486134	+	0.341176	mod_ratio	85	106	A	GAACC	ok	True
chr3	6512344	6512345	+	0.571429	mod_ratio	56	67	A	AAACC	ok	True
chr3	6512815	6512816	+	0.666667	mod_ratio	60	72	A	AGACC	ok	True
chr3	6512880	6512881	+	0.886792	mod_ratio	53	75	A	AGACG	ok	False
chr3	6513095	6513096	+	0.507937	mod_ratio	63	75	A	AAACA	ok	True
chr3	6513148	6513149	+	0.761905	mod_ratio	63	78	A	AAACG	ok	False
chr3	6513306	6513307	+	0.848485	mod_ratio	66	80	A	AAACC	ok	True
chr3	6513387	6513388	+	0.724138	mod_ratio	58	82	A	AAACC	ok	True
chr3	6513556	6513557	+	0.628571	mod_ratio	70	81	A	AAACC	ok	True
chr3	6513883	6513884	+	0.568966	mod_ratio	58	87	A	AAACC	ok	True
chr3	6514001	6514002	+	0.769231	mod_ratio	78	95	A	AGACG	ok	False
chr3	6514028	6514029	+	0.580247	mod_ratio	81	95	A	AGACC	ok	True
chr3	6514055	6514056	+	0.860759	mod_ratio	79	94	A	AGACA	ok	True
chr3	6514082	6514083	+	0.922078	mod_ratio	77	95	A	AGACA	ok	True
chr3	6514247	6514248	+	0.613333	mod_ratio	75	88	A	AAACC	ok	True
chr3	6514347	6514348	+	0.840909	mod_ratio	44	103	A	AAACA	ok	True
chr3	6514738	6514739	+	0.593407	mod_ratio	91	107	A	AGACG	ok	False
chr3	6554081	6554082	-	0.630435	mod_ratio	46	53	T	GGTTT	ok	True
chr3	6554306	6554307	-	0.478261	mod_ratio	46	48	T	AGTTC	ok	True
chr3	6556559	6556560	-	0.619048	mod_ratio	42	49	T	CGTCC	ok	False
chr3	6556716	6556717	-	0.787234	mod_ratio	47	50	T	GGTCT	ok	True
chr3	6563974	6563975	-	0.344086	mod_ratio	93	159	T	GGTTT	ok	True
chr3	6564004	6564005	-	0.412698	mod_ratio	126	182	T	TGTTT	ok	True
chr3	6564005	6564006	-	0.722222	mod_ratio	54	245	T	GTTTT	ok	False
chr3	6564303	6564304	-	0.40566	mod_ratio	212	252	T	TGTTT	ok	True
chr3	6564332	6564333	-	0.684783	mod_ratio	92	113	T	TGTTT	ok	True
chr3	6564349	6564350	-	0.565714	mod_ratio	175	238	T	TGTTT	ok	True
chr3	6564356	6564357	-	0.18125	mod_ratio	160	209	T	TGTTT	ok	True
chr3	6564372	6564373	-	0.583333	mod_ratio	60	73	T	GGTTT	ok	True
chr3	6564374	6564375	-	0.566434	mod_ratio	143	244	T	TTTTT	ok	False
chr3	6625460	6625461	-	0.825397	mod_ratio	63	110	T	CGTTT	ok	False
chr3	6625567	6625568	-	0.655738	mod_ratio	61	97	T	TGTCC	ok	True
chr3	6625576	6625577	-	0.909091	mod_ratio	99	115	T	TGTTT	ok	True
chr3	6626081	6626082	-	0.293478	mod_ratio	92	103	T	AGTTC	ok	True
chr3	6626113	6626114	-	0.303371	mod_ratio	89	102	T	AGTTT	ok	True
chr3	6626940	6626941	-	0.521127	mod_ratio	71	76	T	TGTTC	ok	True
chr3	6627142	6627143	-	0.921875	mod_ratio	64	73	T	TGTTT	ok	True
chr3	6629231	6629232	-	0.882353	mod_ratio	34	35	T	CGTCT	ok	False
chr3	6701873	6701874	-	0.916667	mod_ratio	24	26	T	TGTCT	ok	True
chr3	6734925	6734926	+	0.888889	mod_ratio	27	30	A	AAACA	ok	True
chr3	6744820	6744821	+	0.24537	mod_ratio	216	239	A	AAACA	ok	True
chr3	6744843	6744844	+	0.435	mod_ratio	200	242	A	AAACC	ok	True
chr3	6746431	6746432	+	0.736	mod_ratio	250	303	A	GGACA	ok	True
chr3	6746485	6746486	+	0.289855	mod_ratio	276	309	A	GAACA	ok	True
chr3	6746539	6746540	+	0.195946	mod_ratio	296	318	A	AGACT	ok	True
chr3	6746617	6746618	+	0.608844	mod_ratio	294	321	A	AAACT	ok	True
chr3	6746879	6746880	+	0.31348	mod_ratio	319	350	A	AAACT	ok	True
chr3	6747000	6747001	+	0.6	mod_ratio	270	327	A	AAACT	ok	True
chr3	6747098	6747099	+	0.546218	mod_ratio	238	339	A	AAACA	ok	True
chr3	6774221	6774222	+	0.725	mod_ratio	40	45	A	AAACT	ok	True
chr3	6847192	6847193	-	0.508772	mod_ratio	171	189	T	AGTTT	ok	True
chr3	6847257	6847258	-	0.541935	mod_ratio	155	188	T	CGTCT	ok	False
chr3	6847275	6847276	-	0.216561	mod_ratio	157	186	T	CGTCT	ok	False
chr3	6847299	6847300	-	0.344156	mod_ratio	154	176	T	TGTTT	ok	True
chr3	6847311	6847312	-	0.28	mod_ratio	100	124	T	TGTTT	ok	True
chr3	6847312	6847313	-	0.578947	mod_ratio	57	183	T	GTTTT	ok	False
chr3	6847527	6847528	-	0.528302	mod_ratio	159	177	T	CGTTC	ok	False
chr3	6847699	6847700	-	0.357664	mod_ratio	137	171	T	AGTTT	ok	True
chr3	6847896	6847897	-	0.509434	mod_ratio	53	71	T	TGTTT	ok	True
chr3	6847897	6847898	-	0.252874	mod_ratio	87	155	T	GTTTT	ok	False
chr3	6848060	6848061	-	0.43662	mod_ratio	142	162	T	AGTTT	ok	True
chr3	6848085	6848086	-	0.296296	mod_ratio	108	157	T	AGTTC	ok	True
chr3	6848344	6848345	-	0.583333	mod_ratio	144	162	T	CGTCC	ok	False
chr3	6848376	6848377	-	0.764286	mod_ratio	140	161	T	GGTCT	ok	True
chr3	6848591	6848592	-	0.20979	mod_ratio	143	156	T	TGTTT	ok	True
chr3	6848639	6848640	-	0.168919	mod_ratio	148	157	T	AGTCT	ok	True
chr3	6848670	6848671	-	0.824176	mod_ratio	91	102	T	CGTTT	ok	False
chr3	6848671	6848672	-	0.851852	mod_ratio	54	156	T	GTTTT	ok	False
chr3	6848676	6848677	-	0.165414	mod_ratio	133	156	T	GGTCT	ok	True
chr3	6848710	6848711	-	0.564356	mod_ratio	101	152	T	TGTCC	ok	True
chr3	6849436	6849437	-	0.260504	mod_ratio	119	130	T	TGTTT	ok	True
chr3	6849440	6849441	-	0.205128	mod_ratio	117	131	T	TGTTC	ok	True
chr3	6863779	6863780	+	0.833333	mod_ratio	54	66	A	AGACG	ok	False
chr3	6864004	6864005	+	0.631579	mod_ratio	57	70	A	GGACG	ok	False
chr3	6864578	6864579	+	0.574074	mod_ratio	54	67	A	GGACA	ok	True
chr3	6864637	6864638	+	0.646154	mod_ratio	65	78	A	AAACT	ok	True
chr3	6864687	6864688	+	0.482759	mod_ratio	58	79	A	GGACC	ok	True
chr3	6865311	6865312	+	0.916667	mod_ratio	72	86	A	AAACG	ok	False
chr3	6866551	6866552	+	0.925	mod_ratio	40	61	A	AAACG	ok	False
chr3	6876250	6876251	+	0.320988	mod_ratio	81	100	A	AAACA	ok	True
chr3	6876425	6876426	+	0.484848	mod_ratio	99	110	A	AAACA	ok	True
chr3	6877041	6877042	+	0.222222	mod_ratio	99	121	A	AGACC	ok	True
chr3	6877280	6877281	+	0.283019	mod_ratio	106	122	A	GAACC	ok	True
chr3	6877411	6877412	+	0.833333	mod_ratio	102	128	A	AGACA	ok	True
chr3	6877446	6877447	+	0.257426	mod_ratio	101	114	A	AGACT	ok	True
chr3	6877455	6877456	+	0.186441	mod_ratio	118	127	A	GAACT	ok	True
chr3	6877473	6877474	+	0.40678	mod_ratio	118	129	A	AAACC	ok	True
chr3	6879857	6879858	-	0.439394	mod_ratio	66	164	T	AGTTT	ok	True
chr3	6879873	6879874	-	0.227848	mod_ratio	158	170	T	TGTTC	ok	True
chr3	6879941	6879942	-	0.370861	mod_ratio	151	167	T	CGTTC	ok	False
chr3	6880190	6880191	-	0.8	mod_ratio	40	136	T	GTTTT	ok	False
chr3	6880248	6880249	-	0.211864	mod_ratio	118	132	T	AGTTT	ok	True
chr3	6880754	6880755	-	0.346535	mod_ratio	101	107	T	TGTTC	ok	True
chr3	6880905	6880906	-	0.309278	mod_ratio	97	103	T	AGTCT	ok	True
chr3	6881205	6881206	-	0.644737	mod_ratio	76	100	T	TGTCC	ok	True
chr3	6881371	6881372	-	0.426667	mod_ratio	75	95	T	CGTCC	ok	False
chr3	6923789	6923790	-	0.86	mod_ratio	50	51	T	TGTCT	ok	True
chr3	6927164	6927165	+	0.758621	mod_ratio	29	29	A	AAACA	ok	True
chr3	6957426	6957427	+	0.8	mod_ratio	30	39	A	GGACA	ok	True
chr3	6968323	6968324	+	0.574074	mod_ratio	54	73	A	GGACA	ok	True
chr3	6968517	6968518	+	0.946429	mod_ratio	56	69	A	AAACT	ok	True
chr3	6968703	6968704	+	0.402778	mod_ratio	72	81	A	AGACT	ok	True
chr3	6969055	6969056	+	0.797297	mod_ratio	74	84	A	GGACA	ok	True
chr3	6969509	6969510	+	0.828947	mod_ratio	76	87	A	AGACA	ok	True
chr3	6969901	6969902	+	0.842105	mod_ratio	76	94	A	AGACA	ok	True
chr3	6970039	6970040	+	0.5	mod_ratio	86	96	A	AAACG	ok	False
chr3	6970261	6970262	+	0.305556	mod_ratio	72	89	A	AAACC	ok	True
chr3	6998744	6998745	-	0.264368	mod_ratio	87	93	T	GGTTC	ok	True
chr3	6998927	6998928	-	0.493506	mod_ratio	77	89	T	GGTTT	ok	True
chr3	6998955	6998956	-	0.325	mod_ratio	80	84	T	AGTTT	ok	True
chr3	7000933	7000934	-	0.76	mod_ratio	50	60	T	AGTTT	ok	True
chr3	7002933	7002934	-	0.631579	mod_ratio	76	106	T	CGTTT	ok	False
chr3	7003123	7003124	-	0.4	mod_ratio	85	101	T	TGTTC	ok	True
chr3	7003414	7003415	-	0.468085	mod_ratio	94	105	T	TGTCC	ok	True
chr3	7003463	7003464	-	0.811765	mod_ratio	85	100	T	TGTCT	ok	True
chr3	7003521	7003522	-	0.309524	mod_ratio	84	99	T	AGTCT	ok	True
chr3	7004192	7004193	-	0.472973	mod_ratio	74	91	T	GGTCT	ok	True
chr3	7056562	7056563	-	0.606557	mod_ratio	61	76	T	AGTTT	ok	True
chr3	7056601	7056602	-	0.432836	mod_ratio	67	81	T	AGTTT	ok	True
chr3	7086658	7086659	-	0.918919	mod_ratio	37	49	T	GGTCC	ok	True
chr3	7105591	7105592	+	0.418182	mod_ratio	55	58	A	AAACA	ok	True
chr3	7105731	7105732	+	0.510204	mod_ratio	49	60	A	GGACG	ok	False
chr3	7105738	7105739	+	0.627451	mod_ratio	51	60	A	GGACA	ok	True
chr3	7105797	7105798	+	0.704545	mod_ratio	44	59	A	AAACG	ok	False
chr3	7106103	7106104	+	0.849057	mod_ratio	53	66	A	GGACA	ok	True
chr3	7106319	7106320	+	0.585366	mod_ratio	41	66	A	AAACG	ok	False
chr3	7106746	7106747	+	0.694444	mod_ratio	72	73	A	AGACC	ok	True
chr3	7109961	7109962	-	0.735294	mod_ratio	34	126	T	GTTTT	ok	False
chr3	7110161	7110162	-	0.179487	mod_ratio	156	181	T	TGTTT	ok	True
chr3	7110174	7110175	-	0.289474	mod_ratio	114	132	T	TGTTT	ok	True
chr3	7110224	7110225	-	0.230337	mod_ratio	178	198	T	TGTTC	ok	True
chr3	7110263	7110264	-	0.711538	mod_ratio	156	193	T	CGTTT	ok	False
chr3	7110444	7110445	-	0.953216	mod_ratio	171	195	T	TGTCT	ok	True
chr3	7111031	7111032	-	0.283871	mod_ratio	155	187	T	AGTCT	ok	True
chr3	7111237	7111238	-	0.442857	mod_ratio	140	177	T	GGTCC	ok	True
chr3	7161078	7161079	+	0.59322	mod_ratio	59	72	A	AGACA	ok	True
chr3	7161752	7161753	+	0.555556	mod_ratio	63	74	A	GGACA	ok	True
chr3	7162154	7162155	+	0.836364	mod_ratio	55	68	A	AAACT	ok	True
chr3	7230080	7230081	+	0.278481	mod_ratio	79	109	A	AAACA	ok	True
chr3	7260946	7260947	-	0.965517	mod_ratio	29	32	T	CGTTT	ok	False
chr3	7260981	7260982	-	0.84375	mod_ratio	32	33	T	TGTTT	ok	True
chr3	7261305	7261306	-	0.956522	mod_ratio	23	27	T	TGTCT	ok	True
chr3	7269125	7269126	+	0.827586	mod_ratio	29	37	A	AGACA	ok	True
chr3	7271126	7271127	+	0.547619	mod_ratio	42	48	A	AGACT	ok	True
chr3	7280999	7281000	+	0.535714	mod_ratio	56	70	A	AGACC	ok	True
chr3	7281174	7281175	+	0.459016	mod_ratio	61	74	A	GAACG	ok	False
chr3	7281380	7281381	+	0.533333	mod_ratio	75	83	A	AAACC	ok	True
chr3	7281398	7281399	+	0.935484	mod_ratio	62	83	A	AAACG	ok	False
chr3	7281509	7281510	+	0.666667	mod_ratio	78	96	A	GGACG	ok	False
chr3	7281660	7281661	+	0.681319	mod_ratio	91	107	A	GGACG	ok	False
chr3	7281724	7281725	+	0.676768	mod_ratio	99	113	A	AAACT	ok	True
chr3	7281801	7281802	+	0.876289	mod_ratio	97	117	A	GGACC	ok	True
chr3	7282157	7282158	+	0.793103	mod_ratio	29	44	A	AAACT	ok	True
chr3	7309512	7309513	-	0.774194	mod_ratio	31	35	T	TGTCT	ok	True
chr3	7328785	7328786	-	0.785714	mod_ratio	28	33	T	AGTCC	ok	True
chr3	7328820	7328821	-	0.78125	mod_ratio	32	33	T	CGTCT	ok	False
chr3	7330659	7330660	-	0.956522	mod_ratio	23	24	T	CGTTT	ok	False
chr3	7376831	7376832	-	0.100595	mod_ratio	2018	2844	T	TGTCC	ok	True
chr3	7377003	7377004	-	0.417889	mod_ratio	682	2812	T	CGTCC	ok	False
chr3	7377117	7377118	-	0.522727	mod_ratio	44	267	T	GGTTT	ok	True
chr3	7436182	7436183	+	0.75	mod_ratio	52	62	A	AAACG	ok	False
chr3	7437790	7437791	+	0.721311	mod_ratio	61	73	A	AAACT	ok	True
chr3	7578303	7578304	-	0.90625	mod_ratio	32	35	T	TGTCT	ok	True
chr3	7578417	7578418	-	0.564103	mod_ratio	39	43	T	TGTTT	ok	True
chr3	7579241	7579242	-	0.833333	mod_ratio	30	35	T	TGTCC	ok	True
chr3	7626918	7626919	-	0.560976	mod_ratio	41	96	T	TTTTT	ok	False
chr3	7626939	7626940	-	0.759259	mod_ratio	54	98	T	GGTTT	ok	True
chr3	7627052	7627053	-	0.464789	mod_ratio	71	84	T	TGTTT	ok	True
chr3	7627295	7627296	-	0.875	mod_ratio	64	82	T	TGTCC	ok	True
chr3	7627631	7627632	-	0.413793	mod_ratio	58	71	T	TGTTC	ok	True
chr3	7627715	7627716	-	0.416667	mod_ratio	60	66	T	AGTTT	ok	True
chr3	7627818	7627819	-	0.941176	mod_ratio	51	66	T	TGTCT	ok	True
chr3	7627869	7627870	-	0.37931	mod_ratio	58	65	T	CGTTC	ok	False
chr3	7627982	7627983	-	0.875	mod_ratio	40	56	T	CGTTT	ok	False
chr3	7628330	7628331	-	0.92	mod_ratio	50	62	T	GGTCT	ok	True
chr3	7641626	7641627	+	0.666667	mod_ratio	39	45	A	GGACG	ok	False
chr3	7641820	7641821	+	0.72973	mod_ratio	37	49	A	GGACA	ok	True
chr3	7674060	7674061	+	0.581395	mod_ratio	43	47	A	AGACG	ok	False
chr3	7701220	7701221	-	0.59375	mod_ratio	64	75	T	AGTTT	ok	True
chr3	7701227	7701228	-	0.397059	mod_ratio	68	78	T	AGTTT	ok	True
chr3	7701328	7701329	-	0.588235	mod_ratio	68	77	T	TGTTC	ok	True
chr3	7701373	7701374	-	0.833333	mod_ratio	60	78	T	GGTTT	ok	True
chr3	7701546	7701547	-	0.933333	mod_ratio	60	70	T	TGTCT	ok	True
chr3	7702488	7702489	-	0.92	mod_ratio	50	61	T	TGTCT	ok	True
chr3	7702588	7702589	-	0.729167	mod_ratio	48	55	T	ACTTT	ok	False
chr3	7702713	7702714	-	0.642857	mod_ratio	42	52	T	CGTTT	ok	False
chr3	7703262	7703263	-	0.534884	mod_ratio	43	49	T	GGTTT	ok	True
chr3	7704011	7704012	-	0.888889	mod_ratio	36	39	T	CGTTT	ok	False
chr3	7704688	7704689	-	1	mod_ratio	31	39	T	CGTTT	ok	False
chr3	7792700	7792701	-	0.602151	mod_ratio	93	102	T	AGTTT	ok	True
chr3	7792726	7792727	-	0.257576	mod_ratio	132	147	T	AGTTC	ok	True
chr3	7792826	7792827	-	0.532847	mod_ratio	137	151	T	TGTTT	ok	True
chr3	7792866	7792867	-	0.771654	mod_ratio	127	151	T	AGTTT	ok	True
chr3	7792969	7792970	-	0.305085	mod_ratio	118	153	T	TGTCC	ok	True
chr3	7792976	7792977	-	0.385246	mod_ratio	122	155	T	TGTCT	ok	True
chr3	7793029	7793030	-	0.220588	mod_ratio	136	151	T	CGTCC	ok	False
chr3	7793038	7793039	-	0.285714	mod_ratio	126	151	T	AGTCT	ok	True
chr3	7793043	7793044	-	0.422414	mod_ratio	116	146	T	TGTTT	ok	True
chr3	7793152	7793153	-	0.548077	mod_ratio	104	143	T	TGTCC	ok	True
chr3	7793217	7793218	-	0.258824	mod_ratio	85	103	T	TGTTT	ok	True
chr3	7793399	7793400	-	0.382812	mod_ratio	128	134	T	GGTTT	ok	True
chr3	7794084	7794085	-	0.262626	mod_ratio	99	114	T	CGTTT	ok	False
chr3	7794097	7794098	-	0.732558	mod_ratio	86	106	T	CGTTC	ok	False
chr3	7795048	7795049	-	0.9	mod_ratio	60	82	T	CGTTT	ok	False
chr3	7795254	7795255	-	0.314286	mod_ratio	70	104	T	CGTCC	ok	False
chr3	7795375	7795376	-	0.643836	mod_ratio	73	80	T	AGTTT	ok	True
chr3	7836363	7836364	+	0.781818	mod_ratio	55	68	A	AAACC	ok	True
chr3	7837161	7837162	+	0.885246	mod_ratio	61	79	A	AAACG	ok	False
chr3	7837230	7837231	+	0.666667	mod_ratio	72	81	A	AAACT	ok	True
chr3	7837689	7837690	+	0.7625	mod_ratio	80	90	A	GGACA	ok	True
chr3	7838424	7838425	+	0.41791	mod_ratio	67	91	A	GGACT	ok	True
chr3	7838452	7838453	+	0.612903	mod_ratio	93	102	A	GAACG	ok	False
chr3	7839077	7839078	-	0.233503	mod_ratio	197	241	T	TGTTT	ok	True
chr3	7839150	7839151	-	0.607692	mod_ratio	130	186	T	GTTTT	ok	False
chr3	7839151	7839152	-	0.862745	mod_ratio	51	252	T	TTTTT	ok	False
chr3	7839319	7839320	-	0.833333	mod_ratio	30	35	T	AGTTT	ok	True
chr3	7844032	7844033	-	0.132075	mod_ratio	265	709	T	AATCC	ok	False
chr3	7844058	7844059	-	0.604824	mod_ratio	539	723	T	GGTCT	ok	True
chr3	7844071	7844072	-	0.271429	mod_ratio	140	737	T	GATCC	ok	False
chr3	7844128	7844129	-	0.248788	mod_ratio	619	700	T	GGTTC	ok	True
chr3	7844176	7844177	-	0.154655	mod_ratio	666	755	T	AGTCT	ok	True
chr3	7844186	7844187	-	0.128986	mod_ratio	690	750	T	CGTTC	ok	False
chr3	7844373	7844374	-	0.287009	mod_ratio	662	726	T	AGTCT	ok	True
chr3	7844408	7844409	-	0.271881	mod_ratio	537	711	T	AGTCC	ok	True
chr3	7844520	7844521	-	0.12476	mod_ratio	521	667	T	TGTTC	ok	True
chr3	7855360	7855361	-	0.537313	mod_ratio	67	72	T	AGTTT	ok	True
chr3	7864551	7864552	-	0.228571	mod_ratio	140	168	T	AGTCT	ok	True
chr3	7864561	7864562	-	0.860465	mod_ratio	86	116	T	GGTTT	ok	True
chr3	7886037	7886038	+	0.884615	mod_ratio	26	29	A	AGACA	ok	True
chr3	7890901	7890902	-	0.451613	mod_ratio	62	96	T	TGTTT	ok	True
chr3	7890955	7890956	-	0.75	mod_ratio	72	112	T	AGTTT	ok	True
chr3	7890960	7890961	-	0.459459	mod_ratio	74	126	T	GGTTT	ok	True
chr3	7890986	7890987	-	0.663158	mod_ratio	95	115	T	TGTTT	ok	True
chr3	7891003	7891004	-	0.342857	mod_ratio	140	151	T	CGTTC	ok	False
chr3	7891082	7891083	-	0.833333	mod_ratio	132	150	T	CGTTT	ok	False
chr3	7891119	7891120	-	0.653846	mod_ratio	104	128	T	CGTTT	ok	False
chr3	7891512	7891513	-	0.203008	mod_ratio	133	146	T	AGTTC	ok	True
chr3	7891583	7891584	-	0.3125	mod_ratio	128	139	T	TGTTC	ok	True
chr3	7891983	7891984	-	0.432203	mod_ratio	118	129	T	TGTTT	ok	True
chr3	7891998	7891999	-	0.214286	mod_ratio	126	138	T	AGTTC	ok	True
chr3	7948850	7948851	+	0.964286	mod_ratio	28	29	A	AAACG	ok	False
chr3	7960036	7960037	+	0.551724	mod_ratio	58	67	A	AAACT	ok	True
chr3	7960286	7960287	+	0.324324	mod_ratio	74	75	A	GAACT	ok	True
chr3	7960561	7960562	+	0.584416	mod_ratio	77	82	A	AGACG	ok	False
chr3	7961217	7961218	+	0.84507	mod_ratio	71	89	A	GGACG	ok	False
chr3	7961602	7961603	+	0.56044	mod_ratio	91	100	A	AAACG	ok	False
chr3	7962145	7962146	+	0.382353	mod_ratio	68	79	A	AAACT	ok	True
chr3	7977963	7977964	-	0.860465	mod_ratio	43	56	T	CGTCT	ok	False
chr3	8006526	8006527	-	0.523256	mod_ratio	86	99	T	TGTTT	ok	True
chr3	8006797	8006798	-	0.72449	mod_ratio	98	110	T	GGTCC	ok	True
chr3	8006944	8006945	-	0.701031	mod_ratio	97	105	T	AGTTT	ok	True
chr3	8007308	8007309	-	0.578313	mod_ratio	83	102	T	CGTTT	ok	False
chr3	8008567	8008568	+	0.6	mod_ratio	40	49	A	AAACT	ok	True
chr3	8009177	8009178	+	0.568182	mod_ratio	44	59	A	GGACC	ok	True
chr3	8009305	8009306	+	0.613636	mod_ratio	44	60	A	AGACG	ok	False
chr3	8009796	8009797	-	0.628205	mod_ratio	78	87	T	AGTTT	ok	True
chr3	8084488	8084489	-	0.425926	mod_ratio	54	77	T	TGTTT	ok	True
chr3	8084502	8084503	-	0.344444	mod_ratio	90	142	T	AGTTT	ok	True
chr3	8084638	8084639	-	0.4	mod_ratio	130	164	T	TGTCC	ok	True
chr3	8084696	8084697	-	0.52381	mod_ratio	147	164	T	CGTCC	ok	False
chr3	8084700	8084701	-	0.686667	mod_ratio	150	161	T	CGTTC	ok	False
chr3	8084715	8084716	-	0.410072	mod_ratio	139	162	T	CGTCT	ok	False
chr3	8084909	8084910	-	0.23741	mod_ratio	139	157	T	CGTCC	ok	False
chr3	8085122	8085123	-	0.53125	mod_ratio	128	146	T	GGTTT	ok	True
chr3	8087873	8087874	+	0.315789	mod_ratio	95	103	A	AGACT	ok	True
chr3	8087969	8087970	+	0.475248	mod_ratio	101	112	A	AAACT	ok	True
chr3	8088157	8088158	+	0.861702	mod_ratio	94	113	A	GGACC	ok	True
chr3	8088550	8088551	+	0.348315	mod_ratio	89	115	A	GAACA	ok	True
chr3	8088622	8088623	+	1	mod_ratio	54	117	A	AAACA	ok	True
chr3	8088659	8088660	+	0.314286	mod_ratio	70	101	A	AGACT	ok	True
chr3	8089633	8089634	+	0.77551	mod_ratio	49	59	A	AAACA	ok	True
chr3	8090265	8090266	+	0.539683	mod_ratio	63	68	A	AAACA	ok	True
chr3	8090379	8090380	+	0.604651	mod_ratio	43	52	A	GGACT	ok	True
chr3	8090450	8090451	+	0.666667	mod_ratio	33	47	A	AAACG	ok	False
chr3	8112826	8112827	+	0.147186	mod_ratio	231	261	A	AAACC	ok	True
chr3	8113051	8113052	+	0.295964	mod_ratio	223	285	A	AAACA	ok	True
chr3	8113175	8113176	+	0.42029	mod_ratio	276	294	A	AAACT	ok	True
chr3	8113643	8113644	+	0.134021	mod_ratio	291	325	A	GAACA	ok	True
chr3	8113920	8113921	+	0.471338	mod_ratio	314	359	A	AAACC	ok	True
chr3	8114123	8114124	+	0.443548	mod_ratio	124	393	A	AGACT	ok	True
chr3	8114269	8114270	+	0.621333	mod_ratio	375	422	A	AAACG	ok	False
chr3	8114329	8114330	+	0.508685	mod_ratio	403	432	A	GAACG	ok	False
chr3	8114445	8114446	+	0.286932	mod_ratio	352	447	A	AGACG	ok	False
chr3	8114633	8114634	+	0.529412	mod_ratio	408	471	A	AGACG	ok	False
chr3	8114735	8114736	+	0.80829	mod_ratio	386	476	A	AGACA	ok	True
chr3	8114740	8114741	+	0.284738	mod_ratio	439	480	A	AAACT	ok	True
chr3	8114899	8114900	+	0.28223	mod_ratio	287	378	A	AAACT	ok	True
chr3	8114921	8114922	+	0.388112	mod_ratio	286	376	A	AAACT	ok	True
chr3	8114942	8114943	+	0.811881	mod_ratio	303	362	A	AAACG	ok	False
chr3	8137422	8137423	-	0.833333	mod_ratio	30	34	T	CGTTT	ok	False
chr3	8140123	8140124	+	0.853659	mod_ratio	41	57	A	GAACG	ok	False
chr3	8141091	8141092	+	0.333333	mod_ratio	72	79	A	AAACC	ok	True
chr3	8141184	8141185	+	0.623188	mod_ratio	69	81	A	AGACA	ok	True
chr3	8141229	8141230	+	0.557377	mod_ratio	61	81	A	GGACA	ok	True
chr3	8141304	8141305	+	0.671053	mod_ratio	76	83	A	AAACG	ok	False
chr3	8141351	8141352	+	0.734375	mod_ratio	64	88	A	AGACA	ok	True
chr3	8141601	8141602	+	0.709302	mod_ratio	86	95	A	AAACC	ok	True
chr3	8141643	8141644	+	0.651685	mod_ratio	89	99	A	AGACG	ok	False
chr3	8141664	8141665	+	0.247312	mod_ratio	93	100	A	GAACA	ok	True
chr3	8141669	8141670	+	0.333333	mod_ratio	90	95	A	AAACA	ok	True
chr3	8141733	8141734	+	0.712644	mod_ratio	87	102	A	GGACA	ok	True
chr3	8141760	8141761	+	0.260417	mod_ratio	96	103	A	GAACG	ok	False
chr3	8141843	8141844	+	0.506494	mod_ratio	77	100	A	AGACT	ok	True
chr3	8172730	8172731	+	0.318182	mod_ratio	88	95	A	GAACT	ok	True
chr3	8172906	8172907	+	0.406977	mod_ratio	86	98	A	AAACA	ok	True
chr3	8172964	8172965	+	0.292135	mod_ratio	89	99	A	GAACT	ok	True
chr3	8173080	8173081	+	0.397436	mod_ratio	78	101	A	AGACG	ok	False
chr3	8173105	8173106	+	0.26087	mod_ratio	92	102	A	AAACC	ok	True
chr3	8173188	8173189	+	0.8	mod_ratio	85	102	A	AAACG	ok	False
chr3	8173469	8173470	+	0.924731	mod_ratio	93	100	A	AAACA	ok	True
chr3	8194887	8194888	+	0.292453	mod_ratio	106	121	A	AAACC	ok	True
chr3	8194945	8194946	+	0.307018	mod_ratio	114	125	A	AAACG	ok	False
chr3	8196881	8196882	+	0.273504	mod_ratio	117	149	A	AAACT	ok	True
chr3	8335806	8335807	+	1	mod_ratio	31	35	A	AGACA	ok	True
chr3	8346885	8346886	+	0.527273	mod_ratio	55	68	A	AAACA	ok	True
chr3	8347001	8347002	+	0.615385	mod_ratio	39	65	A	AAACA	ok	True
chr3	8375661	8375662	+	0.100228	mod_ratio	439	568	A	AGACA	ok	True
chr3	8375740	8375741	+	0.196787	mod_ratio	498	578	A	AGACA	ok	True
chr3	8375802	8375803	+	0.220202	mod_ratio	495	581	A	AGACT	ok	True
chr3	8376010	8376011	+	0.661323	mod_ratio	499	574	A	AGACC	ok	True
chr3	8376301	8376302	+	0.20354	mod_ratio	113	561	A	AGATT	ok	False
chr3	8376669	8376670	-	0.367816	mod_ratio	87	191	T	TGTCC	ok	True
chr3	8376724	8376725	-	0.488764	mod_ratio	178	190	T	AGTTC	ok	True
chr3	8376732	8376733	-	0.451807	mod_ratio	166	187	T	GGTTT	ok	True
chr3	8376743	8376744	-	0.40884	mod_ratio	181	193	T	GGTCT	ok	True
chr3	8377582	8377583	-	0.242857	mod_ratio	140	175	T	CGTCC	ok	False
chr3	8377707	8377708	-	0.51049	mod_ratio	143	162	T	AGTTT	ok	True
chr3	8377772	8377773	-	0.811475	mod_ratio	122	142	T	TGTTT	ok	True
chr3	8377961	8377962	-	0.438849	mod_ratio	139	155	T	AGTTT	ok	True
chr3	8378070	8378071	-	0.47973	mod_ratio	148	157	T	GGTTT	ok	True
chr3	8423085	8423086	-	0.521739	mod_ratio	69	108	T	GGTTT	ok	True
chr3	8423095	8423096	-	0.306931	mod_ratio	101	164	T	GTTTT	ok	False
chr3	8423099	8423100	-	0.58871	mod_ratio	124	152	T	TGTTT	ok	True
chr3	8423367	8423368	-	0.32716	mod_ratio	162	178	T	TGTTC	ok	True
chr3	8424157	8424158	-	0.189542	mod_ratio	153	170	T	GGTTC	ok	True
chr3	8424217	8424218	-	0.138365	mod_ratio	159	168	T	AGTTC	ok	True
chr3	8424263	8424264	-	0.183673	mod_ratio	147	166	T	TGTCC	ok	True
chr3	8424268	8424269	-	0.52518	mod_ratio	139	166	T	GGTTT	ok	True
chr3	8442221	8442222	+	0.911765	mod_ratio	34	35	A	AGACA	ok	True
chr3	8457863	8457864	-	0.659091	mod_ratio	44	55	T	CGTCT	ok	False
chr3	8458041	8458042	-	0.666667	mod_ratio	42	62	T	CGTTT	ok	False
chr3	8458334	8458335	-	0.48	mod_ratio	50	60	T	GGTTT	ok	True
chr3	8461858	8461859	+	0.897436	mod_ratio	39	45	A	AAACG	ok	False
chr3	8462074	8462075	+	0.836735	mod_ratio	49	51	A	AGACA	ok	True
chr3	8473840	8473841	+	0.321678	mod_ratio	143	173	A	GGACC	ok	True
chr3	8474608	8474609	+	0.517647	mod_ratio	170	205	A	GGACA	ok	True
chr3	8474612	8474613	+	0.131148	mod_ratio	183	205	A	AGACC	ok	True
chr3	8474827	8474828	+	0.344633	mod_ratio	177	206	A	AAACC	ok	True
chr3	8474840	8474841	+	0.561111	mod_ratio	180	207	A	AAACC	ok	True
chr3	8475005	8475006	+	0.229167	mod_ratio	192	216	A	GAACT	ok	True
chr3	8481303	8481304	+	0.675	mod_ratio	40	47	A	AGACC	ok	True
chr3	8481770	8481771	+	0.444444	mod_ratio	54	58	A	AAACT	ok	True
chr3	8529265	8529266	-	1	mod_ratio	25	31	T	CGTTT	ok	False
chr3	8531521	8531522	-	0.5625	mod_ratio	64	88	T	GGTTT	ok	True
chr3	8531597	8531598	-	0.533333	mod_ratio	60	85	T	AGTCT	ok	True
chr3	8531630	8531631	-	0.315217	mod_ratio	92	101	T	AGTTT	ok	True
chr3	8531673	8531674	-	0.273684	mod_ratio	95	104	T	AGTCT	ok	True
chr3	8532425	8532426	-	0.406593	mod_ratio	91	99	T	TGTTC	ok	True
chr3	8532556	8532557	-	0.487805	mod_ratio	82	99	T	TGTCT	ok	True
chr3	8532563	8532564	-	0.322222	mod_ratio	90	98	T	TGTTT	ok	True
chr3	8532591	8532592	-	0.26506	mod_ratio	83	98	T	TGTTT	ok	True
chr3	8532998	8532999	-	0.712121	mod_ratio	66	79	T	CGTTT	ok	False
chr3	8533159	8533160	-	0.453125	mod_ratio	64	85	T	AGTTT	ok	True
chr3	8533548	8533549	-	0.370968	mod_ratio	62	79	T	AGTTT	ok	True
chr3	8563303	8563304	-	0.823529	mod_ratio	34	40	T	GGTCT	ok	True
chr3	8586682	8586683	+	0.5375	mod_ratio	80	95	A	AAACT	ok	True
chr3	8586714	8586715	+	0.62963	mod_ratio	81	98	A	AAACC	ok	True
chr3	8586825	8586826	+	0.564103	mod_ratio	39	100	A	AAACA	ok	True
chr3	8586858	8586859	+	0.714286	mod_ratio	84	98	A	AAACT	ok	True
chr3	8587725	8587726	-	0.429825	mod_ratio	114	135	T	TGTTT	ok	True
chr3	8588096	8588097	-	0.118644	mod_ratio	295	331	T	AGTCT	ok	True
chr3	8588147	8588148	-	0.184211	mod_ratio	266	292	T	TGTTT	ok	True
chr3	8588196	8588197	-	0.450355	mod_ratio	282	318	T	CGTTC	ok	False
chr3	8588261	8588262	-	0.121673	mod_ratio	263	308	T	TGTCC	ok	True
chr3	8588347	8588348	-	0.186235	mod_ratio	247	304	T	GGTCT	ok	True
chr3	8588369	8588370	-	0.885496	mod_ratio	262	297	T	CGTTT	ok	False
chr3	8588386	8588387	-	0.891791	mod_ratio	268	292	T	GGTCT	ok	True
chr3	8588624	8588625	-	0.513889	mod_ratio	72	272	T	GTTTT	ok	False
chr3	8589123	8589124	-	0.188073	mod_ratio	218	243	T	CGTCT	ok	False
chr3	8589393	8589394	-	0.192308	mod_ratio	208	225	T	GGTCT	ok	True
chr3	8589472	8589473	-	0.210256	mod_ratio	195	219	T	GGTTT	ok	True
chr3	8589530	8589531	-	0.804233	mod_ratio	189	218	T	GGTCC	ok	True
chr3	8589650	8589651	-	0.513514	mod_ratio	74	210	T	GTTTT	ok	False
chr3	8603946	8603947	+	0.877551	mod_ratio	49	62	A	AGACA	ok	True
chr3	8603964	8603965	+	1	mod_ratio	52	62	A	AAACG	ok	False
chr3	8604111	8604112	+	0.509091	mod_ratio	55	63	A	AGACA	ok	True
chr3	8604257	8604258	+	0.571429	mod_ratio	49	59	A	AAACC	ok	True
chr3	8604409	8604410	+	0.385965	mod_ratio	57	72	A	GAACA	ok	True
chr3	8604614	8604615	+	0.539683	mod_ratio	63	80	A	GGACA	ok	True
chr3	8604683	8604684	+	0.5	mod_ratio	72	83	A	AGACA	ok	True
chr3	8605110	8605111	+	0.280899	mod_ratio	89	106	A	GGACA	ok	True
chr3	8605405	8605406	+	0.854545	mod_ratio	55	61	A	AAACC	ok	True
chr3	8606646	8606647	-	0.612245	mod_ratio	49	68	T	AGTTT	ok	True
chr3	8607641	8607642	-	0.473684	mod_ratio	57	72	T	TGTCT	ok	True
chr3	8642198	8642199	+	0.433333	mod_ratio	60	63	A	GAACT	ok	True
chr3	8643205	8643206	+	0.785714	mod_ratio	70	74	A	GGACC	ok	True
chr3	8643811	8643812	+	0.270833	mod_ratio	96	99	A	GAACA	ok	True
chr3	8643822	8643823	+	0.366667	mod_ratio	60	99	A	AGACG	ok	False
chr3	8643975	8643976	+	0.361702	mod_ratio	94	104	A	AAACA	ok	True
chr3	8644098	8644099	+	0.254717	mod_ratio	106	118	A	AGACT	ok	True
chr3	8650924	8650925	+	0.83871	mod_ratio	31	33	A	AGACC	ok	True
chr3	8669542	8669543	+	0.44	mod_ratio	50	55	A	GGACG	ok	False
chr3	8670200	8670201	+	0.934426	mod_ratio	61	68	A	GGACA	ok	True
chr3	8670241	8670242	+	0.413793	mod_ratio	58	69	A	AAACC	ok	True
chr3	8670346	8670347	+	0.870968	mod_ratio	62	70	A	AGACG	ok	False
chr3	8671071	8671072	+	0.41791	mod_ratio	67	76	A	GGACG	ok	False
chr3	8671263	8671264	+	0.458333	mod_ratio	72	80	A	GAACT	ok	True
chr3	8672047	8672048	+	0.582418	mod_ratio	91	107	A	GGACA	ok	True
chr3	8672410	8672411	+	0.5	mod_ratio	58	102	A	AAACA	ok	True
chr3	8703808	8703809	+	0.196581	mod_ratio	117	135	A	GAACC	ok	True
chr3	8704152	8704153	+	0.428571	mod_ratio	63	122	A	AAACT	ok	True
chr3	8704158	8704159	+	0.224299	mod_ratio	107	135	A	AGACT	ok	True
chr3	8704181	8704182	+	0.571429	mod_ratio	70	126	A	AAACC	ok	True
chr3	8726975	8726976	+	0.333333	mod_ratio	102	109	A	AAACC	ok	True
chr3	8727335	8727336	+	0.490566	mod_ratio	106	115	A	AGACA	ok	True
chr3	8727784	8727785	+	0.868421	mod_ratio	114	124	A	AGACA	ok	True
chr3	8727850	8727851	+	0.446809	mod_ratio	94	126	A	GGACG	ok	False
chr3	8728647	8728648	+	0.173228	mod_ratio	127	135	A	GAACT	ok	True
chr3	8729031	8729032	+	0.62406	mod_ratio	133	150	A	AAACA	ok	True
chr3	8729044	8729045	+	0.75	mod_ratio	140	150	A	AAACG	ok	False
chr3	8729135	8729136	+	0.345865	mod_ratio	133	151	A	AAACC	ok	True
chr3	8729171	8729172	+	0.459259	mod_ratio	135	150	A	AAACT	ok	True
chr3	8729290	8729291	+	0.385965	mod_ratio	57	80	A	AGACC	ok	True
chr3	8729300	8729301	+	0.706897	mod_ratio	58	79	A	GGACA	ok	True
chr3	8729569	8729570	-	0.403974	mod_ratio	151	193	T	AGTTC	ok	True
chr3	8729603	8729604	-	0.263158	mod_ratio	152	217	T	GTTTT	ok	False
chr3	8729695	8729696	-	0.701754	mod_ratio	171	221	T	TGTCT	ok	True
chr3	8729772	8729773	-	0.867816	mod_ratio	174	226	T	TGTCT	ok	True
chr3	8729779	8729780	-	0.443182	mod_ratio	176	226	T	GGTTT	ok	True
chr3	8729785	8729786	-	0.285	mod_ratio	200	225	T	GGTTT	ok	True
chr3	8729800	8729801	-	0.28022	mod_ratio	182	226	T	CGTCT	ok	False
chr3	8730372	8730373	-	0.345679	mod_ratio	162	206	T	CGTCT	ok	False
chr3	8730592	8730593	-	0.227778	mod_ratio	180	202	T	TGTTC	ok	True
chr3	8731235	8731236	-	0.344	mod_ratio	125	182	T	GGTTT	ok	True
chr3	8731275	8731276	-	0.329341	mod_ratio	167	182	T	AGTTC	ok	True
chr3	8731434	8731435	-	0.303571	mod_ratio	168	183	T	AGTTC	ok	True
chr3	8731887	8731888	-	0.551724	mod_ratio	87	130	T	GTTTT	ok	False
chr3	8732656	8732657	-	0.349593	mod_ratio	123	150	T	TGTCC	ok	True
chr3	8732743	8732744	-	0.991736	mod_ratio	121	147	T	TGTCT	ok	True
chr3	8732839	8732840	-	0.576271	mod_ratio	118	139	T	AGTCT	ok	True
chr3	8733798	8733799	-	0.369369	mod_ratio	111	127	T	CGTTC	ok	False
chr3	8744912	8744913	+	0.736842	mod_ratio	38	54	A	GGACA	ok	True
chr3	8745237	8745238	+	0.444444	mod_ratio	54	56	A	GAACA	ok	True
chr3	8745431	8745432	+	0.714286	mod_ratio	56	57	A	AAACC	ok	True
chr3	8746093	8746094	+	0.784314	mod_ratio	51	60	A	AGACG	ok	False
chr3	8746339	8746340	+	0.418182	mod_ratio	55	64	A	AAACT	ok	True
chr3	8746935	8746936	+	0.884058	mod_ratio	69	86	A	AGACA	ok	True
chr3	8746981	8746982	+	0.35443	mod_ratio	79	89	A	GGACC	ok	True
chr3	8746995	8746996	+	0.291139	mod_ratio	79	86	A	AAACA	ok	True
chr3	8747312	8747313	+	0.611765	mod_ratio	85	95	A	AAACG	ok	False
chr3	8747352	8747353	+	0.512195	mod_ratio	82	96	A	GGACC	ok	True
chr3	8747715	8747716	+	0.54321	mod_ratio	81	98	A	AAACT	ok	True
chr3	8748242	8748243	-	0.766667	mod_ratio	30	33	T	CGTCT	ok	False
chr3	8869194	8869195	-	0.666667	mod_ratio	60	66	T	CGTCT	ok	False
chr3	8869200	8869201	-	0.403226	mod_ratio	62	65	T	AGTTT	ok	True
chr3	8869696	8869697	-	0.595745	mod_ratio	47	57	T	GGTCT	ok	True
chr3	8871758	8871759	-	0.864865	mod_ratio	37	45	T	TGTCC	ok	True
chr3	8872001	8872002	-	0.74359	mod_ratio	39	43	T	CGTTT	ok	False
chr3	8886176	8886177	-	0.757576	mod_ratio	33	39	T	CGTTT	ok	False
chr3	8918889	8918890	+	0.88	mod_ratio	50	65	A	AAACG	ok	False
chr3	8919074	8919075	+	0.850746	mod_ratio	67	87	A	AAACA	ok	True
chr3	8919176	8919177	+	0.734375	mod_ratio	64	84	A	AAACT	ok	True
chr3	8919205	8919206	+	0.902778	mod_ratio	72	86	A	AAACG	ok	False
chr3	8919287	8919288	+	0.526316	mod_ratio	57	80	A	AAACA	ok	True
chr3	8919798	8919799	-	0.673077	mod_ratio	52	59	T	CGTCC	ok	False
chr3	8920003	8920004	-	0.833333	mod_ratio	54	57	T	CGTCC	ok	False
chr3	8920116	8920117	-	0.75	mod_ratio	48	56	T	GGTCC	ok	True
chr3	8920601	8920602	-	0.553191	mod_ratio	47	49	T	GGTCC	ok	True
chr3	8921054	8921055	-	0.666667	mod_ratio	33	40	T	CGTCC	ok	False
chr3	8963044	8963045	+	1	mod_ratio	26	30	A	AGACC	ok	True
chr3	8966655	8966656	-	0.585366	mod_ratio	41	46	T	AGTTT	ok	True
chr3	8966747	8966748	-	0.741935	mod_ratio	31	48	T	CGTCC	ok	False
chr3	8971469	8971470	+	0.85	mod_ratio	40	48	A	AAACG	ok	False
chr3	8971938	8971939	+	0.613636	mod_ratio	44	50	A	GGACG	ok	False
chr3	8971967	8971968	+	0.878049	mod_ratio	41	50	A	AAACA	ok	True
chr3	9064716	9064717	+	0.108889	mod_ratio	450	508	A	GGACA	ok	True
chr3	9064821	9064822	+	0.36044	mod_ratio	455	527	A	AAACC	ok	True
chr3	9065180	9065181	+	0.117773	mod_ratio	467	540	A	AGACC	ok	True
chr3	9065418	9065419	+	0.443709	mod_ratio	453	559	A	GGACG	ok	False
chr3	9065444	9065445	+	0.287091	mod_ratio	519	567	A	GAACC	ok	True
chr3	9065828	9065829	+	0.434511	mod_ratio	481	566	A	AAACT	ok	True
chr3	9125887	9125888	+	0.509091	mod_ratio	55	62	A	AAACA	ok	True
chr3	9155998	9155999	+	0.758621	mod_ratio	29	36	A	AAACT	ok	True
chr3	9156410	9156411	+	0.605263	mod_ratio	38	42	A	GGACT	ok	True
chr3	9156445	9156446	+	0.666667	mod_ratio	36	45	A	GGACA	ok	True
chr3	9156585	9156586	+	0.775	mod_ratio	40	45	A	GGACC	ok	True
chr3	9183791	9183792	+	0.586207	mod_ratio	87	95	A	GAACT	ok	True
chr3	9183845	9183846	+	0.529412	mod_ratio	85	96	A	GAACT	ok	True
chr3	9183977	9183978	+	0.595238	mod_ratio	84	96	A	GGACC	ok	True
chr3	9188606	9188607	+	0.870968	mod_ratio	31	49	A	GGACA	ok	True
chr3	9188828	9188829	+	0.615385	mod_ratio	39	49	A	AGACG	ok	False
chr3	9188955	9188956	+	0.688889	mod_ratio	45	51	A	GGACA	ok	True
chr3	9189382	9189383	+	0.675676	mod_ratio	37	51	A	AAACC	ok	True
chr3	9189841	9189842	+	0.657534	mod_ratio	73	80	A	AAACA	ok	True
chr3	9190097	9190098	+	0.527027	mod_ratio	74	80	A	AAACT	ok	True
chr3	9190249	9190250	+	0.794118	mod_ratio	68	81	A	GGACA	ok	True
chr3	9190517	9190518	+	0.881579	mod_ratio	76	94	A	AAACG	ok	False
chr3	9191023	9191024	+	0.480392	mod_ratio	102	109	A	AAACT	ok	True
chr3	9191263	9191264	+	0.434783	mod_ratio	69	98	A	AGACA	ok	True
chr3	9191271	9191272	+	0.353659	mod_ratio	82	105	A	AGACT	ok	True
chr3	9191280	9191281	+	0.513514	mod_ratio	74	114	A	AAACA	ok	True
chr3	9191359	9191360	+	0.5	mod_ratio	60	82	A	AAACC	ok	True
chr3	9233058	9233059	+	0.851064	mod_ratio	47	52	A	AGACC	ok	True
chr3	9235003	9235004	+	0.745455	mod_ratio	55	68	A	AAACC	ok	True
chr3	9235341	9235342	-	0.659091	mod_ratio	44	58	T	GGTCT	ok	True
chr3	9235405	9235406	-	0.5	mod_ratio	56	61	T	GGTCT	ok	True
chr3	9235627	9235628	-	0.444444	mod_ratio	54	59	T	TGTTT	ok	True
chr3	9236386	9236387	-	0.575	mod_ratio	40	45	T	GGTCT	ok	True
chr3	9269445	9269446	-	0.264368	mod_ratio	87	602	T	AATCC	ok	False
chr3	9269485	9269486	-	0.218009	mod_ratio	211	344	T	TGTTT	ok	True
chr3	9269486	9269487	-	0.244541	mod_ratio	458	735	T	GTTTT	ok	False
chr3	9269491	9269492	-	0.405159	mod_ratio	659	749	T	AGTCT	ok	True
chr3	9269668	9269669	-	0.229373	mod_ratio	606	776	T	AGTTT	ok	True
chr3	9269795	9269796	-	0.77003	mod_ratio	674	767	T	GGTTT	ok	True
chr3	9269804	9269805	-	0.201493	mod_ratio	134	766	T	GTTTT	ok	False
chr3	9269908	9269909	-	0.249603	mod_ratio	629	720	T	AGTTT	ok	True
chr3	9269952	9269953	-	0.55574	mod_ratio	601	734	T	AGTTT	ok	True
chr3	9270228	9270229	-	0.192675	mod_ratio	628	707	T	GGTCC	ok	True
chr3	9270238	9270239	-	0.131481	mod_ratio	540	706	T	AGTCC	ok	True
chr3	9270581	9270582	-	0.337268	mod_ratio	593	672	T	AGTTT	ok	True
chr3	9270616	9270617	-	0.236697	mod_ratio	545	626	T	AGTTC	ok	True
chr3	9270743	9270744	-	0.544815	mod_ratio	569	662	T	TGTCT	ok	True
chr3	9271329	9271330	-	0.164122	mod_ratio	524	557	T	TGTTT	ok	True
chr3	9271856	9271857	-	0.62963	mod_ratio	54	130	T	TGTTT	ok	True
chr3	9272222	9272223	-	0.545455	mod_ratio	132	159	T	TGTTT	ok	True
chr3	9272600	9272601	-	0.373832	mod_ratio	107	148	T	TGTCC	ok	True
chr3	9272995	9272996	-	0.313043	mod_ratio	115	128	T	AGTCT	ok	True
chr3	9273425	9273426	-	0.638889	mod_ratio	108	125	T	TGTTC	ok	True
chr3	9341185	9341186	-	1	mod_ratio	31	38	T	TGTCT	ok	True
chr3	9354827	9354828	+	0.767442	mod_ratio	43	46	A	AAACG	ok	False
chr3	9354910	9354911	+	0.744186	mod_ratio	43	46	A	AGACG	ok	False
chr3	9355098	9355099	+	0.622222	mod_ratio	45	50	A	AAACT	ok	True
chr3	9355136	9355137	+	0.469388	mod_ratio	49	53	A	AAACA	ok	True
chr3	9355464	9355465	+	0.822222	mod_ratio	45	59	A	AAACG	ok	False
chr3	9355740	9355741	+	0.52381	mod_ratio	63	66	A	AAACA	ok	True
chr3	9355775	9355776	+	0.595745	mod_ratio	47	68	A	AAACG	ok	False
chr3	9355843	9355844	+	0.474576	mod_ratio	59	71	A	AAACA	ok	True
chr3	9355982	9355983	+	0.363636	mod_ratio	66	75	A	AGACA	ok	True
chr3	9356082	9356083	+	0.431034	mod_ratio	58	77	A	AAACT	ok	True
chr3	9356232	9356233	+	0.5	mod_ratio	66	84	A	AAACG	ok	False
chr3	9356493	9356494	+	0.55102	mod_ratio	49	83	A	AAACG	ok	False
chr3	9356935	9356936	+	0.493827	mod_ratio	81	98	A	AAACA	ok	True
chr3	9357429	9357430	+	0.604396	mod_ratio	91	115	A	AAACG	ok	False
chr3	9357479	9357480	+	0.247619	mod_ratio	105	115	A	GAACA	ok	True
chr3	9357691	9357692	+	0.851852	mod_ratio	108	117	A	AAACT	ok	True
chr3	9375507	9375508	-	0.857143	mod_ratio	56	66	T	CGTTT	ok	False
chr3	9406925	9406926	+	0.631579	mod_ratio	38	47	A	AAACC	ok	True
chr3	9407182	9407183	+	0.745455	mod_ratio	55	70	A	AAACG	ok	False
chr3	9407381	9407382	+	0.589286	mod_ratio	56	71	A	AAACG	ok	False
chr3	9460985	9460986	+	0.896552	mod_ratio	29	35	A	AAACA	ok	True
chr3	9462613	9462614	+	0.385965	mod_ratio	57	61	A	AAACA	ok	True
chr3	9490759	9490760	+	0.69697	mod_ratio	33	41	A	GGACA	ok	True
chr3	9491096	9491097	-	0.387755	mod_ratio	196	251	T	TGTTC	ok	True
chr3	9491114	9491115	-	0.880597	mod_ratio	268	343	T	CGTTT	ok	False
chr3	9491352	9491353	-	0.183486	mod_ratio	545	635	T	GGTTC	ok	True
chr3	9491693	9491694	-	0.135081	mod_ratio	496	574	T	TGTTT	ok	True
chr3	9492058	9492059	-	0.285366	mod_ratio	410	532	T	AGTTT	ok	True
chr3	9492084	9492085	-	0.588235	mod_ratio	476	562	T	AGTTT	ok	True
chr3	9492169	9492170	-	0.189427	mod_ratio	454	544	T	TGTCC	ok	True
chr3	9492226	9492227	-	0.838384	mod_ratio	396	527	T	GGTCC	ok	True
chr3	9492285	9492286	-	0.83376	mod_ratio	391	524	T	CGTTT	ok	False
chr3	9492307	9492308	-	0.160521	mod_ratio	461	516	T	GGTCT	ok	True
chr3	9492326	9492327	-	0.264574	mod_ratio	446	510	T	GGTTT	ok	True
chr3	9492333	9492334	-	0.782477	mod_ratio	331	394	T	CGTTT	ok	False
chr3	9492334	9492335	-	0.857143	mod_ratio	98	511	T	GTTTT	ok	False
chr3	9492342	9492343	-	0.151376	mod_ratio	436	503	T	GGTTT	ok	True
chr3	9492352	9492353	-	0.41623	mod_ratio	382	474	T	AGTTT	ok	True
chr3	9493754	9493755	-	0.733333	mod_ratio	30	41	T	TGTTT	ok	True
chr3	9519010	9519011	+	0.962963	mod_ratio	27	34	A	AGACA	ok	True
chr3	9519413	9519414	+	0.88	mod_ratio	25	38	A	AAACA	ok	True
chr3	9524875	9524876	+	0.144231	mod_ratio	208	234	A	AGACC	ok	True
chr3	9525537	9525538	+	0.869748	mod_ratio	238	271	A	AAACG	ok	False
chr3	9525608	9525609	+	0.179167	mod_ratio	240	282	A	AAACC	ok	True
chr3	9525737	9525738	+	0.408397	mod_ratio	262	283	A	AGACT	ok	True
chr3	9525924	9525925	+	0.521277	mod_ratio	188	245	A	AAACT	ok	True
chr3	9526037	9526038	+	0.521583	mod_ratio	278	311	A	AAACG	ok	False
chr3	9526083	9526084	+	0.380567	mod_ratio	247	306	A	AAACA	ok	True
chr3	9526096	9526097	+	0.157303	mod_ratio	267	307	A	AGACC	ok	True
chr3	9526183	9526184	+	0.61991	mod_ratio	221	279	A	AGACC	ok	True
chr3	9526873	9526874	+	0.7	mod_ratio	80	130	A	AAACG	ok	False
chr3	9526988	9526989	+	0.730435	mod_ratio	115	174	A	AGACA	ok	True
chr3	9527112	9527113	+	0.163636	mod_ratio	165	180	A	AAACA	ok	True
chr3	9527118	9527119	+	0.135802	mod_ratio	162	181	A	AAACA	ok	True
chr3	9527127	9527128	+	0.289941	mod_ratio	169	182	A	AAACA	ok	True
chr3	9527160	9527161	+	0.29697	mod_ratio	165	185	A	GAACG	ok	False
chr3	9527529	9527530	+	0.299465	mod_ratio	187	199	A	AAACC	ok	True
chr3	9527594	9527595	+	0.239669	mod_ratio	121	199	A	AAACA	ok	True
chr3	9527807	9527808	+	0.141243	mod_ratio	177	206	A	AAACC	ok	True
chr3	9527837	9527838	+	0.248588	mod_ratio	177	209	A	AAACT	ok	True
chr3	9528030	9528031	+	0.196319	mod_ratio	163	194	A	GAACT	ok	True
chr3	9528207	9528208	+	0.510309	mod_ratio	194	220	A	AAACA	ok	True
chr3	9528317	9528318	+	0.805882	mod_ratio	170	207	A	AGACG	ok	False
chr3	9673295	9673296	+	0.484375	mod_ratio	64	91	A	AAACT	ok	True
chr3	9673382	9673383	+	0.779661	mod_ratio	59	81	A	AGACA	ok	True
chr3	9681494	9681495	-	0.180887	mod_ratio	293	337	T	GGTTC	ok	True
chr3	9681661	9681662	-	0.223776	mod_ratio	286	332	T	GGTTC	ok	True
chr3	9681821	9681822	-	0.185714	mod_ratio	280	309	T	CGTCT	ok	False
chr3	9683123	9683124	-	0.218623	mod_ratio	247	295	T	AGTTC	ok	True
chr3	9683150	9683151	-	0.793103	mod_ratio	261	296	T	TGTCC	ok	True
chr3	9683242	9683243	-	0.363248	mod_ratio	234	260	T	TGTTT	ok	True
chr3	9683253	9683254	-	0.207171	mod_ratio	251	272	T	CGTTC	ok	False
chr3	9712008	9712009	-	0.263736	mod_ratio	91	118	T	GGTTT	ok	True
chr3	9712568	9712569	-	0.4	mod_ratio	95	108	T	AGTTC	ok	True
chr3	9722552	9722553	-	0.796992	mod_ratio	266	1697	T	GTTTT	ok	False
chr3	9722582	9722583	-	0.628571	mod_ratio	35	1882	T	AATAC	ok	False
chr3	9722888	9722889	-	0.530435	mod_ratio	115	1936	T	GGTCC	ok	True
chr3	9722894	9722895	-	0.205566	mod_ratio	1581	1944	T	CGTCC	ok	False
chr3	9722913	9722914	-	0.538168	mod_ratio	1572	1938	T	GGTCC	ok	True
chr3	9723011	9723012	-	0.11	mod_ratio	1700	1841	T	TGTTC	ok	True
chr3	9723100	9723101	-	0.571523	mod_ratio	1510	1618	T	CGTTT	ok	False
chr3	9723554	9723555	-	0.6875	mod_ratio	32	1581	T	TGTCA	ok	True
chr3	9723689	9723690	-	0.186699	mod_ratio	1248	1446	T	TGTTT	ok	True
chr3	9756413	9756414	+	0.37931	mod_ratio	58	73	A	AGACA	ok	True
chr3	9756449	9756450	+	0.346667	mod_ratio	75	83	A	AAACC	ok	True
chr3	9756594	9756595	+	0.2875	mod_ratio	80	94	A	AAACT	ok	True
chr3	9756704	9756705	+	0.7375	mod_ratio	80	97	A	AAACG	ok	False
chr3	9756855	9756856	+	0.821429	mod_ratio	84	102	A	GGACA	ok	True
chr3	9756926	9756927	+	0.354167	mod_ratio	96	103	A	GAACA	ok	True
chr3	9757156	9757157	+	0.264706	mod_ratio	102	110	A	GAACT	ok	True
chr3	9757620	9757621	+	0.275862	mod_ratio	87	118	A	GGACA	ok	True
chr3	9757804	9757805	+	0.215517	mod_ratio	116	132	A	AAACA	ok	True
chr3	9757983	9757984	+	0.581395	mod_ratio	129	149	A	GGACC	ok	True
chr3	9758015	9758016	+	0.849206	mod_ratio	126	152	A	AAACG	ok	False
chr3	9758501	9758502	+	0.52381	mod_ratio	42	88	A	AAACC	ok	True
chr3	9789552	9789553	+	0.92	mod_ratio	25	31	A	AGACC	ok	True
chr3	9790294	9790295	+	0.666667	mod_ratio	33	38	A	AAACA	ok	True
chr3	9795197	9795198	+	0.40678	mod_ratio	59	867	A	AAACC	ok	True
chr3	9795392	9795393	+	0.27395	mod_ratio	1190	1290	A	AAACT	ok	True
chr3	9795846	9795847	+	0.637154	mod_ratio	1265	1444	A	AAACC	ok	True
chr3	9796405	9796406	+	0.323212	mod_ratio	1482	1695	A	AGACG	ok	False
chr3	9796450	9796451	+	0.292337	mod_ratio	1553	1701	A	GAACA	ok	True
chr3	9796552	9796553	+	0.828912	mod_ratio	1508	1761	A	AAACG	ok	False
chr3	9796857	9796858	+	0.434141	mod_ratio	1693	1837	A	AAACT	ok	True
chr3	9796929	9796930	+	0.272727	mod_ratio	176	1711	A	AGACT	ok	True
chr3	9796970	9796971	+	0.681955	mod_ratio	1330	1688	A	AAACT	ok	True
chr3	9796979	9796980	+	0.522928	mod_ratio	1134	1366	A	AAACT	ok	True
chr3	9813751	9813752	+	0.146497	mod_ratio	157	183	A	AAACC	ok	True
chr3	9813866	9813867	+	0.522581	mod_ratio	155	187	A	AAACG	ok	False
chr3	9814096	9814097	+	0.153374	mod_ratio	163	192	A	AAACA	ok	True
chr3	9814715	9814716	+	0.925	mod_ratio	80	119	A	AAACG	ok	False
chr3	9827044	9827045	+	0.90625	mod_ratio	32	34	A	AAACG	ok	False
chr3	9827890	9827891	+	0.793103	mod_ratio	58	72	A	AAACC	ok	True
chr3	9827994	9827995	+	0.358209	mod_ratio	67	74	A	AAACA	ok	True
chr3	9828298	9828299	+	0.780822	mod_ratio	73	80	A	AAACG	ok	False
chr3	9849816	9849817	+	0.75	mod_ratio	32	39	A	AAACG	ok	False
chr3	9849821	9849822	+	0.821429	mod_ratio	28	39	A	GGACA	ok	True
chr3	9850240	9850241	+	0.853659	mod_ratio	41	43	A	AAACG	ok	False
chr3	9912633	9912634	-	0.910256	mod_ratio	78	89	T	TGTTT	ok	True
chr3	9913682	9913683	-	0.733333	mod_ratio	60	67	T	CGTTT	ok	False
chr3	9914339	9914340	-	0.431034	mod_ratio	58	76	T	AGTTC	ok	True
chr3	9961533	9961534	-	0.965517	mod_ratio	29	34	T	TGTTT	ok	True
chr3	9961640	9961641	-	0.758621	mod_ratio	29	37	T	GGTCC	ok	True
chr3	9978177	9978178	-	0.617021	mod_ratio	47	71	T	TTTTT	ok	False
chr3	9978196	9978197	-	0.935484	mod_ratio	62	78	T	CGTTT	ok	False
chr3	9978778	9978779	-	0.419753	mod_ratio	81	90	T	TGTTC	ok	True
chr3	9978793	9978794	-	0.617647	mod_ratio	68	90	T	TGTCC	ok	True
chr3	9978958	9978959	-	0.3	mod_ratio	80	86	T	AGTTC	ok	True
chr3	9980066	9980067	-	0.336735	mod_ratio	98	108	T	CGTTT	ok	False
chr3	9980105	9980106	-	0.333333	mod_ratio	99	111	T	AGTTC	ok	True
chr3	9980382	9980383	-	0.807229	mod_ratio	83	97	T	CGTTT	ok	False
chr3	9980414	9980415	-	0.566265	mod_ratio	83	96	T	CGTTT	ok	False
chr3	9980577	9980578	-	0.515625	mod_ratio	64	92	T	CGTTC	ok	False
chr3	9980648	9980649	-	0.394737	mod_ratio	76	87	T	TGTTT	ok	True
chr3	9981013	9981014	-	0.970588	mod_ratio	68	79	T	TGTCT	ok	True
chr3	9990023	9990024	+	0.214286	mod_ratio	126	151	A	GGACA	ok	True
chr3	9990061	9990062	+	0.373984	mod_ratio	123	154	A	AGACG	ok	False
chr3	9990180	9990181	+	0.691176	mod_ratio	136	155	A	AGACC	ok	True
chr3	9990463	9990464	+	0.293706	mod_ratio	143	171	A	AAACC	ok	True
chr3	9990555	9990556	+	0.881579	mod_ratio	152	175	A	AAACG	ok	False
chr3	9990673	9990674	+	0.436364	mod_ratio	165	177	A	AGACT	ok	True
chr3	9991362	9991363	+	0.485714	mod_ratio	175	201	A	AGACA	ok	True
chr3	9991413	9991414	+	0.934426	mod_ratio	122	210	A	AAACG	ok	False
chr3	9991483	9991484	+	0.492857	mod_ratio	140	208	A	AGACC	ok	True
chr3	9991689	9991690	+	0.306011	mod_ratio	183	215	A	AAACA	ok	True
chr3	9991725	9991726	+	0.296296	mod_ratio	81	108	A	AGACT	ok	True
chr3	9991735	9991736	+	0.647059	mod_ratio	102	129	A	AAACA	ok	True
chr3	9991790	9991791	+	0.333333	mod_ratio	90	103	A	AAACA	ok	True
chr3	10017590	10017591	+	0.603723	mod_ratio	376	411	A	AAACT	ok	True
chr3	10017595	10017596	+	0.514745	mod_ratio	373	411	A	AAACC	ok	True
chr3	10017689	10017690	+	0.338798	mod_ratio	366	419	A	AAACT	ok	True
chr3	10017922	10017923	+	0.234097	mod_ratio	393	485	A	AAACG	ok	False
chr3	10018855	10018856	+	0.462121	mod_ratio	396	475	A	AAACA	ok	True
chr3	10025723	10025724	+	1	mod_ratio	22	24	A	AAACA	ok	True
chr3	10055489	10055490	+	0.702703	mod_ratio	37	40	A	AGACC	ok	True
chr3	10055918	10055919	-	0.25	mod_ratio	88	156	T	GTTTT	ok	False
chr3	10055980	10055981	-	0.71134	mod_ratio	97	153	T	GGTCT	ok	True
chr3	10056006	10056007	-	0.528736	mod_ratio	87	150	T	GGTCT	ok	True
chr3	10057825	10057826	-	0.311321	mod_ratio	106	113	T	TGTTC	ok	True
chr3	10057867	10057868	-	0.490566	mod_ratio	106	113	T	AGTCC	ok	True
chr3	10087904	10087905	-	0.857143	mod_ratio	28	31	T	CGTTT	ok	False
chr3	10121344	10121345	+	0.506494	mod_ratio	77	84	A	GAACA	ok	True
chr3	10121397	10121398	+	0.507042	mod_ratio	71	84	A	AAACA	ok	True
chr3	10121511	10121512	+	0.342466	mod_ratio	73	86	A	GAACC	ok	True
chr3	10122759	10122760	+	0.5	mod_ratio	60	90	A	AAACC	ok	True
chr3	10127701	10127702	+	0.396825	mod_ratio	63	68	A	AAACT	ok	True
chr3	10129628	10129629	-	0.746667	mod_ratio	75	92	T	CGTCT	ok	False
chr3	10129859	10129860	-	0.346667	mod_ratio	75	83	T	TGTTC	ok	True
chr3	10130978	10130979	-	0.827586	mod_ratio	58	79	T	GGTTT	ok	True
chr3	10130995	10130996	-	0.568627	mod_ratio	51	103	T	GTTTT	ok	False
chr3	10131206	10131207	-	0.826087	mod_ratio	92	108	T	TGTTT	ok	True
chr3	10131251	10131252	-	0.354167	mod_ratio	96	111	T	GGTTC	ok	True
chr3	10132405	10132406	-	0.857143	mod_ratio	35	74	T	GTTTT	ok	False
chr3	10132588	10132589	-	0.342466	mod_ratio	73	88	T	GGTCC	ok	True
chr3	10132639	10132640	-	0.338235	mod_ratio	68	89	T	CGTTC	ok	False
chr3	10153026	10153027	+	0.5	mod_ratio	52	57	A	GAACA	ok	True
chr3	10153641	10153642	+	0.468085	mod_ratio	47	54	A	AAACA	ok	True
chr3	10154807	10154808	+	0.532258	mod_ratio	62	71	A	GAACC	ok	True
chr3	10214160	10214161	-	0.727273	mod_ratio	33	39	T	AGTTC	ok	True
chr3	10214266	10214267	-	0.884615	mod_ratio	26	38	T	GGTTC	ok	True
chr3	10214525	10214526	-	0.942857	mod_ratio	35	38	T	CGTTT	ok	False
chr3	10214572	10214573	-	0.676471	mod_ratio	34	35	T	GGTCT	ok	True
chr3	10216495	10216496	-	0.92	mod_ratio	25	26	T	CGTTT	ok	False
chr3	10256043	10256044	+	0.944444	mod_ratio	1044	1185	A	AAACG	ok	False
chr3	10256275	10256276	+	0.255102	mod_ratio	882	1290	A	GGACC	ok	True
chr3	10256280	10256281	+	0.147901	mod_ratio	1048	1289	A	AGACC	ok	True
chr3	10256299	10256300	+	0.229464	mod_ratio	1120	1290	A	GGACC	ok	True
chr3	10256313	10256314	+	0.110656	mod_ratio	244	1163	A	AAACA	ok	True
chr3	10256349	10256350	+	0.247312	mod_ratio	279	1295	A	AGACT	ok	True
chr3	10256361	10256362	+	0.446748	mod_ratio	1061	1282	A	GGACA	ok	True
chr3	10256484	10256485	+	0.274557	mod_ratio	1242	1391	A	AAACG	ok	False
chr3	10256565	10256566	+	0.558011	mod_ratio	181	1435	A	AAACC	ok	True
chr3	10256679	10256680	+	0.486239	mod_ratio	109	1499	A	TGACC	ok	True
chr3	10256715	10256716	+	0.1144	mod_ratio	1250	1515	A	GAACT	ok	True
chr3	10256769	10256770	+	0.216179	mod_ratio	1434	1536	A	AAACG	ok	False
chr3	10256865	10256866	+	0.113839	mod_ratio	448	1535	A	AGACC	ok	True
chr3	10256877	10256878	+	0.488971	mod_ratio	272	1523	A	TAACA	ok	True
chr3	10256959	10256960	+	0.717247	mod_ratio	1206	1462	A	AAACA	ok	True
chr3	10282142	10282143	-	0.95122	mod_ratio	41	52	T	TGTCT	ok	True
chr3	10282281	10282282	-	0.638889	mod_ratio	36	52	T	CGTCT	ok	False
chr3	10282475	10282476	-	0.581395	mod_ratio	43	48	T	CGTTT	ok	False
chr3	10285675	10285676	-	0.72973	mod_ratio	37	61	T	AGTTT	ok	True
chr3	10285713	10285714	-	0.758621	mod_ratio	29	41	T	TGTTT	ok	True
chr3	10285714	10285715	-	0.702703	mod_ratio	37	85	T	GTTTT	ok	False
chr3	10286033	10286034	-	0.546875	mod_ratio	64	83	T	TGTCT	ok	True
chr3	10286337	10286338	-	0.485714	mod_ratio	70	79	T	GGTTT	ok	True
chr3	10286571	10286572	-	0.413793	mod_ratio	58	78	T	GGTCC	ok	True
chr3	10287332	10287333	-	0.480769	mod_ratio	52	58	T	AGTTT	ok	True
chr3	10287503	10287504	-	0.833333	mod_ratio	48	59	T	CGTCT	ok	False
chr3	10317322	10317323	+	0.6125	mod_ratio	80	94	A	AAACT	ok	True
chr3	10317608	10317609	+	0.670588	mod_ratio	85	98	A	AAACT	ok	True
chr3	10317634	10317635	+	0.802326	mod_ratio	86	99	A	AAACC	ok	True
chr3	10317924	10317925	+	0.263158	mod_ratio	95	106	A	GAACT	ok	True
chr3	10317976	10317977	+	0.597222	mod_ratio	72	97	A	AAACT	ok	True
chr3	10318035	10318036	+	0.705882	mod_ratio	34	77	A	AAACG	ok	False
chr3	10318543	10318544	+	0.142857	mod_ratio	231	486	A	AAACT	ok	True
chr3	10318569	10318570	+	0.398601	mod_ratio	429	537	A	AAACA	ok	True
chr3	10318662	10318663	+	0.610442	mod_ratio	249	328	A	GAACC	ok	True
chr3	10318665	10318666	+	0.587302	mod_ratio	189	543	A	CCACC	ok	False
chr3	10318843	10318844	+	0.374179	mod_ratio	457	598	A	AGACA	ok	True
chr3	10325160	10325161	+	0.353222	mod_ratio	419	551	A	AGACA	ok	True
chr3	10350688	10350689	-	0.955556	mod_ratio	45	85	T	CGTTT	ok	False
chr3	10350732	10350733	-	0.407407	mod_ratio	54	88	T	TGTTT	ok	True
chr3	10350857	10350858	-	0.518519	mod_ratio	108	123	T	TGTTT	ok	True
chr3	10350947	10350948	-	0.222222	mod_ratio	99	122	T	GGTTT	ok	True
chr3	10351049	10351050	-	0.586538	mod_ratio	104	119	T	GGTTT	ok	True
chr3	10351073	10351074	-	0.252525	mod_ratio	99	117	T	GGTCT	ok	True
chr3	10366655	10366656	-	0.576923	mod_ratio	78	86	T	CGTTT	ok	False
chr3	10366668	10366669	-	0.385714	mod_ratio	70	87	T	CGTCC	ok	False
chr3	10367149	10367150	-	0.382353	mod_ratio	68	76	T	GGTCT	ok	True
chr3	10367966	10367967	-	0.40625	mod_ratio	64	70	T	GGTCT	ok	True
chr3	10368518	10368519	-	0.5	mod_ratio	52	64	T	AGTTT	ok	True
chr3	10368630	10368631	-	0.462963	mod_ratio	54	61	T	GGTTT	ok	True
chr3	10368691	10368692	-	0.885714	mod_ratio	35	63	T	CGTTT	ok	False
chr3	10368726	10368727	-	0.642857	mod_ratio	56	62	T	CGTTT	ok	False
chr3	10443849	10443850	+	0.571429	mod_ratio	49	51	A	AAACA	ok	True
chr3	10444493	10444494	+	0.666667	mod_ratio	51	56	A	GGACC	ok	True
chr3	10445301	10445302	+	0.902439	mod_ratio	41	70	A	AGACA	ok	True
chr3	10518393	10518394	+	0.848485	mod_ratio	33	36	A	AAACA	ok	True
chr3	10524483	10524484	+	0.630137	mod_ratio	73	80	A	AAACT	ok	True
chr3	10524711	10524712	+	0.487805	mod_ratio	82	103	A	AAACG	ok	False
chr3	10525214	10525215	+	0.726027	mod_ratio	73	116	A	AAACG	ok	False
chr3	10525232	10525233	+	0.460784	mod_ratio	102	119	A	AAACC	ok	True
chr3	10525259	10525260	+	0.737864	mod_ratio	103	122	A	AGACC	ok	True
chr3	10525410	10525411	+	0.465347	mod_ratio	101	131	A	GGACG	ok	False
chr3	10525439	10525440	+	0.259615	mod_ratio	104	132	A	AAACA	ok	True
chr3	10526124	10526125	+	0.516129	mod_ratio	124	138	A	GGACA	ok	True
chr3	10526213	10526214	+	0.39	mod_ratio	100	142	A	AAACC	ok	True
chr3	10526529	10526530	+	0.261194	mod_ratio	134	152	A	GAACC	ok	True
chr3	10538807	10538808	+	0.239264	mod_ratio	163	184	A	AAACT	ok	True
chr3	10538857	10538858	+	0.154321	mod_ratio	162	181	A	AGACT	ok	True
chr3	10538989	10538990	+	0.842424	mod_ratio	165	192	A	GGACA	ok	True
chr3	10539042	10539043	+	0.211429	mod_ratio	175	197	A	AGACT	ok	True
chr3	10539060	10539061	+	0.551136	mod_ratio	176	197	A	AAACT	ok	True
chr3	10539183	10539184	+	0.615385	mod_ratio	130	204	A	AAACA	ok	True
chr3	10539303	10539304	+	0.338542	mod_ratio	192	212	A	AGACT	ok	True
chr3	10539322	10539323	+	0.607843	mod_ratio	204	215	A	GGACG	ok	False
chr3	10539348	10539349	+	0.347826	mod_ratio	184	213	A	AAACT	ok	True
chr3	10539361	10539362	+	0.361446	mod_ratio	166	212	A	GAACG	ok	False
chr3	10539526	10539527	+	0.286385	mod_ratio	213	232	A	GAACA	ok	True
chr3	10539530	10539531	+	0.140097	mod_ratio	207	234	A	AAACA	ok	True
chr3	10539591	10539592	+	0.450893	mod_ratio	224	246	A	AAACC	ok	True
chr3	10539665	10539666	+	0.333333	mod_ratio	201	249	A	AAACT	ok	True
chr3	10775415	10775416	-	0.880952	mod_ratio	42	50	T	CGTTT	ok	False
chr3	10775466	10775467	-	0.809524	mod_ratio	63	71	T	CGTCT	ok	False
chr3	10778151	10778152	+	0.882353	mod_ratio	34	35	A	AGACG	ok	False
chr3	10778202	10778203	+	0.939394	mod_ratio	33	35	A	AAACG	ok	False
chr3	10902801	10902802	-	0.233766	mod_ratio	154	212	T	TGTCT	ok	True
chr3	10902824	10902825	-	0.157895	mod_ratio	171	207	T	AGTTT	ok	True
chr3	10903096	10903097	-	0.157895	mod_ratio	190	217	T	CGTTC	ok	False
chr3	10903131	10903132	-	0.564516	mod_ratio	186	214	T	GGTCT	ok	True
chr3	10904208	10904209	-	0.291429	mod_ratio	175	206	T	CGTCT	ok	False
chr3	10968589	10968590	-	0.524691	mod_ratio	162	182	T	GGTCT	ok	True
chr3	10969067	10969068	-	0.210884	mod_ratio	147	167	T	AGTCT	ok	True
chr3	10969251	10969252	-	0.239437	mod_ratio	142	161	T	GGTTC	ok	True
chr3	11155102	11155103	-	0.926829	mod_ratio	41	54	T	TGTCT	ok	True
chr3	11155166	11155167	-	0.586957	mod_ratio	46	60	T	TGTCT	ok	True
chr3	11155551	11155552	-	0.931034	mod_ratio	29	35	T	CGTTT	ok	False
chr3	11157107	11157108	-	0.5	mod_ratio	46	47	T	GGTTC	ok	True
chr3	11164407	11164408	-	0.820513	mod_ratio	39	43	T	CGTTT	ok	False
chr3	11164486	11164487	-	0.823529	mod_ratio	51	55	T	CGTTT	ok	False
chr3	11164757	11164758	-	0.818182	mod_ratio	55	61	T	TGTTC	ok	True
chr3	11166077	11166078	-	0.72973	mod_ratio	37	43	T	GGTTC	ok	True
chr3	11192227	11192228	+	0.165829	mod_ratio	199	229	A	GGACA	ok	True
chr3	11192344	11192345	+	0.799087	mod_ratio	219	244	A	AGACG	ok	False
chr3	11192393	11192394	+	0.774194	mod_ratio	186	241	A	GGACC	ok	True
chr3	11192422	11192423	+	0.437186	mod_ratio	199	240	A	AAACC	ok	True
chr3	11192470	11192471	+	0.813953	mod_ratio	215	242	A	AGACA	ok	True
chr3	11192481	11192482	+	0.252381	mod_ratio	210	244	A	GAACG	ok	False
chr3	11192491	11192492	+	0.763285	mod_ratio	207	249	A	AGACA	ok	True
chr3	11192498	11192499	+	0.318386	mod_ratio	223	255	A	AGACT	ok	True
chr3	11192560	11192561	+	0.585366	mod_ratio	41	296	A	AGACA	ok	True
chr3	11192591	11192592	+	0.649805	mod_ratio	257	297	A	AGACA	ok	True
chr3	11192619	11192620	+	0.454545	mod_ratio	253	305	A	GAACG	ok	False
chr3	11192754	11192755	+	0.228669	mod_ratio	293	322	A	GGACT	ok	True
chr3	11192850	11192851	+	0.792982	mod_ratio	285	326	A	AAACG	ok	False
chr3	11192868	11192869	+	0.235507	mod_ratio	276	325	A	AAACC	ok	True
chr3	11192948	11192949	+	0.729167	mod_ratio	192	279	A	AAACA	ok	True
chr3	11264193	11264194	-	0.692308	mod_ratio	39	49	T	GGTTT	ok	True
chr3	11264734	11264735	-	0.511628	mod_ratio	43	59	T	AGTTT	ok	True
chr3	11264909	11264910	-	0.723077	mod_ratio	65	74	T	TGTCC	ok	True
chr3	11265403	11265404	-	0.73913	mod_ratio	46	68	T	CGTCC	ok	False
chr3	11265446	11265447	-	0.666667	mod_ratio	42	52	T	TGTTT	ok	True
chr3	11267165	11267166	-	0.511628	mod_ratio	43	51	T	AGTTT	ok	True
chr3	11267500	11267501	-	0.666667	mod_ratio	48	56	T	GGTTT	ok	True
chr3	11267582	11267583	-	0.787234	mod_ratio	47	54	T	CGTCC	ok	False
chr3	11267603	11267604	-	0.68	mod_ratio	50	54	T	CGTCC	ok	False
chr3	11267623	11267624	-	0.521739	mod_ratio	46	51	T	TGTTT	ok	True
chr3	11267666	11267667	-	0.734694	mod_ratio	49	52	T	GGTCC	ok	True
chr3	11268420	11268421	-	0.851852	mod_ratio	27	29	T	TGTTT	ok	True
chr3	11268689	11268690	-	0.793103	mod_ratio	29	36	T	TGTTC	ok	True
chr3	11977217	11977218	-	0.268456	mod_ratio	149	165	T	TGTCC	ok	True
chr3	11977223	11977224	-	0.151724	mod_ratio	145	164	T	TGTTT	ok	True
chr3	11977751	11977752	-	0.321429	mod_ratio	112	131	T	GGTCT	ok	True
chr3	11979426	11979427	-	0.381579	mod_ratio	76	85	T	GGTTT	ok	True
chr3	12448912	12448913	-	0.324324	mod_ratio	74	77	T	AGTTC	ok	True
chr3	12449102	12449103	-	0.828571	mod_ratio	70	76	T	GGTCC	ok	True
chr3	12449207	12449208	-	0.5	mod_ratio	64	68	T	TGTTT	ok	True
chr3	12449390	12449391	-	0.819672	mod_ratio	61	69	T	CGTTT	ok	False
chr3	12449900	12449901	-	0.533333	mod_ratio	45	51	T	AGTTC	ok	True
chr3	12449941	12449942	-	0.625	mod_ratio	40	53	T	CGTTT	ok	False
chr3	12451000	12451001	-	0.787879	mod_ratio	33	39	T	TGTCC	ok	True
chr3	13489673	13489674	+	0.370787	mod_ratio	89	102	A	AAACC	ok	True
chr3	13489792	13489793	+	0.280899	mod_ratio	89	102	A	AGACC	ok	True
chr3	13490054	13490055	+	0.257426	mod_ratio	101	111	A	GAACA	ok	True
chr3	13490794	13490795	+	0.363636	mod_ratio	99	109	A	AGACT	ok	True
chr3	13490804	13490805	+	0.414894	mod_ratio	94	108	A	AAACT	ok	True
chr3	13526230	13526231	-	0.833333	mod_ratio	30	35	T	CGTTT	ok	False
chr3	13526325	13526326	-	0.128405	mod_ratio	257	331	T	TGTTC	ok	True
chr3	13526481	13526482	-	0.319444	mod_ratio	360	399	T	TGTCT	ok	True
chr3	13526498	13526499	-	0.130435	mod_ratio	345	393	T	AGTTC	ok	True
chr3	13526639	13526640	-	0.785075	mod_ratio	335	381	T	CGTCT	ok	False
chr3	13526729	13526730	-	0.351266	mod_ratio	316	346	T	GGTCT	ok	True
chr3	13526754	13526755	-	0.550562	mod_ratio	89	339	T	TGTCC	ok	True
chr3	13526851	13526852	-	0.536697	mod_ratio	218	261	T	GGTTT	ok	True
chr3	13526852	13526853	-	0.366667	mod_ratio	60	325	T	GTTTT	ok	False
chr3	13526980	13526981	-	0.213953	mod_ratio	215	324	T	AGTCC	ok	True
chr3	13527739	13527740	-	0.688462	mod_ratio	260	297	T	CGTTT	ok	False
chr3	13527761	13527762	-	0.658436	mod_ratio	243	289	T	TGTTC	ok	True
chr3	13527781	13527782	-	0.74502	mod_ratio	251	290	T	TGTCT	ok	True
chr3	13529915	13529916	-	0.630841	mod_ratio	214	262	T	TGTCC	ok	True
chr3	14197762	14197763	+	0.511111	mod_ratio	45	62	A	AAACT	ok	True
chr3	14197874	14197875	+	0.54	mod_ratio	50	66	A	GGACG	ok	False
chr3	14198706	14198707	+	0.515625	mod_ratio	64	98	A	AAACG	ok	False
chr3	14198898	14198899	+	0.231481	mod_ratio	108	146	A	AGACA	ok	True
chr3	14199010	14199011	+	0.128655	mod_ratio	171	209	A	AGACC	ok	True
chr3	14199069	14199070	+	0.255556	mod_ratio	90	202	A	GGACT	ok	True
chr3	14199415	14199416	+	0.118812	mod_ratio	202	247	A	AAACC	ok	True
chr3	14199433	14199434	+	0.462963	mod_ratio	54	230	A	GAAGG	ok	False
chr3	14199500	14199501	+	0.653846	mod_ratio	52	137	A	AAACA	ok	True
chr3	14199860	14199861	+	0.117647	mod_ratio	221	278	A	GAACG	ok	False
chr3	14200007	14200008	+	0.34127	mod_ratio	126	193	A	GGACG	ok	False
chr3	14228569	14228570	-	0.909091	mod_ratio	33	61	T	TGTCT	ok	True
chr3	14228702	14228703	-	0.460674	mod_ratio	89	107	T	TGTCT	ok	True
chr3	14228763	14228764	-	0.393939	mod_ratio	66	128	T	GTTTT	ok	False
chr3	14228800	14228801	-	0.45614	mod_ratio	57	124	T	GTTTT	ok	False
chr3	14228936	14228937	-	0.287129	mod_ratio	101	115	T	GGTTT	ok	True
chr3	14229376	14229377	-	0.311688	mod_ratio	77	99	T	GGTTC	ok	True
chr3	14229594	14229595	-	0.563218	mod_ratio	87	94	T	AGTCC	ok	True
chr3	14229988	14229989	-	0.416667	mod_ratio	72	89	T	TGTTT	ok	True
chr3	14878713	14878714	-	0.823529	mod_ratio	51	65	T	CGTTT	ok	False
chr3	14879584	14879585	-	0.545455	mod_ratio	55	61	T	AGTTC	ok	True
chr3	15406291	15406292	+	0.615385	mod_ratio	39	48	A	AGACG	ok	False
chr3	15407837	15407838	+	0.87037	mod_ratio	54	70	A	AAACG	ok	False
chr3	15407849	15407850	+	0.488889	mod_ratio	45	58	A	GGACT	ok	True
chr3	15616784	15616785	-	0.519481	mod_ratio	154	176	T	AGTTT	ok	True
chr3	15616908	15616909	-	0.25974	mod_ratio	154	181	T	TGTCC	ok	True
chr3	15616989	15616990	-	0.493506	mod_ratio	154	177	T	AGTCT	ok	True
chr3	15661486	15661487	+	0.522388	mod_ratio	67	80	A	AAACA	ok	True
chr3	15664432	15664433	-	0.550725	mod_ratio	69	97	T	AGTTC	ok	True
chr3	15664532	15664533	-	0.415584	mod_ratio	77	102	T	TGTTT	ok	True
chr3	15664564	15664565	-	0.638554	mod_ratio	83	101	T	AGTTT	ok	True
chr3	15664565	15664566	-	0.903226	mod_ratio	31	140	T	GTTTT	ok	False
chr3	15664856	15664857	-	0.195489	mod_ratio	133	150	T	GGTTC	ok	True
chr3	15664881	15664882	-	0.603053	mod_ratio	131	149	T	TGTCC	ok	True
chr3	15778352	15778353	-	0.83871	mod_ratio	31	40	T	TGTCT	ok	True
chr3	15778441	15778442	-	0.52809	mod_ratio	89	130	T	TGTTC	ok	True
chr3	15778521	15778522	-	0.385321	mod_ratio	109	146	T	TGTTT	ok	True
chr3	15779212	15779213	-	0.198413	mod_ratio	126	143	T	AGTTC	ok	True
chr3	15800009	15800010	-	0.137072	mod_ratio	321	644	T	AATCC	ok	False
chr3	15800035	15800036	-	0.473118	mod_ratio	186	594	T	GGTTC	ok	True
chr3	15800071	15800072	-	0.211382	mod_ratio	123	755	T	GTTCT	ok	False
chr3	15800135	15800136	-	0.234109	mod_ratio	645	739	T	TGTTT	ok	True
chr3	15800305	15800306	-	0.607143	mod_ratio	168	754	T	TGTCT	ok	True
chr3	15800315	15800316	-	0.221557	mod_ratio	668	751	T	AGTTC	ok	True
chr3	15800348	15800349	-	0.16763	mod_ratio	173	735	T	AGTTC	ok	True
chr3	15801109	15801110	-	0.1875	mod_ratio	656	734	T	AGTTC	ok	True
chr3	15866044	15866045	-	0.583333	mod_ratio	48	72	T	GGTTT	ok	True
chr3	15866058	15866059	-	0.416667	mod_ratio	72	91	T	TGTTT	ok	True
chr3	15866378	15866379	-	0.369048	mod_ratio	168	194	T	TGTTT	ok	True
chr3	15866426	15866427	-	0.44586	mod_ratio	157	193	T	CGTCT	ok	False
chr3	15866447	15866448	-	0.470968	mod_ratio	155	186	T	AGTTT	ok	True
chr3	15868872	15868873	-	0.218487	mod_ratio	119	153	T	TGTTC	ok	True
chr3	15868972	15868973	-	0.315175	mod_ratio	257	301	T	AGTTT	ok	True
chr3	15868980	15868981	-	0.35533	mod_ratio	197	291	T	TGTTC	ok	True
chr3	15869097	15869098	-	0.321569	mod_ratio	255	286	T	AGTCT	ok	True
chr3	15869326	15869327	-	0.531008	mod_ratio	258	292	T	GGTCT	ok	True
chr3	15869540	15869541	-	0.518672	mod_ratio	241	272	T	GGTTT	ok	True
chr3	15869954	15869955	-	0.47907	mod_ratio	215	241	T	TGTCC	ok	True
chr3	15869970	15869971	-	0.795349	mod_ratio	215	238	T	GGTCT	ok	True
chr3	15869979	15869980	-	0.117073	mod_ratio	205	237	T	TGTCC	ok	True
chr3	15870028	15870029	-	0.611702	mod_ratio	188	234	T	GGTCC	ok	True
chr3	15902555	15902556	-	0.88	mod_ratio	25	33	T	CGTTT	ok	False
chr3	15968836	15968837	-	0.875	mod_ratio	32	38	T	GGTCT	ok	True
chr3	15985256	15985257	+	0.705882	mod_ratio	34	41	A	AAACT	ok	True
chr3	15986934	15986935	+	0.662078	mod_ratio	799	925	A	AAACG	ok	False
chr3	15987122	15987123	+	0.104113	mod_ratio	778	944	A	AGACA	ok	True
chr3	15987970	15987971	+	0.310345	mod_ratio	551	1017	A	AAACC	ok	True
chr3	15988097	15988098	+	0.448239	mod_ratio	937	1061	A	GAACG	ok	False
chr3	15988544	15988545	+	0.571882	mod_ratio	946	1226	A	GGACA	ok	True
chr3	15988559	15988560	+	0.124378	mod_ratio	1005	1234	A	GGACC	ok	True
chr3	15988564	15988565	+	0.438024	mod_ratio	1073	1217	A	AAACT	ok	True
chr3	15988732	15988733	+	0.545983	mod_ratio	1033	1248	A	GGACA	ok	True
chr3	15988744	15988745	+	0.218182	mod_ratio	825	1271	A	AGACC	ok	True
chr3	15988833	15988834	+	0.408439	mod_ratio	1185	1284	A	AAACA	ok	True
chr3	15988989	15988990	+	0.120301	mod_ratio	1064	1274	A	AGACT	ok	True
chr3	15989008	15989009	+	0.620853	mod_ratio	1055	1223	A	AAACG	ok	False
chr3	15989039	15989040	+	0.430622	mod_ratio	209	293	A	AAACT	ok	True
chr3	16074507	16074508	-	0.594595	mod_ratio	37	40	T	TGTTT	ok	True
chr3	16193931	16193932	+	0.954545	mod_ratio	44	54	A	AGACA	ok	True
chr3	16193969	16193970	+	0.489796	mod_ratio	49	57	A	AAACC	ok	True
chr3	16194657	16194658	+	0.785714	mod_ratio	56	68	A	AAACG	ok	False
chr3	16194690	16194691	+	0.483333	mod_ratio	60	70	A	AGACC	ok	True
chr3	16195080	16195081	+	0.34375	mod_ratio	64	71	A	AAACA	ok	True
chr3	16272859	16272860	+	0.595238	mod_ratio	42	60	A	GGACG	ok	False
chr3	16273124	16273125	+	0.527273	mod_ratio	55	62	A	AAACC	ok	True
chr3	16299195	16299196	+	0.6	mod_ratio	105	118	A	AAACT	ok	True
chr3	16299643	16299644	+	0.557692	mod_ratio	104	123	A	AAACC	ok	True
chr3	16386585	16386586	+	0.559184	mod_ratio	245	279	A	AAACC	ok	True
chr3	16386647	16386648	+	0.20229	mod_ratio	262	288	A	AAACT	ok	True
chr3	16387067	16387068	+	0.437229	mod_ratio	231	290	A	AAACT	ok	True
chr3	16387296	16387297	+	0.653137	mod_ratio	271	305	A	GAACG	ok	False
chr3	16387501	16387502	+	0.242215	mod_ratio	289	316	A	AAACC	ok	True
chr3	16387524	16387525	+	0.873418	mod_ratio	237	317	A	AAACG	ok	False
chr3	16387854	16387855	+	0.66426	mod_ratio	277	325	A	AAACG	ok	False
chr3	16387885	16387886	+	0.417969	mod_ratio	256	331	A	AAACC	ok	True
chr3	16387905	16387906	+	0.307143	mod_ratio	280	333	A	GAACT	ok	True
chr3	16387963	16387964	+	0.223827	mod_ratio	277	325	A	AAACC	ok	True
chr3	16388249	16388250	+	0.335593	mod_ratio	295	330	A	GAACG	ok	False
chr3	16388362	16388363	+	0.516129	mod_ratio	62	331	A	AAACG	ok	False
chr3	16432756	16432757	+	0.785714	mod_ratio	28	30	A	GGACA	ok	True
chr3	16432821	16432822	+	0.933333	mod_ratio	30	31	A	AGACA	ok	True
chr3	16432965	16432966	+	0.793103	mod_ratio	29	32	A	AAACG	ok	False
chr3	16433048	16433049	+	1	mod_ratio	28	33	A	GGACG	ok	False
chr3	16434650	16434651	+	0.621622	mod_ratio	37	39	A	AAACG	ok	False
chr3	16434679	16434680	+	0.714286	mod_ratio	35	39	A	AGACA	ok	True
chr3	16447229	16447230	-	0.40708	mod_ratio	113	136	T	TGTTT	ok	True
chr3	16447269	16447270	-	0.205357	mod_ratio	112	135	T	TGTTT	ok	True
chr3	16447273	16447274	-	0.352941	mod_ratio	119	135	T	TGTTT	ok	True
chr3	16447293	16447294	-	0.211538	mod_ratio	104	134	T	TGTTT	ok	True
chr3	16447573	16447574	-	0.372549	mod_ratio	102	118	T	GGTCT	ok	True
chr3	16447738	16447739	-	0.26087	mod_ratio	92	108	T	GGTTC	ok	True
chr3	16447850	16447851	-	0.758242	mod_ratio	91	105	T	CGTTT	ok	False
chr3	16447933	16447934	-	0.51087	mod_ratio	92	102	T	TGTTT	ok	True
chr3	16467173	16467174	+	0.758621	mod_ratio	29	30	A	GAACG	ok	False
chr3	16471539	16471540	-	0.357664	mod_ratio	274	310	T	AGTTT	ok	True
chr3	16471561	16471562	-	0.139344	mod_ratio	244	308	T	TGTTT	ok	True
chr3	16471644	16471645	-	0.162963	mod_ratio	270	331	T	GGTTC	ok	True
chr3	16471732	16471733	-	0.468504	mod_ratio	254	331	T	TGTCC	ok	True
chr3	16471745	16471746	-	0.209125	mod_ratio	263	329	T	GGTTC	ok	True
chr3	16471998	16471999	-	0.217054	mod_ratio	258	307	T	AGTCT	ok	True
chr3	16472005	16472006	-	0.111498	mod_ratio	287	322	T	TGTCC	ok	True
chr3	16472205	16472206	-	0.217857	mod_ratio	280	319	T	GGTTC	ok	True
chr3	16472285	16472286	-	0.45339	mod_ratio	236	310	T	GGTTT	ok	True
chr3	16476535	16476536	+	0.54023	mod_ratio	87	98	A	AAACC	ok	True
chr3	16476603	16476604	+	0.797619	mod_ratio	84	100	A	AAACA	ok	True
chr3	16476866	16476867	+	0.416667	mod_ratio	84	103	A	AAACT	ok	True
chr3	16477137	16477138	+	0.55	mod_ratio	60	65	A	AAACT	ok	True
chr3	16477325	16477326	+	0.767442	mod_ratio	43	68	A	AGACG	ok	False
chr3	16525476	16525477	+	0.756098	mod_ratio	41	47	A	GAACG	ok	False
chr3	16525510	16525511	+	0.560976	mod_ratio	41	46	A	AAACA	ok	True
chr3	16526208	16526209	+	0.75	mod_ratio	40	54	A	GGACC	ok	True
chr3	16526611	16526612	+	0.45098	mod_ratio	51	61	A	AGACT	ok	True
chr3	16527058	16527059	+	0.530612	mod_ratio	49	68	A	AGACG	ok	False
chr3	16528495	16528496	+	0.674419	mod_ratio	86	97	A	AGACC	ok	True
chr3	16528529	16528530	+	0.329545	mod_ratio	88	101	A	AGACT	ok	True
chr3	16528599	16528600	+	0.907895	mod_ratio	76	99	A	AAACA	ok	True
chr3	16528634	16528635	+	0.432099	mod_ratio	81	107	A	GGACG	ok	False
chr3	16528698	16528699	+	0.258065	mod_ratio	93	112	A	GAACC	ok	True
chr3	16528797	16528798	+	0.75	mod_ratio	80	120	A	GGACA	ok	True
chr3	16528924	16528925	+	0.831858	mod_ratio	113	128	A	AGACA	ok	True
chr3	16529114	16529115	+	0.63	mod_ratio	100	137	A	AAACG	ok	False
chr3	16529306	16529307	+	0.455446	mod_ratio	101	125	A	AAACA	ok	True
chr3	16533543	16533544	-	0.326316	mod_ratio	95	106	T	GGTTC	ok	True
chr3	16533579	16533580	-	0.577465	mod_ratio	71	91	T	GGTTT	ok	True
chr3	16533717	16533718	-	0.606742	mod_ratio	89	115	T	TGTCT	ok	True
chr3	16557758	16557759	-	0.722222	mod_ratio	36	40	T	GGTTT	ok	True
chr3	16733959	16733960	-	0.696429	mod_ratio	56	67	T	TGTTC	ok	True
chr3	16734222	16734223	-	0.52381	mod_ratio	63	74	T	AGTCC	ok	True
chr3	16734233	16734234	-	0.628571	mod_ratio	70	76	T	GGTCC	ok	True
chr3	16734255	16734256	-	0.692308	mod_ratio	65	73	T	TGTCC	ok	True
chr3	16734265	16734266	-	0.842105	mod_ratio	57	75	T	GGTCT	ok	True
chr3	16805844	16805845	-	0.916667	mod_ratio	24	31	T	CGTTC	ok	False
chr3	16820970	16820971	+	0.862069	mod_ratio	29	33	A	GAACG	ok	False
chr3	16821678	16821679	+	0.866667	mod_ratio	30	36	A	AGACG	ok	False
chr3	16822273	16822274	+	0.702703	mod_ratio	37	41	A	GAACA	ok	True
chr3	16823468	16823469	+	0.807692	mod_ratio	52	63	A	AGACA	ok	True
chr3	16823631	16823632	+	0.849057	mod_ratio	53	66	A	AAACA	ok	True
chr3	16823967	16823968	+	0.653061	mod_ratio	49	67	A	GGACT	ok	True
chr3	16823972	16823973	+	0.617021	mod_ratio	47	71	A	AAACG	ok	False
chr3	16824006	16824007	+	0.625	mod_ratio	64	71	A	AAACT	ok	True
chr3	16883439	16883440	+	0.960526	mod_ratio	76	88	A	AAACG	ok	False
chr3	16883523	16883524	+	0.975904	mod_ratio	83	93	A	AAACG	ok	False
chr3	16897523	16897524	-	0.103139	mod_ratio	223	262	T	GGTTC	ok	True
chr3	16897542	16897543	-	0.340206	mod_ratio	194	239	T	TGTTT	ok	True
chr3	16897569	16897570	-	0.156682	mod_ratio	217	257	T	AGTCT	ok	True
chr3	16897728	16897729	-	0.466346	mod_ratio	208	241	T	TGTTT	ok	True
chr3	16897824	16897825	-	0.621762	mod_ratio	193	235	T	AGTTT	ok	True
chr3	16897842	16897843	-	0.555556	mod_ratio	180	236	T	GGTTT	ok	True
chr3	16897890	16897891	-	0.71134	mod_ratio	194	234	T	GGTTT	ok	True
chr3	16897905	16897906	-	0.720588	mod_ratio	204	232	T	GGTTT	ok	True
chr3	16897946	16897947	-	0.257812	mod_ratio	128	161	T	TGTTT	ok	True
chr3	16907665	16907666	-	0.442857	mod_ratio	70	160	T	GTTTT	ok	False
chr3	16907802	16907803	-	0.282443	mod_ratio	131	154	T	AGTTC	ok	True
chr3	16908093	16908094	-	0.172662	mod_ratio	139	147	T	TGTTC	ok	True
chr3	16908177	16908178	-	0.446043	mod_ratio	139	144	T	AGTTC	ok	True
chr3	16909478	16909479	-	0.828571	mod_ratio	35	93	T	GGTCC	ok	True
chr3	16909548	16909549	-	0.623377	mod_ratio	77	120	T	TGTTT	ok	True
chr3	16909556	16909557	-	0.26087	mod_ratio	138	169	T	GGTTC	ok	True
chr3	16909669	16909670	-	0.590909	mod_ratio	44	161	T	GTTTT	ok	False
chr3	16910048	16910049	-	0.285714	mod_ratio	105	154	T	AGTTT	ok	True
chr3	16910142	16910143	-	0.283688	mod_ratio	141	155	T	AGTTC	ok	True
chr3	16913664	16913665	-	0.410256	mod_ratio	195	232	T	TGTTT	ok	True
chr3	16913691	16913692	-	0.105263	mod_ratio	209	238	T	AGTCT	ok	True
chr3	16913850	16913851	-	0.42	mod_ratio	200	219	T	TGTTT	ok	True
chr3	16913882	16913883	-	0.806283	mod_ratio	191	223	T	CGTCT	ok	False
chr3	16913946	16913947	-	0.655367	mod_ratio	177	219	T	AGTTT	ok	True
chr3	16913964	16913965	-	0.628931	mod_ratio	159	210	T	GGTTT	ok	True
chr3	16914012	16914013	-	0.673797	mod_ratio	187	212	T	GGTTT	ok	True
chr3	16914070	16914071	-	0.226667	mod_ratio	150	192	T	AGTTT	ok	True
chr3	16915177	16915178	+	0.129167	mod_ratio	240	261	A	GAACA	ok	True
chr3	16915236	16915237	+	0.155556	mod_ratio	225	263	A	GGACT	ok	True
chr3	16915259	16915260	+	0.912621	mod_ratio	206	263	A	AGACA	ok	True
chr3	16915494	16915495	+	0.134694	mod_ratio	245	268	A	GAACG	ok	False
chr3	16915633	16915634	+	0.75	mod_ratio	36	260	A	ATACG	ok	False
chr3	16915641	16915642	+	0.245033	mod_ratio	151	262	A	AAACT	ok	True
chr3	16915688	16915689	+	0.554795	mod_ratio	146	179	A	AGACT	ok	True
chr3	16919170	16919171	+	0.430769	mod_ratio	65	74	A	GAACA	ok	True
chr3	16919488	16919489	+	0.75	mod_ratio	64	77	A	AGACA	ok	True
chr3	16919680	16919681	+	0.897059	mod_ratio	68	81	A	AAACG	ok	False
chr3	17020219	17020220	-	0.978495	mod_ratio	93	116	T	CGTTT	ok	False
chr3	17020258	17020259	-	0.302326	mod_ratio	86	113	T	GGTTT	ok	True
chr3	17020303	17020304	-	0.897959	mod_ratio	98	114	T	CGTTT	ok	False
chr3	17088543	17088544	+	0.129412	mod_ratio	170	199	A	GGACT	ok	True
chr3	17088569	17088570	+	0.491228	mod_ratio	171	209	A	AAACA	ok	True
chr3	17088650	17088651	+	0.367742	mod_ratio	155	210	A	AAACT	ok	True
chr3	17088708	17088709	+	0.424242	mod_ratio	99	186	A	GGATT	ok	False
chr3	17134376	17134377	-	0.44898	mod_ratio	49	54	T	CGTCC	ok	False
chr3	17138635	17138636	+	0.857143	mod_ratio	105	136	A	GGACG	ok	False
chr3	17139296	17139297	+	0.177778	mod_ratio	135	154	A	AGACT	ok	True
chr3	17139351	17139352	+	0.420455	mod_ratio	88	159	A	AAACC	ok	True
chr3	17139361	17139362	+	0.206349	mod_ratio	126	158	A	AAACC	ok	True
chr3	17159478	17159479	+	0.923077	mod_ratio	26	28	A	AGACC	ok	True
chr3	17159636	17159637	+	0.916667	mod_ratio	24	33	A	AGACC	ok	True
chr3	17159803	17159804	+	0.882353	mod_ratio	34	36	A	AAACA	ok	True
chr3	17228738	17228739	+	0.685484	mod_ratio	124	163	A	AAACG	ok	False
chr3	17228928	17228929	+	0.122995	mod_ratio	187	199	A	GAACC	ok	True
chr3	17228961	17228962	+	0.143678	mod_ratio	174	197	A	GGACA	ok	True
chr3	17229067	17229068	+	0.295455	mod_ratio	176	208	A	GGACA	ok	True
chr3	17229092	17229093	+	0.502825	mod_ratio	177	205	A	AAACG	ok	False
chr3	17229490	17229491	+	0.755319	mod_ratio	188	211	A	AAACG	ok	False
chr3	17229514	17229515	+	0.208791	mod_ratio	182	215	A	AGACG	ok	False
chr3	17229592	17229593	+	0.203125	mod_ratio	192	217	A	GGACG	ok	False
chr3	17229613	17229614	+	0.459893	mod_ratio	187	222	A	AGACG	ok	False
chr3	17229795	17229796	+	0.443396	mod_ratio	212	234	A	AAACC	ok	True
chr3	17230087	17230088	+	0.557377	mod_ratio	61	252	A	AGACA	ok	True
chr3	17230774	17230775	+	0.162712	mod_ratio	295	335	A	AAACT	ok	True
chr3	17230806	17230807	+	0.14377	mod_ratio	313	347	A	GAACG	ok	False
chr3	17230866	17230867	+	0.335689	mod_ratio	283	348	A	AAACT	ok	True
chr3	17230924	17230925	+	0.239044	mod_ratio	251	342	A	AAACC	ok	True
chr3	17230936	17230937	+	0.109718	mod_ratio	319	350	A	GAACG	ok	False
chr3	17231130	17231131	+	0.511521	mod_ratio	217	295	A	AAACC	ok	True
chr3	17246601	17246602	-	0.97561	mod_ratio	41	50	T	CGTTT	ok	False
chr3	17246649	17246650	-	0.553191	mod_ratio	47	54	T	AGTTT	ok	True
chr3	17246697	17246698	-	0.66	mod_ratio	50	58	T	AGTTT	ok	True
chr3	17246719	17246720	-	1	mod_ratio	42	59	T	CGTTT	ok	False
chr3	17246850	17246851	-	0.5	mod_ratio	48	55	T	GGTCT	ok	True
chr3	17247152	17247153	-	0.52381	mod_ratio	42	51	T	TGTCC	ok	True
chr3	17269162	17269163	+	0.733333	mod_ratio	30	35	A	AAACC	ok	True
chr3	17337065	17337066	-	0.46875	mod_ratio	96	130	T	TGTTC	ok	True
chr3	17337138	17337139	-	0.405063	mod_ratio	158	1543	T	AATCC	ok	False
chr3	17337277	17337278	-	0.403537	mod_ratio	622	940	T	AGTTT	ok	True
chr3	17337278	17337279	-	0.304747	mod_ratio	653	1541	T	GTTTT	ok	False
chr3	17337375	17337376	-	0.431328	mod_ratio	881	1141	T	TGTTT	ok	True
chr3	17337533	17337534	-	0.316901	mod_ratio	142	866	T	GGTTT	ok	True
chr3	17400022	17400023	-	0.653061	mod_ratio	49	66	T	GGTCT	ok	True
chr3	17400272	17400273	-	0.944444	mod_ratio	36	50	T	CGTTT	ok	False
chr3	17400448	17400449	-	0.946429	mod_ratio	56	64	T	CGTTT	ok	False
chr3	17400513	17400514	-	0.618182	mod_ratio	55	63	T	TGTTC	ok	True
chr3	17400794	17400795	-	0.468085	mod_ratio	47	56	T	GGTCT	ok	True
chr3	17400819	17400820	-	0.619048	mod_ratio	42	51	T	TGTTT	ok	True
chr3	17400901	17400902	-	0.488889	mod_ratio	45	50	T	TGTTT	ok	True
chr3	17400944	17400945	-	0.586957	mod_ratio	46	52	T	AGTTC	ok	True
chr3	17401210	17401211	-	0.72	mod_ratio	50	55	T	CGTCC	ok	False
chr3	17401446	17401447	-	0.805556	mod_ratio	36	52	T	CGTTT	ok	False
chr3	17428065	17428066	+	0.181159	mod_ratio	138	211	A	GAACT	ok	True
chr3	17428123	17428124	+	0.301075	mod_ratio	186	214	A	AAACA	ok	True
chr3	17428322	17428323	+	0.164773	mod_ratio	176	208	A	AGACA	ok	True
chr3	17428372	17428373	+	0.23	mod_ratio	200	217	A	AAACT	ok	True
chr3	17453523	17453524	-	0.321212	mod_ratio	165	201	T	GGTTC	ok	True
chr3	17453533	17453534	-	0.509259	mod_ratio	108	196	T	GGTCT	ok	True
chr3	17453655	17453656	-	0.262295	mod_ratio	122	168	T	GGTTT	ok	True
chr3	17453669	17453670	-	0.450237	mod_ratio	211	246	T	TGTCT	ok	True
chr3	17453797	17453798	-	0.40404	mod_ratio	198	249	T	TGTCC	ok	True
chr3	17454021	17454022	-	0.143617	mod_ratio	188	236	T	AGTCT	ok	True
chr3	17454438	17454439	-	0.206349	mod_ratio	126	161	T	TGTTT	ok	True
chr3	17454620	17454621	-	0.285714	mod_ratio	91	109	T	CGTTT	ok	False
chr3	17472467	17472468	-	0.645833	mod_ratio	48	59	T	GGTCC	ok	True
chr3	17472741	17472742	-	0.770833	mod_ratio	48	57	T	GGTCC	ok	True
chr3	17473015	17473016	-	0.736842	mod_ratio	38	48	T	GGTCT	ok	True
chr3	17473088	17473089	-	0.634146	mod_ratio	41	44	T	TGTTT	ok	True
chr3	17473093	17473094	-	0.521739	mod_ratio	46	47	T	CGTCC	ok	False
chr3	17480807	17480808	+	0.515625	mod_ratio	64	151	A	GGACA	ok	True
chr3	17480820	17480821	+	0.5	mod_ratio	106	163	A	AAACT	ok	True
chr3	17481232	17481233	+	0.466667	mod_ratio	135	175	A	AGACG	ok	False
chr3	17481678	17481679	+	0.18239	mod_ratio	159	195	A	GAACT	ok	True
chr3	17481728	17481729	+	0.358974	mod_ratio	156	186	A	GAACG	ok	False
chr3	17481737	17481738	+	0.955414	mod_ratio	157	185	A	AAACG	ok	False
chr3	17481768	17481769	+	0.70922	mod_ratio	141	162	A	AAACA	ok	True
chr3	17493506	17493507	-	0.251093	mod_ratio	5488	6682	T	GGTTC	ok	True
chr3	17493593	17493594	-	0.897436	mod_ratio	39	6714	T	GGTAT	ok	False
chr3	17493611	17493612	-	0.457944	mod_ratio	107	6778	T	TGTCT	ok	True
chr3	17493632	17493633	-	0.110285	mod_ratio	5513	6627	T	GGTTT	ok	True
chr3	17493658	17493659	-	0.519481	mod_ratio	77	6811	T	GGTCA	ok	True
chr3	17493844	17493845	-	0.418182	mod_ratio	220	6506	T	CGTTT	ok	False
chr3	17493964	17493965	-	0.345324	mod_ratio	139	6430	T	GGTTC	ok	True
chr3	17493979	17493980	-	0.192719	mod_ratio	5604	6398	T	GGTTC	ok	True
chr3	17493988	17493989	-	0.161844	mod_ratio	5598	6362	T	TGTCT	ok	True
chr3	17493999	17494000	-	0.763929	mod_ratio	5600	6364	T	CGTCT	ok	False
chr3	17494218	17494219	-	0.333333	mod_ratio	72	5968	T	CATCC	ok	False
chr3	17494246	17494247	-	0.299257	mod_ratio	5116	5943	T	CGTCC	ok	False
chr3	17494313	17494314	-	0.673203	mod_ratio	153	5759	T	GGTCA	ok	True
chr3	17494640	17494641	-	0.506773	mod_ratio	2510	2876	T	CGTTT	ok	False
chr3	17494641	17494642	-	0.478643	mod_ratio	2505	5486	T	GTTTT	ok	False
chr3	17494681	17494682	-	0.232523	mod_ratio	3948	5337	T	GGTTC	ok	True
chr3	17494860	17494861	-	0.40678	mod_ratio	59	1780	T	AGTTC	ok	True
chr3	17511544	17511545	+	0.806452	mod_ratio	31	36	A	AAACG	ok	False
chr3	17514746	17514747	+	0.569231	mod_ratio	65	73	A	AGACC	ok	True
chr3	17514943	17514944	+	0.810811	mod_ratio	37	60	A	AGACA	ok	True
chr3	17525747	17525748	-	1	mod_ratio	24	28	T	TGTCT	ok	True
chr3	17569639	17569640	+	0.396104	mod_ratio	308	384	A	AAACC	ok	True
chr3	17569646	17569647	+	0.508982	mod_ratio	334	383	A	AAACC	ok	True
chr3	17569867	17569868	+	0.414634	mod_ratio	328	423	A	AAACC	ok	True
chr3	17569872	17569873	+	0.938462	mod_ratio	390	426	A	AAACA	ok	True
chr3	17570314	17570315	+	0.314516	mod_ratio	372	437	A	AAACA	ok	True
chr3	17570328	17570329	+	0.349296	mod_ratio	355	439	A	AAACC	ok	True
chr3	17570379	17570380	+	0.284932	mod_ratio	365	439	A	AAACA	ok	True
chr3	17570410	17570411	+	0.549689	mod_ratio	322	414	A	AAACT	ok	True
chr3	17637152	17637153	-	0.840909	mod_ratio	44	61	T	CGTTT	ok	False
chr3	17637200	17637201	-	0.679012	mod_ratio	81	96	T	TGTTT	ok	True
chr3	17637234	17637235	-	0.597222	mod_ratio	72	103	T	GGTTT	ok	True
chr3	17637391	17637392	-	0.257143	mod_ratio	105	117	T	CGTCT	ok	False
chr3	17637433	17637434	-	0.252525	mod_ratio	99	114	T	GGTTT	ok	True
chr3	17637456	17637457	-	0.455556	mod_ratio	90	115	T	TGTTT	ok	True
chr3	17638141	17638142	-	0.357143	mod_ratio	70	98	T	GGTTT	ok	True
chr3	17649917	17649918	+	0.245455	mod_ratio	110	119	A	AAACG	ok	False
chr3	17649950	17649951	+	0.650602	mod_ratio	83	114	A	AAACC	ok	True
chr3	17698163	17698164	-	0.682927	mod_ratio	41	46	T	GGTTT	ok	True
chr3	17698178	17698179	-	0.833333	mod_ratio	42	46	T	GGTCT	ok	True
chr3	17699038	17699039	-	0.793103	mod_ratio	29	31	T	TGTCT	ok	True
chr3	17699597	17699598	-	0.92	mod_ratio	25	25	T	TGTCC	ok	True
chr3	17717031	17717032	-	0.436975	mod_ratio	119	127	T	AGTCT	ok	True
chr3	17717277	17717278	-	0.233333	mod_ratio	120	131	T	TGTCC	ok	True
chr3	17717320	17717321	-	0.561983	mod_ratio	121	128	T	CGTCT	ok	False
chr3	17717597	17717598	-	0.616279	mod_ratio	86	115	T	CGTCT	ok	False
chr3	17717959	17717960	-	0.356436	mod_ratio	101	104	T	TGTTC	ok	True
chr3	17717995	17717996	-	0.728395	mod_ratio	81	103	T	CGTTT	ok	False
chr3	17718057	17718058	-	0.722772	mod_ratio	101	106	T	TGTCC	ok	True
chr3	17718267	17718268	-	0.5625	mod_ratio	96	97	T	AGTTC	ok	True
chr3	17718747	17718748	-	0.493827	mod_ratio	81	93	T	TGTCC	ok	True
chr3	17718813	17718814	-	0.376812	mod_ratio	69	87	T	AGTCC	ok	True
chr3	17719002	17719003	-	0.671429	mod_ratio	70	84	T	TGTCC	ok	True
chr3	17719037	17719038	-	0.285714	mod_ratio	77	84	T	TGTTT	ok	True
chr3	17719214	17719215	-	0.415584	mod_ratio	77	84	T	CGTCC	ok	False
chr3	17719310	17719311	-	0.652174	mod_ratio	69	81	T	CGTCT	ok	False
chr3	17719479	17719480	-	0.346667	mod_ratio	75	80	T	GGTTT	ok	True
chr3	17719855	17719856	-	0.484375	mod_ratio	64	70	T	AGTTT	ok	True
chr3	17759019	17759020	-	0.846154	mod_ratio	26	27	T	TGTCT	ok	True
chr3	17778490	17778491	+	0.186441	mod_ratio	708	803	A	AGACC	ok	True
chr3	17778718	17778719	+	0.171352	mod_ratio	747	848	A	AAACA	ok	True
chr3	17778730	17778731	+	0.571429	mod_ratio	56	858	A	AAACC	ok	True
chr3	17779247	17779248	+	0.641975	mod_ratio	729	883	A	AAACC	ok	True
chr3	17779300	17779301	+	0.52987	mod_ratio	770	895	A	AAACC	ok	True
chr3	17779361	17779362	+	0.459821	mod_ratio	448	873	A	AAACC	ok	True
chr3	17779407	17779408	+	0.139098	mod_ratio	266	674	A	AGACA	ok	True
chr3	17786287	17786288	-	0.909091	mod_ratio	33	37	T	TGTCT	ok	True
chr3	17786561	17786562	-	0.8	mod_ratio	35	38	T	CGTTT	ok	False
chr3	17788722	17788723	-	0.785714	mod_ratio	28	31	T	AGTTC	ok	True
chr3	17832897	17832898	-	0.705882	mod_ratio	34	46	T	AGTCC	ok	True
chr3	17833158	17833159	-	0.6	mod_ratio	45	49	T	TGTTT	ok	True
chr3	17833174	17833175	-	0.75	mod_ratio	40	50	T	TGTCC	ok	True
chr3	17833369	17833370	-	0.857143	mod_ratio	42	54	T	GGTCT	ok	True
chr3	17834775	17834776	-	0.75	mod_ratio	32	34	T	TGTCT	ok	True
chr3	17889487	17889488	+	0.935484	mod_ratio	31	32	A	AGACC	ok	True
chr3	17908255	17908256	-	0.592105	mod_ratio	76	92	T	TGTTT	ok	True
chr3	17909193	17909194	-	0.830508	mod_ratio	118	131	T	CGTTT	ok	False
chr3	17909676	17909677	-	0.454545	mod_ratio	99	116	T	GGTCT	ok	True
chr3	17910187	17910188	-	0.819149	mod_ratio	94	102	T	CGTCT	ok	False
chr3	17910367	17910368	-	0.686047	mod_ratio	86	100	T	CGTCC	ok	False
chr3	17930019	17930020	+	0.238095	mod_ratio	126	159	A	GGACG	ok	False
chr3	17930697	17930698	+	0.19375	mod_ratio	160	182	A	AAACG	ok	False
chr3	17930963	17930964	+	0.815789	mod_ratio	114	192	A	GGACC	ok	True
chr3	17930969	17930970	+	0.183784	mod_ratio	185	192	A	GAACG	ok	False
chr3	17931020	17931021	+	0.680723	mod_ratio	166	195	A	AAACC	ok	True
chr3	17931148	17931149	+	0.38674	mod_ratio	181	195	A	AAACC	ok	True
chr3	17931483	17931484	+	0.705882	mod_ratio	34	203	A	AGACC	ok	True
chr3	17931535	17931536	+	0.461538	mod_ratio	65	204	A	AAACA	ok	True
chr3	17931553	17931554	+	0.20979	mod_ratio	143	170	A	AAACT	ok	True
chr3	17931560	17931561	+	0.436242	mod_ratio	149	199	A	AAACC	ok	True
chr3	17931613	17931614	+	0.864865	mod_ratio	148	200	A	GAACA	ok	True
chr3	17931618	17931619	+	0.613095	mod_ratio	168	198	A	GAACA	ok	True
chr3	17931631	17931632	+	0.745614	mod_ratio	114	189	A	AAACC	ok	True
chr3	17949586	17949587	+	0.74359	mod_ratio	39	45	A	AAACA	ok	True
chr3	17949890	17949891	+	0.560976	mod_ratio	41	52	A	AAACA	ok	True
chr3	17949990	17949991	+	0.618182	mod_ratio	55	57	A	GAACG	ok	False
chr3	17950598	17950599	+	0.648148	mod_ratio	54	61	A	GGACA	ok	True
chr3	17950804	17950805	+	0.360656	mod_ratio	61	64	A	GAACG	ok	False
chr3	17950908	17950909	+	0.68254	mod_ratio	63	67	A	AAACG	ok	False
chr3	17950917	17950918	+	0.576271	mod_ratio	59	68	A	GGACG	ok	False
chr3	17950942	17950943	+	0.413793	mod_ratio	58	69	A	GGACC	ok	True
chr3	17950966	17950967	+	0.557377	mod_ratio	61	71	A	GGACG	ok	False
chr3	17951066	17951067	+	0.4	mod_ratio	55	68	A	AAACT	ok	True
chr3	17951071	17951072	+	0.509091	mod_ratio	55	70	A	AAACT	ok	True
chr3	17989428	17989429	+	0.628571	mod_ratio	35	45	A	AGACG	ok	False
chr3	18001387	18001388	-	0.442953	mod_ratio	149	161	T	AGTCT	ok	True
chr3	18001471	18001472	-	0.266667	mod_ratio	90	169	T	TTTTT	ok	False
chr3	18001504	18001505	-	0.134146	mod_ratio	164	182	T	GGTTC	ok	True
chr3	18001520	18001521	-	0.404255	mod_ratio	141	176	T	GGTTT	ok	True
chr3	18001663	18001664	-	0.846667	mod_ratio	150	172	T	TGTCT	ok	True
chr3	18001743	18001744	-	0.376623	mod_ratio	154	168	T	TGTTC	ok	True
chr3	18001851	18001852	-	0.543307	mod_ratio	127	135	T	TGTTT	ok	True
chr3	18001994	18001995	-	0.341667	mod_ratio	120	144	T	AGTCC	ok	True
chr3	18002042	18002043	-	0.256198	mod_ratio	121	140	T	GGTTT	ok	True
chr3	18002173	18002174	-	0.714286	mod_ratio	98	133	T	CGTCT	ok	False
chr3	18002208	18002209	-	0.777778	mod_ratio	117	129	T	CGTTC	ok	False
chr3	18002482	18002483	-	0.257143	mod_ratio	105	110	T	AGTCC	ok	True
chr3	18002917	18002918	-	0.369863	mod_ratio	73	79	T	AGTCT	ok	True
chr3	18002960	18002961	-	0.40625	mod_ratio	64	83	T	TGTCC	ok	True
chr3	18003218	18003219	-	0.42623	mod_ratio	61	68	T	CGTTC	ok	False
chr3	18003286	18003287	-	0.547619	mod_ratio	42	58	T	TGTTT	ok	True
chr3	18003485	18003486	-	0.488889	mod_ratio	45	48	T	GGTTT	ok	True
chr3	18036641	18036642	+	0.468085	mod_ratio	47	50	A	AAACC	ok	True
chr3	18037251	18037252	-	0.529412	mod_ratio	170	194	T	GGTTT	ok	True
chr3	18037460	18037461	-	0.366412	mod_ratio	131	183	T	TGTTC	ok	True
chr3	18037520	18037521	-	0.705036	mod_ratio	139	176	T	CGTTT	ok	False
chr3	18037606	18037607	-	0.3375	mod_ratio	160	177	T	CGTTC	ok	False
chr3	18037623	18037624	-	0.463576	mod_ratio	151	172	T	AGTTT	ok	True
chr3	18037717	18037718	-	0.189394	mod_ratio	132	158	T	TGTTT	ok	True
chr3	18037775	18037776	-	0.333333	mod_ratio	141	168	T	TGTCC	ok	True
chr3	18037849	18037850	-	0.42029	mod_ratio	138	161	T	AGTTC	ok	True
chr3	18037904	18037905	-	0.942446	mod_ratio	139	160	T	TGTCT	ok	True
chr3	18037961	18037962	-	0.787879	mod_ratio	132	163	T	GGTCT	ok	True
chr3	18038029	18038030	-	0.454545	mod_ratio	143	160	T	CGTCC	ok	False
chr3	18038047	18038048	-	0.921348	mod_ratio	89	107	T	CGTTT	ok	False
chr3	18038055	18038056	-	0.552239	mod_ratio	134	156	T	GGTTC	ok	True
chr3	18050403	18050404	+	0.809524	mod_ratio	84	97	A	AGACA	ok	True
chr3	18050819	18050820	+	0.554054	mod_ratio	74	112	A	AAACC	ok	True
chr3	18051141	18051142	+	0.523364	mod_ratio	107	126	A	GGACC	ok	True
chr3	18051245	18051246	+	0.924528	mod_ratio	106	142	A	AGACA	ok	True
chr3	18051357	18051358	+	0.580645	mod_ratio	124	144	A	GGACC	ok	True
chr3	18052849	18052850	-	0.7625	mod_ratio	80	95	T	TGTTT	ok	True
chr3	18052857	18052858	-	0.517647	mod_ratio	85	103	T	GGTTT	ok	True
chr3	18053028	18053029	-	0.876923	mod_ratio	65	79	T	CGTTT	ok	False
chr3	18053763	18053764	-	0.346154	mod_ratio	78	87	T	CGTCC	ok	False
chr3	18072394	18072395	+	0.96	mod_ratio	25	28	A	AGACA	ok	True
chr3	18074307	18074308	+	0.828571	mod_ratio	35	40	A	AAACC	ok	True
chr3	18122551	18122552	-	0.941176	mod_ratio	34	44	T	CGTCT	ok	False
chr3	18122713	18122714	-	0.931034	mod_ratio	29	35	T	TGTCT	ok	True
chr3	18122767	18122768	-	0.888889	mod_ratio	27	28	T	TGTTT	ok	True
chr3	18122882	18122883	-	1	mod_ratio	22	29	T	CGTTT	ok	False
chr3	18140927	18140928	-	0.303097	mod_ratio	452	604	T	TGTCT	ok	True
chr3	18140969	18140970	-	0.344887	mod_ratio	577	654	T	AGTTC	ok	True
chr3	18141276	18141277	-	0.696552	mod_ratio	580	672	T	TGTTT	ok	True
chr3	18141488	18141489	-	0.179795	mod_ratio	584	659	T	AGTTC	ok	True
chr3	18141885	18141886	-	0.472727	mod_ratio	55	636	T	GGTTT	ok	True
chr3	18142065	18142066	-	0.103896	mod_ratio	539	597	T	AGTCT	ok	True
chr3	18142180	18142181	-	0.325444	mod_ratio	507	575	T	TGTTC	ok	True
chr3	18159028	18159029	-	0.580311	mod_ratio	193	219	T	TGTTT	ok	True
chr3	18159089	18159090	-	0.333333	mod_ratio	153	163	T	AGTTT	ok	True
chr3	18159090	18159091	-	0.521739	mod_ratio	46	213	T	GTTTT	ok	False
chr3	18160258	18160259	-	0.26	mod_ratio	100	135	T	AGTTT	ok	True
chr3	18160272	18160273	-	0.333333	mod_ratio	114	134	T	CGTCT	ok	False
chr3	18160295	18160296	-	0.705357	mod_ratio	112	132	T	GGTCC	ok	True
chr3	18160616	18160617	-	0.242718	mod_ratio	103	113	T	CGTCC	ok	False
chr3	18160633	18160634	-	0.339806	mod_ratio	103	111	T	AGTTC	ok	True
chr3	18160685	18160686	-	0.408602	mod_ratio	93	105	T	GGTCC	ok	True
chr3	18160841	18160842	-	0.535714	mod_ratio	84	100	T	CGTTC	ok	False
chr3	18161132	18161133	-	0.714286	mod_ratio	91	97	T	GGTTT	ok	True
chr3	18161171	18161172	-	0.494118	mod_ratio	85	94	T	CGTTC	ok	False
chr3	18166823	18166824	-	0.358824	mod_ratio	170	481	T	GGTCT	ok	True
chr3	18166902	18166903	-	0.227758	mod_ratio	562	700	T	AGTCT	ok	True
chr3	18166921	18166922	-	0.593819	mod_ratio	453	650	T	AGTTC	ok	True
chr3	18166922	18166923	-	0.378049	mod_ratio	82	714	T	GTTCC	ok	False
chr3	18166945	18166946	-	0.329173	mod_ratio	641	713	T	AGTTT	ok	True
chr3	18167102	18167103	-	0.147975	mod_ratio	642	713	T	AGTTC	ok	True
chr3	18167341	18167342	-	0.694301	mod_ratio	193	713	T	GTTTT	ok	False
chr3	18167361	18167362	-	0.391935	mod_ratio	620	702	T	TGTTT	ok	True
chr3	18167384	18167385	-	0.101871	mod_ratio	481	698	T	GGTTC	ok	True
chr3	18167796	18167797	-	0.478109	mod_ratio	571	660	T	GGTCC	ok	True
chr3	18197836	18197837	+	0.96	mod_ratio	25	27	A	AGACA	ok	True
chr3	18207854	18207855	+	0.678571	mod_ratio	56	67	A	GGACA	ok	True
chr3	18207993	18207994	+	0.846154	mod_ratio	65	71	A	GGACC	ok	True
chr3	18208827	18208828	+	0.870968	mod_ratio	62	75	A	AGACA	ok	True
chr3	18208847	18208848	+	0.532258	mod_ratio	62	72	A	GAACA	ok	True
chr3	18209678	18209679	+	0.506667	mod_ratio	75	86	A	AAACT	ok	True
chr3	18209882	18209883	+	0.295455	mod_ratio	88	97	A	AAACA	ok	True
chr3	18209967	18209968	+	0.298969	mod_ratio	97	101	A	GAACT	ok	True
chr3	18210094	18210095	+	0.270588	mod_ratio	85	98	A	AAACT	ok	True
chr3	18210103	18210104	+	0.47561	mod_ratio	82	101	A	AGACG	ok	False
chr3	18212004	18212005	-	0.594595	mod_ratio	37	40	T	CGTTC	ok	False
chr3	18253246	18253247	+	0.638889	mod_ratio	36	38	A	AAACA	ok	True
chr3	18333651	18333652	+	0.866667	mod_ratio	45	48	A	AGACA	ok	True
chr3	18333960	18333961	+	0.541667	mod_ratio	48	54	A	AAACC	ok	True
chr3	18341243	18341244	+	0.397849	mod_ratio	93	124	A	AGACT	ok	True
chr3	18341792	18341793	+	0.713043	mod_ratio	115	135	A	AAACC	ok	True
chr3	18341836	18341837	+	0.518519	mod_ratio	54	135	A	AAACG	ok	False
chr3	18341973	18341974	+	0.219512	mod_ratio	123	140	A	AAACC	ok	True
chr3	18342027	18342028	+	0.827586	mod_ratio	116	141	A	AAACG	ok	False
chr3	18342144	18342145	+	0.697674	mod_ratio	129	150	A	AGACC	ok	True
chr3	18342260	18342261	+	0.418605	mod_ratio	129	141	A	GAACT	ok	True
chr3	18342336	18342337	+	0.45098	mod_ratio	51	142	A	GGATT	ok	False
chr3	18370772	18370773	+	0.575758	mod_ratio	66	81	A	AAACT	ok	True
chr3	18370798	18370799	+	0.887097	mod_ratio	62	80	A	AAACA	ok	True
chr3	18370936	18370937	+	0.478261	mod_ratio	69	84	A	AAACA	ok	True
chr3	18371426	18371427	+	0.328767	mod_ratio	73	91	A	AAACC	ok	True
chr3	18371792	18371793	+	0.554054	mod_ratio	74	97	A	GGACC	ok	True
chr3	18371868	18371869	+	0.378378	mod_ratio	74	90	A	AAACA	ok	True
chr3	18375521	18375522	-	0.403226	mod_ratio	62	77	T	TGTTC	ok	True
chr3	18422744	18422745	+	0.369231	mod_ratio	65	72	A	AGACA	ok	True
chr3	18424282	18424283	+	0.648352	mod_ratio	91	103	A	AGACC	ok	True
chr3	18424548	18424549	+	0.539216	mod_ratio	102	107	A	AAACC	ok	True
chr3	18425550	18425551	+	0.79	mod_ratio	100	121	A	AAACT	ok	True
chr3	18440230	18440231	-	0.679245	mod_ratio	53	65	T	GGTTT	ok	True
chr3	18440257	18440258	-	0.421053	mod_ratio	57	66	T	TGTTC	ok	True
chr3	18440298	18440299	-	0.818182	mod_ratio	44	65	T	TGTCT	ok	True
chr3	18441646	18441647	-	0.521739	mod_ratio	46	52	T	CGTCT	ok	False
chr3	18466296	18466297	+	0.769231	mod_ratio	52	59	A	AAACC	ok	True
chr3	18492446	18492447	-	0.636364	mod_ratio	55	68	T	TGTTT	ok	True
chr3	18492579	18492580	-	0.555556	mod_ratio	81	105	T	TGTTT	ok	True
chr3	18492910	18492911	-	0.664	mod_ratio	125	137	T	GGTTT	ok	True
chr3	18493184	18493185	-	0.715789	mod_ratio	95	128	T	AGTTT	ok	True
chr3	18504286	18504287	+	0.48	mod_ratio	175	796	A	AGACT	ok	True
chr3	18504501	18504502	+	0.435504	mod_ratio	783	960	A	GGACG	ok	False
chr3	18504583	18504584	+	0.377239	mod_ratio	949	1017	A	GAACA	ok	True
chr3	18504593	18504594	+	0.286307	mod_ratio	241	1019	A	GAACG	ok	False
chr3	18504681	18504682	+	0.74359	mod_ratio	936	1051	A	GGACG	ok	False
chr3	18504740	18504741	+	0.209302	mod_ratio	946	1052	A	GAACG	ok	False
chr3	18504871	18504872	+	0.501987	mod_ratio	755	1000	A	AGACA	ok	True
chr3	18504879	18504880	+	0.180272	mod_ratio	294	1028	A	GAACT	ok	True
chr3	18514855	18514856	+	0.62069	mod_ratio	58	72	A	AGACG	ok	False
chr3	18515073	18515074	+	0.907407	mod_ratio	54	81	A	AAACG	ok	False
chr3	18515149	18515150	+	0.347222	mod_ratio	72	80	A	AAACC	ok	True
chr3	18515302	18515303	+	0.352941	mod_ratio	68	79	A	GAACG	ok	False
chr3	18535357	18535358	+	0.604167	mod_ratio	48	59	A	AAACG	ok	False
chr3	18535861	18535862	+	0.517857	mod_ratio	56	62	A	GAACT	ok	True
chr3	18535881	18535882	+	0.442308	mod_ratio	52	60	A	GGACT	ok	True
chr3	18535899	18535900	+	0.46	mod_ratio	50	57	A	GGACA	ok	True
chr3	18536218	18536219	+	0.438596	mod_ratio	57	62	A	GAACT	ok	True
chr3	18536548	18536549	+	0.795918	mod_ratio	49	66	A	GGACA	ok	True
chr3	18536575	18536576	+	0.607843	mod_ratio	51	67	A	AGACA	ok	True
chr3	18674694	18674695	+	0.578947	mod_ratio	38	41	A	AGACG	ok	False
chr3	18675269	18675270	+	0.837209	mod_ratio	43	50	A	AAACG	ok	False
chr3	18717643	18717644	-	0.645161	mod_ratio	62	63	T	GGTTT	ok	True
chr3	18761843	18761844	-	0.925926	mod_ratio	27	28	T	GGTCC	ok	True
chr3	18834429	18834430	-	0.352113	mod_ratio	71	88	T	AGTTT	ok	True
chr3	18834430	18834431	-	0.430769	mod_ratio	65	159	T	GTTTT	ok	False
chr3	18834436	18834437	-	0.66129	mod_ratio	62	197	T	GTTTT	ok	False
chr3	18890969	18890970	-	0.460417	mod_ratio	1440	1557	T	TGTTT	ok	True
chr3	18890970	18890971	-	0.312236	mod_ratio	237	1798	T	GTTTC	ok	False
chr3	18891023	18891024	-	0.96	mod_ratio	25	1799	T	CGTAC	ok	False
chr3	18891120	18891121	-	0.335484	mod_ratio	310	1809	T	TGTCT	ok	True
chr3	18891278	18891279	-	0.738337	mod_ratio	1479	1757	T	GGTCC	ok	True
chr3	18891458	18891459	-	0.584675	mod_ratio	1553	1644	T	CGTCT	ok	False
chr3	18891576	18891577	-	0.335135	mod_ratio	1480	1615	T	GGTCC	ok	True
chr3	18891625	18891626	-	0.118313	mod_ratio	972	1255	T	TGTTT	ok	True
chr3	18891626	18891627	-	0.155063	mod_ratio	316	1603	T	GTTTT	ok	False
chr3	18891737	18891738	-	0.791667	mod_ratio	1416	1543	T	TGTCT	ok	True
chr3	18892144	18892145	-	0.217357	mod_ratio	1279	1444	T	AGTCT	ok	True
chr3	18892192	18892193	-	0.106188	mod_ratio	1309	1425	T	AGTCT	ok	True
chr3	18892217	18892218	-	0.271144	mod_ratio	1206	1391	T	GGTTT	ok	True
chr3	18892222	18892223	-	0.72496	mod_ratio	1258	1405	T	GGTTT	ok	True
chr3	18894055	18894056	-	0.5	mod_ratio	48	54	T	AGTTT	ok	True
chr3	18894172	18894173	-	0.444444	mod_ratio	54	62	T	TGTTT	ok	True
chr3	18940845	18940846	+	0.704918	mod_ratio	61	71	A	AAACC	ok	True
chr3	18941079	18941080	+	0.753846	mod_ratio	65	75	A	AAACT	ok	True
chr3	18941085	18941086	+	0.513889	mod_ratio	72	79	A	GAACC	ok	True
chr3	18941193	18941194	+	0.529412	mod_ratio	68	80	A	AAACT	ok	True
chr3	18941304	18941305	+	0.549296	mod_ratio	71	84	A	AAACT	ok	True
chr3	18945199	18945200	-	0.930233	mod_ratio	43	55	T	AGTTT	ok	True
chr3	18945265	18945266	-	0.833333	mod_ratio	30	36	T	TGTTT	ok	True
chr3	18945838	18945839	-	0.547619	mod_ratio	42	51	T	GGTTT	ok	True
chr3	18946061	18946062	-	0.884615	mod_ratio	26	48	T	GGTCT	ok	True
chr3	18946384	18946385	-	0.585366	mod_ratio	41	45	T	TGTCT	ok	True
chr3	18946446	18946447	-	0.731707	mod_ratio	41	45	T	CGTTT	ok	False
chr3	18946872	18946873	-	0.626866	mod_ratio	67	82	T	TGTTT	ok	True
chr3	18946978	18946979	-	0.723684	mod_ratio	76	83	T	CGTTC	ok	False
chr3	18947778	18947779	-	0.421053	mod_ratio	57	67	T	GGTTT	ok	True
chr3	18997427	18997428	+	0.84375	mod_ratio	32	35	A	AAACG	ok	False
chr3	18999054	18999055	+	0.695652	mod_ratio	46	57	A	AAACA	ok	True
chr3	18999513	18999514	+	0.625	mod_ratio	40	67	A	GAACA	ok	True
chr3	19025472	19025473	+	0.487179	mod_ratio	156	182	A	GGACG	ok	False
chr3	19025482	19025483	+	0.396825	mod_ratio	126	183	A	GAACG	ok	False
chr3	19025916	19025917	+	0.131148	mod_ratio	183	211	A	AAACA	ok	True
chr3	19025922	19025923	+	0.447917	mod_ratio	192	204	A	AGACT	ok	True
chr3	19026078	19026079	+	0.191919	mod_ratio	198	221	A	GGACC	ok	True
chr3	19026136	19026137	+	0.227979	mod_ratio	193	225	A	GGACT	ok	True
chr3	19026161	19026162	+	0.519337	mod_ratio	181	225	A	GAACC	ok	True
chr3	19026183	19026184	+	0.132979	mod_ratio	188	228	A	AGACC	ok	True
chr3	19026224	19026225	+	0.174757	mod_ratio	206	226	A	AGACA	ok	True
chr3	19026811	19026812	+	0.306122	mod_ratio	98	125	A	AAACA	ok	True
chr3	19031842	19031843	+	0.38961	mod_ratio	77	90	A	GGACT	ok	True
chr3	19032059	19032060	+	0.719512	mod_ratio	82	94	A	AGACC	ok	True
chr3	19032170	19032171	+	0.360825	mod_ratio	97	103	A	AAACT	ok	True
chr3	19032833	19032834	+	0.419753	mod_ratio	81	111	A	AGACC	ok	True
chr3	19032931	19032932	+	0.626506	mod_ratio	83	97	A	GAACT	ok	True
chr3	19033018	19033019	+	0.772727	mod_ratio	44	64	A	AAACA	ok	True
chr3	19070323	19070324	+	0.793103	mod_ratio	29	33	A	AGACG	ok	False
chr3	19070727	19070728	+	0.925926	mod_ratio	27	37	A	AGACA	ok	True
chr3	19071652	19071653	+	0.903226	mod_ratio	31	40	A	AAACG	ok	False
chr3	19071923	19071924	+	0.578947	mod_ratio	38	43	A	GGACC	ok	True
chr3	19084356	19084357	+	0.882353	mod_ratio	34	38	A	AAACG	ok	False
chr3	19085255	19085256	+	0.628571	mod_ratio	35	39	A	GAACT	ok	True
chr3	19085451	19085452	+	0.580645	mod_ratio	62	67	A	AAACA	ok	True
chr3	19095936	19095937	+	0.870968	mod_ratio	31	33	A	AGACC	ok	True
chr3	19109260	19109261	+	0.632479	mod_ratio	117	137	A	GAACG	ok	False
chr3	19109379	19109380	+	0.40566	mod_ratio	106	141	A	AAACG	ok	False
chr3	19139115	19139116	-	0.192308	mod_ratio	650	940	T	AGTCC	ok	True
chr3	19170136	19170137	+	0.882353	mod_ratio	34	38	A	AAACG	ok	False
chr3	19170409	19170410	+	0.75	mod_ratio	32	40	A	AAACG	ok	False
chr3	19186987	19186988	+	0.125714	mod_ratio	175	207	A	GAACC	ok	True
chr3	19187685	19187686	+	0.545045	mod_ratio	222	250	A	GGACA	ok	True
chr3	19187708	19187709	+	0.427885	mod_ratio	208	249	A	GGACT	ok	True
chr3	19187731	19187732	+	0.642157	mod_ratio	204	233	A	AAACT	ok	True
chr3	19188070	19188071	+	0.229437	mod_ratio	231	255	A	GAACT	ok	True
chr3	19188298	19188299	+	0.109091	mod_ratio	220	260	A	AGACG	ok	False
chr3	19188318	19188319	+	0.123894	mod_ratio	226	259	A	GGACC	ok	True
chr3	19188359	19188360	+	0.536585	mod_ratio	123	263	A	AAACG	ok	False
chr3	19188445	19188446	+	0.600962	mod_ratio	208	263	A	AAACG	ok	False
chr3	19188555	19188556	+	0.518248	mod_ratio	137	254	A	AAACA	ok	True
chr3	19206982	19206983	-	0.709677	mod_ratio	31	34	T	AGTTT	ok	True
chr3	19211150	19211151	-	0.424658	mod_ratio	73	134	T	TGTTT	ok	True
chr3	19211159	19211160	-	0.413793	mod_ratio	58	138	T	TTTTT	ok	False
chr3	19211218	19211219	-	0.659091	mod_ratio	132	156	T	AGTTT	ok	True
chr3	19211285	19211286	-	0.793893	mod_ratio	131	158	T	CGTCC	ok	False
chr3	19211897	19211898	-	0.745902	mod_ratio	122	141	T	TGTTT	ok	True
chr3	19211988	19211989	-	0.929825	mod_ratio	114	135	T	CGTCT	ok	False
chr3	19212164	19212165	-	0.33945	mod_ratio	109	122	T	TGTTT	ok	True
chr3	19212216	19212217	-	0.76699	mod_ratio	103	117	T	TGTTT	ok	True
chr3	19216149	19216150	-	0.821429	mod_ratio	28	52	T	CGTTT	ok	False
chr3	19216177	19216178	-	0.560976	mod_ratio	82	114	T	TGTTT	ok	True
chr3	19216486	19216487	-	0.369697	mod_ratio	165	190	T	GGTCC	ok	True
chr3	19217053	19217054	-	0.166667	mod_ratio	168	180	T	TGTCT	ok	True
chr3	19217084	19217085	-	0.318182	mod_ratio	154	170	T	AGTTT	ok	True
chr3	19217118	19217119	-	0.136646	mod_ratio	161	177	T	AGTCC	ok	True
chr3	19217475	19217476	-	0.455882	mod_ratio	68	151	T	GTTTT	ok	False
chr3	19217959	19217960	-	0.232143	mod_ratio	112	142	T	TGTCT	ok	True
chr3	19218119	19218120	-	0.773585	mod_ratio	106	139	T	GGTCC	ok	True
chr3	19218490	19218491	-	0.428571	mod_ratio	112	133	T	AGTTT	ok	True
chr3	19218562	19218563	-	0.336	mod_ratio	125	132	T	TGTCT	ok	True
chr3	19219011	19219012	-	0.925926	mod_ratio	27	46	T	TGTTT	ok	True
chr3	19225676	19225677	-	0.709677	mod_ratio	62	112	T	GGTTT	ok	True
chr3	19225722	19225723	-	0.544444	mod_ratio	90	102	T	TGTTT	ok	True
chr3	19225925	19225926	-	0.295918	mod_ratio	98	109	T	AGTTT	ok	True
chr3	19226472	19226473	-	0.361446	mod_ratio	83	106	T	CGTCT	ok	False
chr3	19226552	19226553	-	0.519481	mod_ratio	77	101	T	GGTTT	ok	True
chr3	19246056	19246057	+	0.88	mod_ratio	25	30	A	AGACG	ok	False
chr3	19269080	19269081	-	0.300546	mod_ratio	183	196	T	TGTTC	ok	True
chr3	19269290	19269291	-	0.393333	mod_ratio	150	186	T	TGTTC	ok	True
chr3	19269341	19269342	-	0.179641	mod_ratio	167	190	T	AGTCT	ok	True
chr3	19278242	19278243	-	0.32967	mod_ratio	91	97	T	TGTTT	ok	True
chr3	19279048	19279049	-	0.361111	mod_ratio	72	81	T	CGTCC	ok	False
chr3	19279097	19279098	-	0.6	mod_ratio	75	81	T	TGTTT	ok	True
chr3	19279371	19279372	-	0.619048	mod_ratio	63	72	T	GGTCC	ok	True
chr3	19279534	19279535	-	0.809524	mod_ratio	63	71	T	TGTCT	ok	True
chr3	19279745	19279746	-	0.948718	mod_ratio	39	56	T	CGTTT	ok	False
chr3	19279917	19279918	-	0.928571	mod_ratio	42	65	T	GTTTT	ok	False
chr3	19279997	19279998	-	0.655172	mod_ratio	58	69	T	CGTCC	ok	False
chr3	19280265	19280266	-	0.581818	mod_ratio	55	59	T	AGTCT	ok	True
chr3	19280354	19280355	-	0.819672	mod_ratio	61	66	T	GGTCT	ok	True
chr3	19280491	19280492	-	0.586957	mod_ratio	46	49	T	TGTCT	ok	True
chr3	19304720	19304721	-	0.758621	mod_ratio	29	31	T	AGTTT	ok	True
chr3	19311328	19311329	-	0.648649	mod_ratio	37	48	T	CGTTT	ok	False
chr3	19311592	19311593	-	0.970588	mod_ratio	34	37	T	CGTTC	ok	False
chr3	19311893	19311894	-	0.931034	mod_ratio	29	32	T	CGTCT	ok	False
chr3	19318260	19318261	-	0.648649	mod_ratio	74	96	T	TGTCC	ok	True
chr3	19318983	19318984	-	0.293333	mod_ratio	75	88	T	CGTTC	ok	False
chr3	19342108	19342109	+	0.841121	mod_ratio	214	246	A	AAACC	ok	True
chr3	19342202	19342203	+	0.226244	mod_ratio	221	252	A	GAACT	ok	True
chr3	19342223	19342224	+	0.153509	mod_ratio	228	262	A	GAACG	ok	False
chr3	19342264	19342265	+	0.537234	mod_ratio	188	270	A	AAACC	ok	True
chr3	19342278	19342279	+	0.754464	mod_ratio	224	271	A	GGACC	ok	True
chr3	19342328	19342329	+	0.330544	mod_ratio	239	274	A	GGACG	ok	False
chr3	19342354	19342355	+	0.693277	mod_ratio	238	275	A	AAACT	ok	True
chr3	19342701	19342702	+	0.283019	mod_ratio	265	302	A	AAACC	ok	True
chr3	19342879	19342880	+	0.134545	mod_ratio	275	323	A	GAACT	ok	True
chr3	19343062	19343063	+	0.103571	mod_ratio	280	324	A	GGACA	ok	True
chr3	19343198	19343199	+	0.738636	mod_ratio	264	313	A	AAACC	ok	True
chr3	19344304	19344305	+	0.828571	mod_ratio	35	38	A	AAACA	ok	True
chr3	19371467	19371468	+	0.605263	mod_ratio	152	190	A	AAACC	ok	True
chr3	19371485	19371486	+	0.280488	mod_ratio	164	199	A	GAACC	ok	True
chr3	19371507	19371508	+	0.179641	mod_ratio	167	196	A	AGACT	ok	True
chr3	19372305	19372306	+	0.139303	mod_ratio	201	215	A	GAACG	ok	False
chr3	19372461	19372462	+	0.604478	mod_ratio	134	192	A	AAACT	ok	True
chr3	19372534	19372535	+	0.291262	mod_ratio	103	173	A	GGACT	ok	True
chr3	19396739	19396740	+	0.213068	mod_ratio	352	384	A	GGACT	ok	True
chr3	19396844	19396845	+	0.115942	mod_ratio	345	403	A	AGACC	ok	True
chr3	19397283	19397284	+	0.146789	mod_ratio	327	410	A	GAACC	ok	True
chr3	19397289	19397290	+	0.392265	mod_ratio	362	412	A	GAACC	ok	True
chr3	19397827	19397828	+	0.377358	mod_ratio	371	428	A	GAACT	ok	True
chr3	19397842	19397843	+	0.376963	mod_ratio	382	429	A	GAACA	ok	True
chr3	19397866	19397867	+	0.251889	mod_ratio	397	432	A	GAACG	ok	False
chr3	19398067	19398068	+	0.265664	mod_ratio	399	440	A	GAACT	ok	True
chr3	19398263	19398264	+	0.743083	mod_ratio	253	378	A	AAACG	ok	False
chr3	19408552	19408553	+	0.9	mod_ratio	40	48	A	AGACG	ok	False
chr3	19408577	19408578	+	0.9	mod_ratio	40	44	A	AGACA	ok	True
chr3	19408999	19409000	+	0.90625	mod_ratio	32	51	A	AAACG	ok	False
chr3	19412311	19412312	+	0.303797	mod_ratio	79	85	A	AAACC	ok	True
chr3	19412796	19412797	+	0.5	mod_ratio	82	93	A	AAACT	ok	True
chr3	19421755	19421756	+	0.45098	mod_ratio	102	112	A	AAACT	ok	True
chr3	19421831	19421832	+	0.30303	mod_ratio	99	124	A	AAACC	ok	True
chr3	19422038	19422039	+	0.405797	mod_ratio	138	142	A	GAACT	ok	True
chr3	19422725	19422726	+	0.478873	mod_ratio	142	174	A	GGACG	ok	False
chr3	19422764	19422765	+	0.364238	mod_ratio	151	177	A	AAACC	ok	True
chr3	19422892	19422893	+	0.503145	mod_ratio	159	180	A	AGACT	ok	True
chr3	19451217	19451218	+	0.423077	mod_ratio	52	63	A	GGACC	ok	True
chr3	19451421	19451422	+	0.641509	mod_ratio	53	61	A	AAACT	ok	True
chr3	19494965	19494966	-	0.557143	mod_ratio	70	80	T	GGTTT	ok	True
chr3	19503285	19503286	+	0.578947	mod_ratio	57	112	A	AAACC	ok	True
chr3	19503644	19503645	+	0.396694	mod_ratio	121	140	A	GGACC	ok	True
chr3	19503814	19503815	+	0.230769	mod_ratio	117	139	A	GGACG	ok	False
chr3	19504817	19504818	+	0.576471	mod_ratio	85	148	A	GAACA	ok	True
chr3	19505685	19505686	+	0.448276	mod_ratio	145	1093	A	AAACC	ok	True
chr3	19505700	19505701	+	0.144059	mod_ratio	951	1100	A	AGACC	ok	True
chr3	19505761	19505762	+	0.474423	mod_ratio	997	1122	A	AGACA	ok	True
chr3	19506685	19506686	+	0.438786	mod_ratio	1021	1176	A	AGACT	ok	True
chr3	19506800	19506801	+	0.120205	mod_ratio	391	1003	A	GGATT	ok	False
chr3	19506829	19506830	+	0.75	mod_ratio	32	466	A	TTACG	ok	False
chr3	19514420	19514421	+	0.657895	mod_ratio	38	47	A	GGACC	ok	True
chr3	19538749	19538750	-	0.371681	mod_ratio	113	136	T	AGTTT	ok	True
chr3	19538813	19538814	-	0.619565	mod_ratio	92	181	T	GTTTT	ok	False
chr3	19538832	19538833	-	0.255556	mod_ratio	180	208	T	GGTTT	ok	True
chr3	19538902	19538903	-	0.300546	mod_ratio	183	211	T	GGTCT	ok	True
chr3	19538927	19538928	-	0.634409	mod_ratio	186	210	T	TGTCC	ok	True
chr3	19538947	19538948	-	0.165775	mod_ratio	187	208	T	AGTTC	ok	True
chr3	19539642	19539643	-	0.735484	mod_ratio	155	198	T	GGTCC	ok	True
chr3	19539715	19539716	-	0.724551	mod_ratio	167	194	T	CGTTC	ok	False
chr3	19539775	19539776	-	0.429907	mod_ratio	107	119	T	AGTCT	ok	True
chr3	19539777	19539778	-	0.309859	mod_ratio	71	192	T	TCTCT	ok	False
chr3	19540450	19540451	-	0.2	mod_ratio	145	173	T	TGTTC	ok	True
chr3	19540571	19540572	-	0.768657	mod_ratio	134	172	T	CGTTT	ok	False
chr3	19540688	19540689	-	0.438356	mod_ratio	146	163	T	GGTTT	ok	True
chr3	19540706	19540707	-	0.226562	mod_ratio	128	164	T	GGTTT	ok	True
chr3	19540749	19540750	-	0.645833	mod_ratio	144	162	T	TGTCT	ok	True
chr3	19541122	19541123	-	0.298077	mod_ratio	104	121	T	TGTTT	ok	True
chr3	19541134	19541135	-	0.369048	mod_ratio	84	101	T	TGTTT	ok	True
chr3	19543032	19543033	-	0.492063	mod_ratio	63	286	T	CATCC	ok	False
chr3	19543117	19543118	-	0.224771	mod_ratio	218	289	T	GGTCT	ok	True
chr3	19543713	19543714	-	0.173611	mod_ratio	144	284	T	CGTTC	ok	False
chr3	19544113	19544114	-	0.237209	mod_ratio	215	277	T	AGTTT	ok	True
chr3	19544181	19544182	-	0.675676	mod_ratio	37	275	T	GTTTT	ok	False
chr3	19546790	19546791	-	0.533333	mod_ratio	45	50	T	TGTTT	ok	True
chr3	19569773	19569774	+	0.894737	mod_ratio	38	44	A	AAACG	ok	False
chr3	19583189	19583190	+	0.833333	mod_ratio	30	32	A	AAACC	ok	True
chr3	19583200	19583201	+	0.733333	mod_ratio	30	32	A	AGACA	ok	True
chr3	19584033	19584034	+	0.757576	mod_ratio	33	37	A	AGACT	ok	True
chr3	19585013	19585014	+	0.690476	mod_ratio	42	46	A	GAACG	ok	False
chr3	19585094	19585095	+	0.717949	mod_ratio	39	46	A	GGACA	ok	True
chr3	19585739	19585740	+	0.725	mod_ratio	40	51	A	GGACA	ok	True
chr3	19585791	19585792	+	0.659091	mod_ratio	44	51	A	GGACG	ok	False
chr3	19586012	19586013	+	0.48	mod_ratio	50	53	A	AAACC	ok	True
chr3	19586085	19586086	+	0.627907	mod_ratio	43	50	A	GGACA	ok	True
chr3	19590027	19590028	+	0.547619	mod_ratio	42	48	A	AGACA	ok	True
chr3	19591769	19591770	+	0.511111	mod_ratio	45	63	A	GGACT	ok	True
chr3	19591806	19591807	+	0.5	mod_ratio	48	66	A	AAACA	ok	True
chr3	19592101	19592102	-	0.851852	mod_ratio	27	30	T	TGTCT	ok	True
chr3	19593690	19593691	-	0.69697	mod_ratio	33	36	T	TGTTT	ok	True
chr3	19593921	19593922	-	0.931034	mod_ratio	29	34	T	TGTCT	ok	True
chr3	19594012	19594013	-	0.821429	mod_ratio	28	32	T	TGTCT	ok	True
chr3	19601338	19601339	-	0.5	mod_ratio	108	211	T	GGTTC	ok	True
chr3	19601375	19601376	-	0.318681	mod_ratio	182	208	T	AGTTT	ok	True
chr3	19601422	19601423	-	0.215686	mod_ratio	102	237	T	TTTTT	ok	False
chr3	19601452	19601453	-	0.455026	mod_ratio	189	211	T	AGTTT	ok	True
chr3	19601456	19601457	-	0.318182	mod_ratio	132	160	T	TGTTT	ok	True
chr3	19601457	19601458	-	0.482353	mod_ratio	85	238	T	GTTTT	ok	False
chr3	19601470	19601471	-	0.505319	mod_ratio	188	231	T	TGTTT	ok	True
chr3	19601506	19601507	-	0.325472	mod_ratio	212	234	T	TGTTT	ok	True
chr3	19601654	19601655	-	0.56	mod_ratio	200	226	T	GGTTT	ok	True
chr3	19601669	19601670	-	0.538462	mod_ratio	52	224	T	TGTCT	ok	True
chr3	19602082	19602083	-	0.163121	mod_ratio	141	160	T	TGTTT	ok	True
chr3	19602100	19602101	-	0.872928	mod_ratio	181	202	T	GGTCT	ok	True
chr3	19602550	19602551	-	0.183544	mod_ratio	158	184	T	TGTTC	ok	True
chr3	19602576	19602577	-	0.20915	mod_ratio	153	176	T	TGTTT	ok	True
chr3	19602589	19602590	-	0.191617	mod_ratio	167	177	T	AGTCT	ok	True
chr3	19603047	19603048	-	0.714286	mod_ratio	133	159	T	CGTCT	ok	False
chr3	19603329	19603330	-	0.40678	mod_ratio	59	66	T	AGTTT	ok	True
chr3	19604388	19604389	-	0.353846	mod_ratio	65	97	T	CGTTT	ok	False
chr3	19625323	19625324	+	0.697674	mod_ratio	43	47	A	AGACA	ok	True
chr3	19625397	19625398	+	0.765957	mod_ratio	47	51	A	AAACC	ok	True
chr3	19625955	19625956	+	0.55102	mod_ratio	49	55	A	AGACA	ok	True
chr3	19627165	19627166	-	0.156118	mod_ratio	237	271	T	GGTTC	ok	True
chr3	19627207	19627208	-	0.384328	mod_ratio	268	327	T	TGTTT	ok	True
chr3	19627568	19627569	-	0.652542	mod_ratio	354	426	T	CGTCC	ok	False
chr3	19627623	19627624	-	0.419098	mod_ratio	377	403	T	CGTTC	ok	False
chr3	19628107	19628108	-	0.735593	mod_ratio	295	326	T	GGTCT	ok	True
chr3	19628119	19628120	-	0.341912	mod_ratio	272	325	T	GGTTC	ok	True
chr3	19628320	19628321	-	0.191235	mod_ratio	251	284	T	AGTCT	ok	True
chr3	19628396	19628397	-	0.114754	mod_ratio	244	301	T	CGTCT	ok	False
chr3	19628404	19628405	-	0.650558	mod_ratio	269	298	T	GGTCT	ok	True
chr3	19639983	19639984	+	0.902439	mod_ratio	123	140	A	AAACA	ok	True
chr3	19640069	19640070	+	0.476744	mod_ratio	86	132	A	AAACA	ok	True
chr3	19649646	19649647	+	0.605263	mod_ratio	38	47	A	GGACC	ok	True
chr3	19651121	19651122	+	0.583333	mod_ratio	48	55	A	AGACC	ok	True
chr3	19651148	19651149	+	0.813953	mod_ratio	43	56	A	AGACA	ok	True
chr3	19651747	19651748	+	0.754717	mod_ratio	53	64	A	AGACA	ok	True
chr3	19652106	19652107	+	0.4	mod_ratio	55	65	A	AAACG	ok	False
chr3	19660578	19660579	-	0.349776	mod_ratio	223	244	T	AGTTC	ok	True
chr3	19660602	19660603	-	0.386139	mod_ratio	404	555	T	AGTCT	ok	True
chr3	19660653	19660654	-	0.561514	mod_ratio	317	539	T	GGTTT	ok	True
chr3	19660659	19660660	-	0.446927	mod_ratio	179	307	T	TGTTT	ok	True
chr3	19661521	19661522	-	0.382301	mod_ratio	565	617	T	CGTCC	ok	False
chr3	19690447	19690448	+	0.594595	mod_ratio	37	39	A	AAACC	ok	True
chr3	19710483	19710484	+	0.964286	mod_ratio	28	30	A	AAACA	ok	True
chr3	19744119	19744120	-	0.357143	mod_ratio	84	122	T	AGTTT	ok	True
chr3	19744280	19744281	-	0.849711	mod_ratio	173	185	T	CGTTC	ok	False
chr3	19744398	19744399	-	0.47619	mod_ratio	168	180	T	CGTTC	ok	False
chr3	19744473	19744474	-	0.545455	mod_ratio	165	177	T	AGTTC	ok	True
chr3	19744587	19744588	-	0.378151	mod_ratio	119	162	T	AGTCT	ok	True
chr3	19744624	19744625	-	0.855172	mod_ratio	145	160	T	TGTCT	ok	True
chr3	19744803	19744804	-	0.25	mod_ratio	124	148	T	AGTTT	ok	True
chr3	19744807	19744808	-	0.947368	mod_ratio	133	147	T	TGTCT	ok	True
chr3	19744828	19744829	-	0.416667	mod_ratio	132	142	T	TGTCT	ok	True
chr3	19745366	19745367	-	0.390625	mod_ratio	64	122	T	GTTTT	ok	False
chr3	19745371	19745372	-	0.39823	mod_ratio	113	122	T	GGTTT	ok	True
chr3	19745467	19745468	-	0.597938	mod_ratio	97	117	T	TGTCC	ok	True
chr3	19745479	19745480	-	0.380282	mod_ratio	71	79	T	TGTTT	ok	True
chr3	19745811	19745812	-	0.376471	mod_ratio	85	103	T	GGTTC	ok	True
chr3	19745996	19745997	-	0.425287	mod_ratio	87	96	T	CGTTC	ok	False
chr3	19746228	19746229	-	0.329412	mod_ratio	85	91	T	TGTTT	ok	True
chr3	19746246	19746247	-	0.56	mod_ratio	50	86	T	GTTTT	ok	False
chr3	19746418	19746419	-	0.4	mod_ratio	70	84	T	TGTCC	ok	True
chr3	19746670	19746671	-	0.5625	mod_ratio	48	61	T	TGTTT	ok	True
chr3	19803741	19803742	-	0.813268	mod_ratio	2442	2862	T	CGTTT	ok	False
chr3	19803895	19803896	-	0.656014	mod_ratio	1721	2942	T	GGTTT	ok	True
chr3	19803904	19803905	-	0.207547	mod_ratio	2597	2877	T	TGTTT	ok	True
chr3	19804007	19804008	-	0.473815	mod_ratio	2406	2878	T	GGTCC	ok	True
chr3	19804122	19804123	-	0.347368	mod_ratio	95	2820	T	CATCC	ok	False
chr3	19804396	19804397	-	0.37414	mod_ratio	2034	2332	T	AGTCT	ok	True
chr3	19804410	19804411	-	0.811594	mod_ratio	2139	2605	T	CGTTT	ok	False
chr3	19804417	19804418	-	0.316456	mod_ratio	79	2659	T	GGTCA	ok	True
chr3	19805406	19805407	-	0.31	mod_ratio	100	2256	T	TCTCT	ok	False
chr3	19805411	19805412	-	0.798628	mod_ratio	2041	2268	T	TGTCT	ok	True
chr3	19809731	19809732	-	0.233696	mod_ratio	184	322	T	GGTTT	ok	True
chr3	19809755	19809756	-	0.215447	mod_ratio	246	602	T	AATCC	ok	False
chr3	19809801	19809802	-	0.326531	mod_ratio	98	714	T	AGTTC	ok	True
chr3	19809952	19809953	-	0.202229	mod_ratio	628	745	T	GGTCT	ok	True
chr3	19809989	19809990	-	0.450893	mod_ratio	672	744	T	CGTTC	ok	False
chr3	19810010	19810011	-	0.195565	mod_ratio	496	734	T	AGTCC	ok	True
chr3	19810227	19810228	-	0.243286	mod_ratio	633	696	T	AGTCC	ok	True
chr3	19810378	19810379	-	0.904236	mod_ratio	543	669	T	GGTCC	ok	True
chr3	19810405	19810406	-	0.110619	mod_ratio	226	661	T	GTTTT	ok	False
chr3	19810412	19810413	-	0.152401	mod_ratio	479	627	T	AGTTT	ok	True
chr3	19819545	19819546	-	0.666667	mod_ratio	54	251	T	GTTTT	ok	False
chr3	19819556	19819557	-	0.946154	mod_ratio	260	270	T	TGTCT	ok	True
chr3	19819987	19819988	-	0.193396	mod_ratio	212	245	T	TGTCC	ok	True
chr3	19821226	19821227	-	0.184932	mod_ratio	146	186	T	CGTTT	ok	False
chr3	19821315	19821316	-	0.349593	mod_ratio	123	154	T	AGTTT	ok	True
chr3	19823053	19823054	+	0.469697	mod_ratio	66	84	A	GGACA	ok	True
chr3	19823214	19823215	+	0.380952	mod_ratio	63	86	A	GGACA	ok	True
chr3	19834392	19834393	-	0.66129	mod_ratio	62	82	T	AGTTT	ok	True
chr3	19834623	19834624	-	0.284091	mod_ratio	88	98	T	TGTCT	ok	True
chr3	19834758	19834759	-	0.804598	mod_ratio	87	96	T	GGTCT	ok	True
chr3	19835394	19835395	-	0.8	mod_ratio	35	74	T	GTTTT	ok	False
chr3	19860269	19860270	-	0.97561	mod_ratio	41	47	T	CGTTT	ok	False
chr3	19864952	19864953	+	0.941176	mod_ratio	51	62	A	GGACG	ok	False
chr3	19864994	19864995	+	0.785714	mod_ratio	56	64	A	AGACA	ok	True
chr3	19865760	19865761	+	0.823529	mod_ratio	34	73	A	GGACA	ok	True
chr3	19866085	19866086	+	0.727273	mod_ratio	77	86	A	GAACT	ok	True
chr3	19866978	19866979	+	0.896104	mod_ratio	77	90	A	AAACG	ok	False
chr3	19867021	19867022	+	0.324675	mod_ratio	77	92	A	GGATT	ok	False
chr3	19867060	19867061	+	0.767442	mod_ratio	43	79	A	AAACC	ok	True
chr3	19876812	19876813	-	0.611111	mod_ratio	36	43	T	CGTTT	ok	False
chr3	19883936	19883937	+	0.611111	mod_ratio	36	50	A	GGACG	ok	False
chr3	19884044	19884045	+	0.666667	mod_ratio	45	53	A	GGACG	ok	False
chr3	19884094	19884095	+	0.725	mod_ratio	40	54	A	AGACG	ok	False
chr3	19884150	19884151	+	0.557692	mod_ratio	52	55	A	AGACC	ok	True
chr3	19904190	19904191	-	0.909091	mod_ratio	33	34	T	TGTCT	ok	True
chr3	19912575	19912576	-	0.845133	mod_ratio	226	266	T	CGTTT	ok	False
chr3	19912681	19912682	-	0.15	mod_ratio	180	264	T	AGTTC	ok	True
chr3	19912685	19912686	-	0.278008	mod_ratio	241	275	T	CGTCC	ok	False
chr3	19912713	19912714	-	0.81982	mod_ratio	222	272	T	CGTCC	ok	False
chr3	19912807	19912808	-	0.171674	mod_ratio	233	257	T	AGTCT	ok	True
chr3	19912874	19912875	-	0.169014	mod_ratio	213	267	T	GGTTT	ok	True
chr3	19913769	19913770	-	0.671587	mod_ratio	271	426	T	AGTTT	ok	True
chr3	19913789	19913790	-	0.718204	mod_ratio	401	651	T	GGTCT	ok	True
chr3	19913812	19913813	-	0.323864	mod_ratio	528	684	T	AGTCC	ok	True
chr3	19913835	19913836	-	0.691358	mod_ratio	81	696	T	AATTC	ok	False
chr3	19914159	19914160	-	0.968442	mod_ratio	507	670	T	CGTTT	ok	False
chr3	19914163	19914164	-	0.104746	mod_ratio	611	713	T	TGTCT	ok	True
chr3	19914235	19914236	-	0.145315	mod_ratio	523	684	T	AGTTT	ok	True
chr3	19914263	19914264	-	0.506912	mod_ratio	217	292	T	CGTTT	ok	False
chr3	19914747	19914748	-	0.32049	mod_ratio	571	669	T	CGTCT	ok	False
chr3	19914762	19914763	-	0.184116	mod_ratio	554	658	T	TGTCC	ok	True
chr3	19914769	19914770	-	0.201401	mod_ratio	571	662	T	TGTTC	ok	True
chr3	19952452	19952453	+	0.21875	mod_ratio	416	460	A	AGACT	ok	True
chr3	19952465	19952466	+	0.610526	mod_ratio	380	455	A	AGACA	ok	True
chr3	19952480	19952481	+	0.776536	mod_ratio	358	465	A	AGACA	ok	True
chr3	19952609	19952610	+	0.79902	mod_ratio	408	472	A	GGACC	ok	True
chr3	19952838	19952839	+	0.810811	mod_ratio	37	468	A	TGACA	ok	True
chr3	19952842	19952843	+	0.181818	mod_ratio	132	470	A	AGATT	ok	False
chr3	19952870	19952871	+	0.761092	mod_ratio	293	412	A	AGACA	ok	True
chr3	19955579	19955580	-	0.857143	mod_ratio	63	680	T	TCTCT	ok	False
chr3	19955590	19955591	-	0.43617	mod_ratio	564	669	T	TGTTT	ok	True
chr3	19955636	19955637	-	0.561644	mod_ratio	73	685	T	TGTCT	ok	True
chr3	19955873	19955874	-	0.236084	mod_ratio	521	644	T	TGTTT	ok	True
chr3	19987616	19987617	-	0.2375	mod_ratio	160	170	T	GGTTC	ok	True
chr3	19987918	19987919	-	0.864662	mod_ratio	133	167	T	CGTTT	ok	False
chr3	19988060	19988061	-	0.470968	mod_ratio	155	164	T	CGTCC	ok	False
chr3	19988105	19988106	-	0.587413	mod_ratio	143	162	T	TGTCT	ok	True
chr3	19988148	19988149	-	0.247934	mod_ratio	121	161	T	TGTTC	ok	True
chr3	19989504	19989505	-	0.506849	mod_ratio	73	136	T	GGTTC	ok	True
chr3	19989656	19989657	-	0.223881	mod_ratio	134	165	T	CGTTT	ok	False
chr3	19990495	19990496	-	0.80315	mod_ratio	127	144	T	AGTTT	ok	True
chr3	20017151	20017152	+	0.792717	mod_ratio	357	418	A	AGACG	ok	False
chr3	20017157	20017158	+	0.846154	mod_ratio	91	416	A	AAACG	ok	False
chr3	20017186	20017187	+	0.363171	mod_ratio	391	413	A	GAACT	ok	True
chr3	20017193	20017194	+	0.70195	mod_ratio	359	420	A	AAACG	ok	False
chr3	20017216	20017217	+	0.81016	mod_ratio	374	427	A	AGACA	ok	True
chr3	20018020	20018021	+	0.198157	mod_ratio	217	501	A	AAACA	ok	True
chr3	20018083	20018084	+	0.426273	mod_ratio	373	547	A	GGACG	ok	False
chr3	20018090	20018091	+	0.604	mod_ratio	500	544	A	AAACT	ok	True
chr3	20018119	20018120	+	0.42915	mod_ratio	494	550	A	GGACC	ok	True
chr3	20018187	20018188	+	0.13371	mod_ratio	531	569	A	GGACT	ok	True
chr3	20018291	20018292	+	0.280464	mod_ratio	517	596	A	GAACA	ok	True
chr3	20018318	20018319	+	0.121101	mod_ratio	545	597	A	GGACA	ok	True
chr3	20018539	20018540	+	0.655502	mod_ratio	418	550	A	AAACA	ok	True
chr3	20018577	20018578	+	0.490566	mod_ratio	53	497	A	TGACT	ok	True
chr3	20018664	20018665	+	0.422018	mod_ratio	109	200	A	AAACT	ok	True
chr3	20018679	20018680	+	0.652174	mod_ratio	46	66	A	AAACC	ok	True
chr3	20040135	20040136	+	0.733333	mod_ratio	45	61	A	AGACA	ok	True
chr3	20040253	20040254	+	0.8	mod_ratio	55	63	A	GGACC	ok	True
chr3	20040801	20040802	+	0.642857	mod_ratio	42	69	A	GGACG	ok	False
chr3	20040818	20040819	+	0.709677	mod_ratio	62	70	A	GAACG	ok	False
chr3	20040843	20040844	+	0.557692	mod_ratio	52	69	A	GAACA	ok	True
chr3	20040997	20040998	+	0.459016	mod_ratio	61	69	A	AGACA	ok	True
chr3	20067536	20067537	-	0.857143	mod_ratio	42	91	T	AGTTT	ok	True
chr3	20067614	20067615	-	0.816594	mod_ratio	229	718	T	TTTTT	ok	False
chr3	20067803	20067804	-	0.143657	mod_ratio	536	713	T	TGTTT	ok	True
chr3	20067852	20067853	-	0.144518	mod_ratio	602	708	T	CGTCT	ok	False
chr3	20067916	20067917	-	0.271829	mod_ratio	607	699	T	CGTCT	ok	False
chr3	20067978	20067979	-	0.211073	mod_ratio	578	683	T	GGTCC	ok	True
chr3	20067990	20067991	-	0.288566	mod_ratio	551	636	T	TGTTC	ok	True
chr3	20068010	20068011	-	0.422877	mod_ratio	577	675	T	CGTCC	ok	False
chr3	20068016	20068017	-	0.459662	mod_ratio	533	646	T	TGTCT	ok	True
chr3	20068166	20068167	-	0.244165	mod_ratio	557	641	T	AGTCC	ok	True
chr3	20085981	20085982	-	0.621622	mod_ratio	37	41	T	TGTCT	ok	True
chr3	20086558	20086559	-	0.956522	mod_ratio	23	33	T	CGTTT	ok	False
chr3	20128568	20128569	-	0.597701	mod_ratio	87	111	T	GGTTT	ok	True
chr3	20128580	20128581	-	0.225225	mod_ratio	111	122	T	AGTTT	ok	True
chr3	20129694	20129695	-	0.36	mod_ratio	100	113	T	CGTCT	ok	False
chr3	20129904	20129905	-	0.632184	mod_ratio	87	102	T	AGTTT	ok	True
chr3	20130965	20130966	-	0.761905	mod_ratio	84	92	T	TGTTC	ok	True
chr3	20131283	20131284	-	0.69863	mod_ratio	73	81	T	TGTTT	ok	True
chr3	20140187	20140188	-	0.914286	mod_ratio	35	50	T	CGTTT	ok	False
chr3	20140465	20140466	-	0.612903	mod_ratio	62	68	T	TGTCT	ok	True
chr3	20141055	20141056	-	0.867925	mod_ratio	53	60	T	GGTCC	ok	True
chr3	20141236	20141237	-	0.785714	mod_ratio	28	55	T	AGTTT	ok	True
chr3	20168184	20168185	-	0.603448	mod_ratio	58	64	T	AGTCT	ok	True
chr3	20169488	20169489	-	0.577778	mod_ratio	45	48	T	AGTTC	ok	True
chr3	20171437	20171438	-	0.964286	mod_ratio	28	32	T	TGTCT	ok	True
chr3	20175434	20175435	-	0.536585	mod_ratio	41	61	T	GGTTT	ok	True
chr3	20175514	20175515	-	0.594595	mod_ratio	37	126	T	GTTTT	ok	False
chr3	20175591	20175592	-	0.235849	mod_ratio	106	124	T	TGTTT	ok	True
chr3	20175616	20175617	-	0.947368	mod_ratio	95	131	T	TGTCT	ok	True
chr3	20175896	20175897	-	0.283333	mod_ratio	120	134	T	GGTCC	ok	True
chr3	20176074	20176075	-	0.22807	mod_ratio	114	130	T	TGTCT	ok	True
chr3	20176354	20176355	-	0.366071	mod_ratio	112	125	T	AGTCT	ok	True
chr3	20176614	20176615	-	0.247619	mod_ratio	105	116	T	TGTTC	ok	True
chr3	20176803	20176804	-	0.789474	mod_ratio	95	116	T	CGTCT	ok	False
chr3	20177036	20177037	-	0.712871	mod_ratio	101	111	T	TGTCC	ok	True
chr3	20177553	20177554	-	0.282828	mod_ratio	99	103	T	AGTTC	ok	True
chr3	20178382	20178383	-	0.907692	mod_ratio	65	87	T	TGTCT	ok	True
chr3	20178401	20178402	-	0.385714	mod_ratio	70	83	T	TGTTC	ok	True
chr3	20178457	20178458	-	0.863014	mod_ratio	73	81	T	TGTCT	ok	True
chr3	20191775	20191776	+	0.965517	mod_ratio	29	30	A	AGACA	ok	True
chr3	20192343	20192344	+	0.851852	mod_ratio	27	32	A	AGACA	ok	True
chr3	20197180	20197181	+	0.5	mod_ratio	74	85	A	GGACG	ok	False
chr3	20197451	20197452	+	0.571429	mod_ratio	49	67	A	AAACC	ok	True
chr3	20197561	20197562	+	0.488889	mod_ratio	45	69	A	GGACA	ok	True
chr3	20197591	20197592	+	0.410256	mod_ratio	78	86	A	GAACT	ok	True
chr3	20211110	20211111	+	0.4625	mod_ratio	80	87	A	AGACT	ok	True
chr3	20211179	20211180	+	0.489362	mod_ratio	47	86	A	AAACT	ok	True
chr3	20211468	20211469	+	0.293333	mod_ratio	75	90	A	GAACT	ok	True
chr3	20211494	20211495	+	0.547945	mod_ratio	73	88	A	AAACG	ok	False
chr3	20211564	20211565	+	0.275862	mod_ratio	87	95	A	GAACT	ok	True
chr3	20211615	20211616	+	0.325843	mod_ratio	89	97	A	GAACT	ok	True
chr3	20211717	20211718	+	0.593407	mod_ratio	91	100	A	AAACC	ok	True
chr3	20211800	20211801	+	0.410526	mod_ratio	95	105	A	GGACG	ok	False
chr3	20212158	20212159	+	0.493976	mod_ratio	83	111	A	GGACG	ok	False
chr3	20212723	20212724	+	0.5	mod_ratio	116	129	A	GGACA	ok	True
chr3	20212770	20212771	+	0.350427	mod_ratio	117	130	A	GAACG	ok	False
chr3	20212918	20212919	+	0.401786	mod_ratio	112	125	A	AAACA	ok	True
chr3	20218249	20218250	-	0.710526	mod_ratio	38	41	T	GGTTT	ok	True
chr3	20219159	20219160	-	0.888889	mod_ratio	27	33	T	TGTCT	ok	True
chr3	20223328	20223329	-	0.469388	mod_ratio	49	55	T	TGTTT	ok	True
chr3	20223363	20223364	-	0.555556	mod_ratio	54	57	T	AGTTT	ok	True
chr3	20223545	20223546	-	0.72	mod_ratio	50	55	T	TGTTT	ok	True
chr3	20224402	20224403	-	0.692308	mod_ratio	39	43	T	CGTTT	ok	False
chr3	20229943	20229944	-	0.666667	mod_ratio	63	83	T	AGTTT	ok	True
chr3	20229944	20229945	-	0.755556	mod_ratio	45	128	T	GTTTT	ok	False
chr3	20230372	20230373	-	0.853659	mod_ratio	41	56	T	TGTTT	ok	True
chr3	20230373	20230374	-	0.883117	mod_ratio	77	138	T	GTTTT	ok	False
chr3	20230516	20230517	-	0.367188	mod_ratio	128	137	T	AGTCT	ok	True
chr3	20230807	20230808	-	0.298969	mod_ratio	97	123	T	AGTTT	ok	True
chr3	20230823	20230824	-	0.383929	mod_ratio	112	127	T	GGTCT	ok	True
chr3	20230862	20230863	-	0.266055	mod_ratio	109	122	T	AGTTC	ok	True
chr3	20230894	20230895	-	0.232759	mod_ratio	116	122	T	TGTTC	ok	True
chr3	20231002	20231003	-	0.648148	mod_ratio	108	119	T	TGTTC	ok	True
chr3	20232241	20232242	-	0.589744	mod_ratio	78	86	T	GGTCT	ok	True
chr3	20232852	20232853	-	0.6875	mod_ratio	64	77	T	GGTCT	ok	True
chr3	20232918	20232919	-	0.52381	mod_ratio	63	74	T	GGTTT	ok	True
chr3	20310469	20310470	+	0.787879	mod_ratio	33	41	A	AGACG	ok	False
chr3	20311692	20311693	+	0.594595	mod_ratio	37	44	A	GAACA	ok	True
chr3	20318869	20318870	+	0.470588	mod_ratio	51	57	A	GAACT	ok	True
chr3	20319629	20319630	+	0.407407	mod_ratio	54	64	A	AAACT	ok	True
chr3	20320448	20320449	+	0.71875	mod_ratio	64	74	A	AGACG	ok	False
chr3	20320460	20320461	+	0.818182	mod_ratio	66	74	A	AGACA	ok	True
chr3	20320862	20320863	+	0.366667	mod_ratio	60	74	A	AAACA	ok	True
chr3	20320922	20320923	+	0.5	mod_ratio	66	73	A	AAACT	ok	True
chr3	20337744	20337745	-	0.811321	mod_ratio	53	57	T	GGTTT	ok	True
chr3	20339555	20339556	-	0.578348	mod_ratio	702	784	T	GGTTC	ok	True
chr3	20339564	20339565	-	0.415781	mod_ratio	659	808	T	GGTTC	ok	True
chr3	20339635	20339636	-	0.185498	mod_ratio	3310	4876	T	TGTCT	ok	True
chr3	20339652	20339653	-	0.238481	mod_ratio	1975	2554	T	TGTTT	ok	True
chr3	20339653	20339654	-	0.106786	mod_ratio	2004	4664	T	GTTTT	ok	False
chr3	20339654	20339655	-	0.234568	mod_ratio	324	5001	T	TTTTT	ok	False
chr3	20339701	20339702	-	0.705882	mod_ratio	34	4810	T	CATTC	ok	False
chr3	20339783	20339784	-	0.113874	mod_ratio	4303	4969	T	GGTCC	ok	True
chr3	20339788	20339789	-	0.52605	mod_ratio	1785	4798	T	TGTCC	ok	True
chr3	20339983	20339984	-	0.675242	mod_ratio	3926	4874	T	GGTCC	ok	True
chr3	20340004	20340005	-	0.821429	mod_ratio	28	4823	T	GGTCA	ok	True
chr3	20340130	20340131	-	0.47027	mod_ratio	185	4542	T	GGTTT	ok	True
chr3	20340190	20340191	-	0.525424	mod_ratio	236	4362	T	AGTTT	ok	True
chr3	20340191	20340192	-	0.201493	mod_ratio	134	4544	T	GTTTC	ok	False
chr3	20340373	20340374	-	0.219512	mod_ratio	123	4383	T	GGTTC	ok	True
chr3	20340403	20340404	-	0.741379	mod_ratio	58	4370	T	GGTCA	ok	True
chr3	20340818	20340819	-	0.678206	mod_ratio	2831	4145	T	CGTTT	ok	False
chr3	20340911	20340912	-	0.271839	mod_ratio	3480	4063	T	AGTTC	ok	True
chr3	20340924	20340925	-	0.316905	mod_ratio	3490	4090	T	CGTTT	ok	False
chr3	20340938	20340939	-	0.433333	mod_ratio	60	3846	T	TGTCG	ok	False
chr3	20340941	20340942	-	0.769231	mod_ratio	52	3880	T	CGTTG	ok	False
chr3	20340946	20340947	-	0.385714	mod_ratio	70	3867	T	TGTTT	ok	True
chr3	20341730	20341731	-	0.159236	mod_ratio	157	217	T	TGTCT	ok	True
chr3	20342093	20342094	-	0.123596	mod_ratio	267	288	T	AGTCT	ok	True
chr3	20342100	20342101	-	0.172996	mod_ratio	237	295	T	CGTTC	ok	False
chr3	20342140	20342141	-	0.25641	mod_ratio	234	272	T	AGTTT	ok	True
chr3	20342203	20342204	-	0.401709	mod_ratio	234	282	T	GGTTT	ok	True
chr3	20342269	20342270	-	0.665217	mod_ratio	230	275	T	GGTTT	ok	True
chr3	20342349	20342350	-	0.338235	mod_ratio	204	242	T	CGTTT	ok	False
chr3	20342350	20342351	-	0.818182	mod_ratio	33	277	T	GTTTT	ok	False
chr3	20387065	20387066	+	0.92	mod_ratio	25	30	A	AAACG	ok	False
chr3	20388045	20388046	+	0.83871	mod_ratio	31	33	A	AAACA	ok	True
chr3	20388670	20388671	+	0.92	mod_ratio	25	28	A	AGACG	ok	False
chr3	20397916	20397917	+	0.621622	mod_ratio	37	38	A	AAACG	ok	False
chr3	20398555	20398556	-	0.857143	mod_ratio	28	57	T	GGTCT	ok	True
chr3	20399297	20399298	-	0.66	mod_ratio	50	60	T	CGTTT	ok	False
chr3	20430302	20430303	-	0.756098	mod_ratio	82	91	T	CGTCC	ok	False
chr3	20430438	20430439	-	0.621212	mod_ratio	66	88	T	GGTTT	ok	True
chr3	20430906	20430907	-	0.676056	mod_ratio	71	77	T	AGTTT	ok	True
chr3	20453050	20453051	-	0.660377	mod_ratio	53	88	T	TGTTT	ok	True
chr3	20472271	20472272	+	0.962963	mod_ratio	27	28	A	AAACA	ok	True
chr3	20479450	20479451	+	0.408451	mod_ratio	71	79	A	AAACC	ok	True
chr3	20479455	20479456	+	0.535211	mod_ratio	71	77	A	AAACT	ok	True
chr3	20479921	20479922	+	0.818182	mod_ratio	77	92	A	AGACA	ok	True
chr3	20480047	20480048	+	0.423529	mod_ratio	85	94	A	GAACT	ok	True
chr3	20480248	20480249	+	0.890411	mod_ratio	73	96	A	AAACG	ok	False
chr3	20480346	20480347	+	0.376812	mod_ratio	69	92	A	AAACA	ok	True
chr3	20501100	20501101	+	0.16791	mod_ratio	268	301	A	GGACA	ok	True
chr3	20501127	20501128	+	0.109434	mod_ratio	265	302	A	AGACA	ok	True
chr3	20501182	20501183	+	0.111524	mod_ratio	269	311	A	GAACA	ok	True
chr3	20501337	20501338	+	0.312281	mod_ratio	285	317	A	AGACC	ok	True
chr3	20501444	20501445	+	0.229965	mod_ratio	287	318	A	GAACA	ok	True
chr3	20501638	20501639	+	0.268456	mod_ratio	149	303	A	GGATT	ok	False
chr3	20514265	20514266	-	0.219512	mod_ratio	164	193	T	AGTTT	ok	True
chr3	20514498	20514499	-	0.359477	mod_ratio	153	169	T	TGTTT	ok	True
chr3	20521135	20521136	-	0.421053	mod_ratio	76	82	T	AGTCT	ok	True
chr3	20521429	20521430	-	0.430556	mod_ratio	72	80	T	GGTCT	ok	True
chr3	20521545	20521546	-	0.559322	mod_ratio	59	74	T	GGTCC	ok	True
chr3	20521778	20521779	-	0.894737	mod_ratio	57	63	T	CGTTT	ok	False
chr3	20521816	20521817	-	0.647059	mod_ratio	51	62	T	CGTCT	ok	False
chr3	20522036	20522037	-	0.44	mod_ratio	50	57	T	GGTTT	ok	True
chr3	20554165	20554166	+	0.201058	mod_ratio	567	606	A	GAACT	ok	True
chr3	20554606	20554607	+	0.458188	mod_ratio	574	633	A	AAACT	ok	True
chr3	20555495	20555496	+	0.272277	mod_ratio	606	715	A	AAACT	ok	True
chr3	20555523	20555524	+	0.108943	mod_ratio	615	727	A	GAACC	ok	True
chr3	20555542	20555543	+	0.254992	mod_ratio	651	731	A	GAACC	ok	True
chr3	20555722	20555723	+	0.103499	mod_ratio	686	749	A	GAACG	ok	False
chr3	20555890	20555891	+	0.75	mod_ratio	84	758	A	GGACA	ok	True
chr3	20556218	20556219	+	0.412037	mod_ratio	216	681	A	GAACG	ok	False
chr3	20561335	20561336	+	0.692308	mod_ratio	52	61	A	GGACC	ok	True
chr3	20563286	20563287	+	0.610169	mod_ratio	59	75	A	GGACA	ok	True
chr3	20563530	20563531	+	0.41791	mod_ratio	67	75	A	AAACT	ok	True
chr3	20594526	20594527	+	0.685714	mod_ratio	35	40	A	AAACC	ok	True
chr3	20625121	20625122	-	0.810345	mod_ratio	58	66	T	AGTTT	ok	True
chr3	20625577	20625578	-	0.421053	mod_ratio	76	84	T	AGTCC	ok	True
chr3	20635904	20635905	+	0.868421	mod_ratio	38	58	A	AGACA	ok	True
chr3	20636180	20636181	+	0.673469	mod_ratio	49	61	A	GGACC	ok	True
chr3	20638432	20638433	+	0.891892	mod_ratio	37	40	A	AGACA	ok	True
chr3	20638568	20638569	+	0.631579	mod_ratio	38	42	A	GGACG	ok	False
chr3	20638676	20638677	+	0.657895	mod_ratio	38	42	A	AAACA	ok	True
chr3	20639001	20639002	+	0.9	mod_ratio	40	45	A	AAACG	ok	False
chr3	20639208	20639209	+	0.666667	mod_ratio	42	47	A	GGACA	ok	True
chr3	20698648	20698649	+	0.726368	mod_ratio	201	304	A	GGACG	ok	False
chr3	20698802	20698803	+	0.864078	mod_ratio	206	272	A	GAACA	ok	True
chr3	20699404	20699405	+	0.874598	mod_ratio	311	345	A	AAACC	ok	True
chr3	20699921	20699922	+	0.190164	mod_ratio	305	349	A	AGACT	ok	True
chr3	20699951	20699952	+	0.555556	mod_ratio	270	352	A	AGACG	ok	False
chr3	20699961	20699962	+	0.462687	mod_ratio	67	314	A	AAACA	ok	True
chr3	20700004	20700005	+	0.4	mod_ratio	225	313	A	GAACT	ok	True
chr3	20704416	20704417	+	0.648649	mod_ratio	111	136	A	GGACG	ok	False
chr3	20704893	20704894	+	0.238095	mod_ratio	126	135	A	AGACA	ok	True
chr3	20705054	20705055	+	0.574074	mod_ratio	108	142	A	AAACG	ok	False
chr3	20705163	20705164	+	0.823529	mod_ratio	102	142	A	AAACT	ok	True
chr3	20705291	20705292	+	0.495146	mod_ratio	103	124	A	AAACT	ok	True
chr3	20709621	20709622	+	0.6	mod_ratio	85	630	A	AAAAC	ok	False
chr3	20709622	20709623	+	0.578488	mod_ratio	344	621	A	AAACC	ok	True
chr3	20710155	20710156	+	0.354227	mod_ratio	686	840	A	GAACA	ok	True
chr3	20710173	20710174	+	0.526171	mod_ratio	726	858	A	GAACA	ok	True
chr3	20710576	20710577	+	0.326531	mod_ratio	98	919	A	GAACC	ok	True
chr3	20710601	20710602	+	0.494845	mod_ratio	97	941	A	AGACA	ok	True
chr3	20710666	20710667	+	0.417027	mod_ratio	693	880	A	GAACC	ok	True
chr3	20711273	20711274	+	0.440133	mod_ratio	902	1074	A	GGACA	ok	True
chr3	20711367	20711368	+	0.793792	mod_ratio	902	1122	A	AAACC	ok	True
chr3	20711379	20711380	+	0.324663	mod_ratio	1038	1129	A	GAACA	ok	True
chr3	20711423	20711424	+	0.231195	mod_ratio	904	1129	A	AAACT	ok	True
chr3	20711464	20711465	+	0.324495	mod_ratio	792	1084	A	AAACC	ok	True
chr3	20711469	20711470	+	0.552083	mod_ratio	192	1053	A	GGATA	ok	False
chr3	20711509	20711510	+	0.137484	mod_ratio	771	965	A	AAACT	ok	True
chr3	20760641	20760642	-	0.758621	mod_ratio	29	37	T	CGTTT	ok	False
chr3	20778345	20778346	+	0.785714	mod_ratio	28	29	A	AAACG	ok	False
chr3	20789093	20789094	+	0.617284	mod_ratio	81	96	A	AAACA	ok	True
chr3	20789153	20789154	+	0.948718	mod_ratio	78	98	A	AAACA	ok	True
chr3	20789271	20789272	+	0.446809	mod_ratio	94	105	A	AAACC	ok	True
chr3	20789397	20789398	+	0.242105	mod_ratio	95	113	A	AAACC	ok	True
chr3	20790707	20790708	-	0.258065	mod_ratio	124	297	T	AATCC	ok	False
chr3	20790840	20790841	-	0.533019	mod_ratio	212	304	T	TGTCT	ok	True
chr3	20793152	20793153	-	0.666667	mod_ratio	45	50	T	TGTTC	ok	True
chr3	20793654	20793655	-	0.948718	mod_ratio	39	47	T	TGTCT	ok	True
chr3	20798385	20798386	-	0.780488	mod_ratio	41	46	T	CGTCT	ok	False
chr3	20798447	20798448	-	0.75	mod_ratio	36	43	T	TGTTT	ok	True
chr3	20798719	20798720	-	0.935484	mod_ratio	31	32	T	TGTCT	ok	True
chr3	20806707	20806708	-	0.672414	mod_ratio	58	66	T	AGTTT	ok	True
chr3	20806814	20806815	-	0.507042	mod_ratio	71	137	T	GTTTT	ok	False
chr3	20806976	20806977	-	0.670213	mod_ratio	94	111	T	TGTTT	ok	True
chr3	20806977	20806978	-	0.707317	mod_ratio	41	153	T	GTTTT	ok	False
chr3	20806999	20807000	-	0.293651	mod_ratio	126	153	T	GGTTC	ok	True
chr3	20807034	20807035	-	0.43609	mod_ratio	133	150	T	CGTTC	ok	False
chr3	20807279	20807280	-	0.270492	mod_ratio	122	139	T	AGTTC	ok	True
chr3	20814655	20814656	-	0.507042	mod_ratio	71	78	T	CGTTC	ok	False
chr3	20815164	20815165	-	0.522727	mod_ratio	44	68	T	CGTTT	ok	False
chr3	20827646	20827647	+	0.737705	mod_ratio	61	65	A	AGACG	ok	False
chr3	20827927	20827928	+	0.448276	mod_ratio	58	65	A	AAACT	ok	True
chr3	20828163	20828164	+	0.631579	mod_ratio	57	70	A	AAACG	ok	False
chr3	20828186	20828187	+	0.459016	mod_ratio	61	71	A	AAACC	ok	True
chr3	20832373	20832374	+	0.69697	mod_ratio	33	35	A	AAACT	ok	True
chr3	20835152	20835153	-	0.666667	mod_ratio	33	34	T	TGTCT	ok	True
chr3	20863308	20863309	-	0.914062	mod_ratio	384	714	T	GGTCC	ok	True
chr3	20863479	20863480	-	0.216255	mod_ratio	689	772	T	AGTCT	ok	True
chr3	20863501	20863502	-	0.250779	mod_ratio	642	768	T	GGTTC	ok	True
chr3	20863536	20863537	-	0.23876	mod_ratio	645	763	T	AGTCT	ok	True
chr3	20863542	20863543	-	0.126888	mod_ratio	662	753	T	AGTCT	ok	True
chr3	20863554	20863555	-	0.386517	mod_ratio	445	591	T	GGTTT	ok	True
chr3	20863555	20863556	-	0.298507	mod_ratio	134	763	T	GTTTT	ok	False
chr3	20863560	20863561	-	0.167183	mod_ratio	646	743	T	AGTCT	ok	True
chr3	20863572	20863573	-	0.393148	mod_ratio	613	743	T	GGTTT	ok	True
chr3	20863659	20863660	-	0.91195	mod_ratio	636	719	T	TGTTT	ok	True
chr3	20863929	20863930	-	0.584055	mod_ratio	577	689	T	GGTCT	ok	True
chr3	20878595	20878596	-	0.135021	mod_ratio	237	306	T	TGTCT	ok	True
chr3	20878602	20878603	-	0.330882	mod_ratio	272	320	T	TGTTT	ok	True
chr3	20878630	20878631	-	0.300395	mod_ratio	253	326	T	TGTTT	ok	True
chr3	20878634	20878635	-	0.262626	mod_ratio	198	308	T	TGTTT	ok	True
chr3	20878635	20878636	-	0.316327	mod_ratio	98	431	T	GTTTT	ok	False
chr3	20878694	20878695	-	0.625	mod_ratio	40	716	T	AATTT	ok	False
chr3	20878832	20878833	-	0.22975	mod_ratio	679	774	T	TGTCT	ok	True
chr3	20878851	20878852	-	0.144838	mod_ratio	649	757	T	TGTCC	ok	True
chr3	20878873	20878874	-	0.477435	mod_ratio	421	549	T	TGTTT	ok	True
chr3	20878874	20878875	-	0.300926	mod_ratio	216	763	T	GTTTT	ok	False
chr3	20879044	20879045	-	0.277056	mod_ratio	693	751	T	AGTCC	ok	True
chr3	20879468	20879469	-	0.216263	mod_ratio	578	687	T	GGTTC	ok	True
chr3	20883067	20883068	+	0.589744	mod_ratio	39	46	A	GGACG	ok	False
chr3	20883889	20883890	+	0.622222	mod_ratio	45	48	A	AAACC	ok	True
chr3	20884346	20884347	+	0.545455	mod_ratio	44	51	A	AAACC	ok	True
chr3	20884484	20884485	+	0.725	mod_ratio	40	52	A	AAACG	ok	False
chr3	20885542	20885543	+	0.698413	mod_ratio	63	70	A	GAACC	ok	True
chr3	20885721	20885722	+	1	mod_ratio	57	71	A	AGACA	ok	True
chr3	20885829	20885830	+	0.761905	mod_ratio	63	70	A	AAACC	ok	True
chr3	20885845	20885846	+	0.888889	mod_ratio	27	55	A	GGACA	ok	True
chr3	20892174	20892175	-	0.785714	mod_ratio	238	329	T	GGTCT	ok	True
chr3	20892183	20892184	-	0.762931	mod_ratio	232	362	T	CGTTT	ok	False
chr3	20892281	20892282	-	0.34471	mod_ratio	293	448	T	AGTTT	ok	True
chr3	20892731	20892732	-	0.160305	mod_ratio	393	470	T	CGTCT	ok	False
chr3	20892829	20892830	-	0.477341	mod_ratio	331	463	T	CGTCT	ok	False
chr3	20893046	20893047	-	0.26087	mod_ratio	368	450	T	TGTCC	ok	True
chr3	20893176	20893177	-	0.60686	mod_ratio	379	435	T	GGTTT	ok	True
chr3	20893344	20893345	-	0.316981	mod_ratio	265	394	T	TGTTT	ok	True
chr3	20897018	20897019	+	0.909091	mod_ratio	66	75	A	GGACA	ok	True
chr3	20897404	20897405	+	0.468354	mod_ratio	79	90	A	AAACC	ok	True
chr3	20897445	20897446	+	0.410959	mod_ratio	73	79	A	GAACA	ok	True
chr3	20932896	20932897	-	0.543478	mod_ratio	46	67	T	CGTTT	ok	False
chr3	20932953	20932954	-	0.433333	mod_ratio	60	77	T	GGTTC	ok	True
chr3	20933335	20933336	-	0.770492	mod_ratio	61	77	T	CGTCC	ok	False
chr3	20933594	20933595	-	0.446154	mod_ratio	65	72	T	TGTCT	ok	True
chr3	20934230	20934231	-	0.415094	mod_ratio	53	61	T	GGTTT	ok	True
chr3	20934312	20934313	-	0.407407	mod_ratio	54	61	T	TGTCT	ok	True
chr3	20942891	20942892	+	0.377778	mod_ratio	90	159	A	AAACA	ok	True
chr3	20943170	20943171	+	0.438017	mod_ratio	121	164	A	GGACG	ok	False
chr3	20943217	20943218	+	0.714286	mod_ratio	133	156	A	AAACG	ok	False
chr3	20943251	20943252	+	0.590909	mod_ratio	44	155	A	AAACC	ok	True
chr3	20985631	20985632	+	0.96	mod_ratio	75	81	A	AAACG	ok	False
chr3	20985947	20985948	+	0.479452	mod_ratio	73	86	A	AAACT	ok	True
chr3	20986039	20986040	+	0.690476	mod_ratio	42	51	A	AGACA	ok	True
chr3	20992202	20992203	+	0.547619	mod_ratio	42	49	A	GAACA	ok	True
chr3	20993021	20993022	+	0.756757	mod_ratio	37	51	A	GGACC	ok	True
chr3	21034814	21034815	-	0.590604	mod_ratio	149	193	T	TGTTC	ok	True
chr3	21034856	21034857	-	0.402715	mod_ratio	221	268	T	CGTCT	ok	False
chr3	21034885	21034886	-	0.557692	mod_ratio	156	236	T	AGTCC	ok	True
chr3	21034947	21034948	-	0.269388	mod_ratio	245	273	T	AGTTT	ok	True
chr3	21034962	21034963	-	0.549296	mod_ratio	213	247	T	TGTTT	ok	True
chr3	21034967	21034968	-	0.214286	mod_ratio	238	273	T	GGTTC	ok	True
chr3	21035095	21035096	-	0.271967	mod_ratio	239	272	T	GGTTT	ok	True
chr3	21035143	21035144	-	0.120419	mod_ratio	191	271	T	GGTCC	ok	True
chr3	21035194	21035195	-	0.302222	mod_ratio	225	268	T	TGTCC	ok	True
chr3	21035218	21035219	-	0.165217	mod_ratio	230	260	T	GGTTC	ok	True
chr3	21035278	21035279	-	0.107143	mod_ratio	224	257	T	TGTCT	ok	True
chr3	21035307	21035308	-	0.238579	mod_ratio	197	256	T	TGTCC	ok	True
chr3	21035924	21035925	-	0.305785	mod_ratio	121	216	T	TTTTT	ok	False
chr3	21069425	21069426	-	0.538462	mod_ratio	104	279	T	GGTTT	ok	True
chr3	21069456	21069457	-	0.440476	mod_ratio	84	1022	T	AATCC	ok	False
chr3	21069493	21069494	-	0.446978	mod_ratio	877	1127	T	GGTCT	ok	True
chr3	21069695	21069696	-	0.4	mod_ratio	975	1154	T	AGTTT	ok	True
chr3	21069728	21069729	-	0.638858	mod_ratio	911	1079	T	AGTTT	ok	True
chr3	21069757	21069758	-	0.209056	mod_ratio	1038	1151	T	AGTCT	ok	True
chr3	21069764	21069765	-	0.117944	mod_ratio	992	1142	T	GGTTC	ok	True
chr3	21069840	21069841	-	0.117939	mod_ratio	1009	1112	T	AGTTC	ok	True
chr3	21069893	21069894	-	0.34447	mod_ratio	868	1032	T	GGTTT	ok	True
chr3	21076619	21076620	+	0.725183	mod_ratio	957	1061	A	AAACC	ok	True
chr3	21076654	21076655	+	0.57394	mod_ratio	967	1070	A	AAACC	ok	True
chr3	21076761	21076762	+	0.298851	mod_ratio	261	1119	A	GAACG	ok	False
chr3	21076813	21076814	+	0.205597	mod_ratio	929	1132	A	GGACT	ok	True
chr3	21076829	21076830	+	0.604831	mod_ratio	1035	1138	A	GAACA	ok	True
chr3	21076858	21076859	+	0.159681	mod_ratio	1002	1139	A	GAACC	ok	True
chr3	21076902	21076903	+	0.350913	mod_ratio	986	1155	A	AGACC	ok	True
chr3	21076917	21076918	+	0.105505	mod_ratio	1090	1156	A	AGACA	ok	True
chr3	21076957	21076958	+	0.515901	mod_ratio	283	1183	A	AGACA	ok	True
chr3	21076970	21076971	+	0.389046	mod_ratio	1059	1181	A	GGACC	ok	True
chr3	21077288	21077289	+	0.483725	mod_ratio	1106	1223	A	AAACC	ok	True
chr3	21077337	21077338	+	0.261883	mod_ratio	1115	1240	A	AGACA	ok	True
chr3	21077430	21077431	+	0.302979	mod_ratio	1175	1268	A	GAACA	ok	True
chr3	21077578	21077579	+	0.137963	mod_ratio	1080	1241	A	AGACA	ok	True
chr3	21077646	21077647	+	0.296625	mod_ratio	1126	1381	A	AGACG	ok	False
chr3	21077891	21077892	+	0.397306	mod_ratio	891	1264	A	AAACA	ok	True
chr3	21077893	21077894	+	0.281481	mod_ratio	135	1441	A	ACACA	ok	False
chr3	21078005	21078006	+	0.576733	mod_ratio	1212	1527	A	AGACA	ok	True
chr3	21078009	21078010	+	0.17217	mod_ratio	1272	1511	A	AAACC	ok	True
chr3	21078014	21078015	+	0.265399	mod_ratio	1315	1521	A	GAACC	ok	True
chr3	21078054	21078055	+	0.222222	mod_ratio	153	1582	A	GAACC	ok	True
chr3	21078333	21078334	+	0.771586	mod_ratio	1274	1550	A	AAACT	ok	True
chr3	21078341	21078342	+	0.262669	mod_ratio	1184	1466	A	AAACA	ok	True
chr3	21078367	21078368	+	0.448322	mod_ratio	745	982	A	AAACT	ok	True
chr3	21078404	21078405	+	0.310811	mod_ratio	74	99	A	GGACT	ok	True
chr3	21079030	21079031	-	0.925926	mod_ratio	27	31	T	AGTTT	ok	True
chr3	21098654	21098655	-	0.434211	mod_ratio	152	177	T	CGTCT	ok	False
chr3	21098688	21098689	-	0.704918	mod_ratio	122	159	T	GGTTT	ok	True
chr3	21098724	21098725	-	0.323944	mod_ratio	142	165	T	AGTTT	ok	True
chr3	21098965	21098966	-	0.222222	mod_ratio	135	151	T	TGTTT	ok	True
chr3	21098998	21098999	-	0.246377	mod_ratio	138	153	T	TGTCC	ok	True
chr3	21099085	21099086	-	0.246032	mod_ratio	126	149	T	CGTCC	ok	False
chr3	21099287	21099288	-	0.188525	mod_ratio	122	144	T	CGTCT	ok	False
chr3	21099367	21099368	-	0.59	mod_ratio	100	138	T	GGTCC	ok	True
chr3	21099472	21099473	-	0.685714	mod_ratio	35	74	T	GTTTT	ok	False
chr3	21100167	21100168	-	0.52	mod_ratio	100	117	T	GGTCT	ok	True
chr3	21100224	21100225	-	0.483871	mod_ratio	93	113	T	GGTTT	ok	True
chr3	21109910	21109911	+	0.55	mod_ratio	40	48	A	AAACT	ok	True
chr3	21110305	21110306	+	0.938776	mod_ratio	49	59	A	AGACA	ok	True
chr3	21110918	21110919	+	0.694915	mod_ratio	59	70	A	AAACC	ok	True
chr3	21110951	21110952	+	0.66129	mod_ratio	62	70	A	AAACC	ok	True
chr3	21111003	21111004	+	0.924242	mod_ratio	66	72	A	AGACA	ok	True
chr3	21111070	21111071	+	0.457143	mod_ratio	70	72	A	AAACA	ok	True
chr3	21112253	21112254	-	0.413333	mod_ratio	75	80	T	GGTTT	ok	True
chr3	21112649	21112650	-	0.461538	mod_ratio	65	75	T	TGTCT	ok	True
chr3	21113228	21113229	-	0.578125	mod_ratio	64	67	T	TGTCT	ok	True
chr3	21113295	21113296	-	0.830508	mod_ratio	59	66	T	CGTCT	ok	False
chr3	21114573	21114574	-	0.555556	mod_ratio	45	53	T	CGTCT	ok	False
chr3	21121859	21121860	+	0.521739	mod_ratio	46	47	A	AAACT	ok	True
chr3	21129224	21129225	+	0.878049	mod_ratio	41	47	A	AAACG	ok	False
chr3	21196634	21196635	-	0.418182	mod_ratio	55	80	T	TGTTC	ok	True
chr3	21196648	21196649	-	0.851852	mod_ratio	27	90	T	GATCC	ok	False
chr3	21196750	21196751	-	0.416667	mod_ratio	60	94	T	GTTTT	ok	False
chr3	21196812	21196813	-	0.292135	mod_ratio	89	98	T	TGTTC	ok	True
chr3	21196845	21196846	-	0.409639	mod_ratio	83	96	T	CGTCC	ok	False
chr3	21196867	21196868	-	0.521127	mod_ratio	71	88	T	GGTTT	ok	True
chr3	21197068	21197069	-	0.333333	mod_ratio	84	90	T	AGTTC	ok	True
chr3	21197325	21197326	-	0.594595	mod_ratio	74	88	T	GGTTT	ok	True
chr3	21198056	21198057	-	0.555556	mod_ratio	63	82	T	TGTCT	ok	True
chr3	21198084	21198085	-	0.736111	mod_ratio	72	81	T	TGTCC	ok	True
chr3	21198155	21198156	-	0.545455	mod_ratio	66	77	T	GGTTT	ok	True
chr3	21198919	21198920	-	0.953125	mod_ratio	64	75	T	CGTCT	ok	False
chr3	21199017	21199018	-	1	mod_ratio	54	72	T	TGTCC	ok	True
chr3	21210116	21210117	+	0.578947	mod_ratio	38	42	A	AAACC	ok	True
chr3	21210322	21210323	+	0.685714	mod_ratio	35	42	A	AGACA	ok	True
chr3	21210423	21210424	+	0.594595	mod_ratio	37	43	A	AAACT	ok	True
chr3	21219340	21219341	+	0.88	mod_ratio	25	30	A	AGACG	ok	False
chr3	21220230	21220231	+	0.914286	mod_ratio	35	40	A	AAACG	ok	False
chr3	21239922	21239923	+	0.970588	mod_ratio	34	45	A	AAACG	ok	False
chr3	21261982	21261983	+	0.551282	mod_ratio	78	99	A	AAACA	ok	True
chr3	21262052	21262053	+	0.51087	mod_ratio	92	114	A	GGACG	ok	False
chr3	21262099	21262100	+	0.848485	mod_ratio	99	115	A	AGACG	ok	False
chr3	21262234	21262235	+	0.392157	mod_ratio	102	121	A	GAACC	ok	True
chr3	21262240	21262241	+	0.307692	mod_ratio	91	99	A	GAACT	ok	True
chr3	21288980	21288981	-	0.625	mod_ratio	120	137	T	GGTCT	ok	True
chr3	21289328	21289329	-	0.735294	mod_ratio	34	125	T	GTTTT	ok	False
chr3	21289811	21289812	-	0.392857	mod_ratio	84	95	T	TGTTC	ok	True
chr3	21290473	21290474	-	0.422535	mod_ratio	71	92	T	CGTCT	ok	False
chr3	21290597	21290598	-	0.508197	mod_ratio	61	82	T	GGTTT	ok	True
chr3	21290608	21290609	-	0.355263	mod_ratio	76	84	T	TGTTC	ok	True
chr3	21290802	21290803	-	0.528571	mod_ratio	70	79	T	TGTTC	ok	True
chr3	21290823	21290824	-	0.650794	mod_ratio	63	78	T	GGTTT	ok	True
chr3	21291484	21291485	-	0.360656	mod_ratio	61	72	T	CGTCT	ok	False
chr3	21291678	21291679	-	0.517241	mod_ratio	58	72	T	CGTCC	ok	False
chr3	21291702	21291703	-	0.6	mod_ratio	50	71	T	AGTCT	ok	True
chr3	21291967	21291968	-	0.872727	mod_ratio	55	68	T	TGTCT	ok	True
chr3	21291990	21291991	-	0.578947	mod_ratio	57	68	T	GGTTC	ok	True
chr3	21292980	21292981	-	0.627451	mod_ratio	51	61	T	CGTCC	ok	False
chr3	21309240	21309241	+	0.884615	mod_ratio	26	32	A	AGACG	ok	False
chr3	21334636	21334637	-	0.445946	mod_ratio	74	81	T	AGTTT	ok	True
chr3	21335015	21335016	-	0.441176	mod_ratio	68	77	T	CGTTC	ok	False
chr3	21335520	21335521	-	0.65	mod_ratio	40	64	T	TGTCC	ok	True
chr3	21336486	21336487	-	0.818182	mod_ratio	33	47	T	CGTTT	ok	False
chr3	21405017	21405018	-	0.607843	mod_ratio	51	61	T	TGTCC	ok	True
chr3	21408233	21408234	-	0.9375	mod_ratio	32	39	T	GGTCT	ok	True
chr3	21428711	21428712	-	0.578947	mod_ratio	114	146	T	TGTCT	ok	True
chr3	21428803	21428804	-	0.733945	mod_ratio	109	136	T	AGTTT	ok	True
chr3	21428804	21428805	-	0.897959	mod_ratio	49	190	T	GTTTT	ok	False
chr3	21428828	21428829	-	0.306122	mod_ratio	147	178	T	GGTTT	ok	True
chr3	21429011	21429012	-	0.220126	mod_ratio	159	189	T	TGTCT	ok	True
chr3	21429223	21429224	-	0.570513	mod_ratio	156	180	T	AGTTC	ok	True
chr3	21429343	21429344	-	0.503759	mod_ratio	133	176	T	AGTCT	ok	True
chr3	21429878	21429879	-	0.184713	mod_ratio	157	176	T	AGTTC	ok	True
chr3	21470475	21470476	-	0.921569	mod_ratio	51	52	T	CGTTT	ok	False
chr3	21470530	21470531	-	0.813953	mod_ratio	43	49	T	CGTTC	ok	False
chr3	21471165	21471166	-	0.945946	mod_ratio	37	41	T	CGTTT	ok	False
chr3	21529913	21529914	-	0.7	mod_ratio	50	67	T	AGTTT	ok	True
chr3	21530220	21530221	-	0.557143	mod_ratio	70	85	T	CGTCC	ok	False
chr3	21531476	21531477	-	0.47619	mod_ratio	63	69	T	CGTTC	ok	False
chr3	21531730	21531731	-	0.389831	mod_ratio	59	65	T	AGTTT	ok	True
chr3	21532311	21532312	-	0.921569	mod_ratio	51	54	T	CGTTT	ok	False
chr3	21543342	21543343	-	0.783784	mod_ratio	37	38	T	CGTTT	ok	False
chr3	21627908	21627909	-	0.71875	mod_ratio	32	36	T	TGTTT	ok	True
chr3	21635309	21635310	-	0.318681	mod_ratio	91	106	T	AGTTC	ok	True
chr3	21635336	21635337	-	0.375	mod_ratio	80	91	T	GGTTT	ok	True
chr3	21635562	21635563	-	0.24	mod_ratio	100	112	T	GGTTC	ok	True
chr3	21635727	21635728	-	0.636364	mod_ratio	77	103	T	AGTTT	ok	True
chr3	21637887	21637888	-	0.407407	mod_ratio	81	90	T	TGTCC	ok	True
chr3	21650892	21650893	-	0.666667	mod_ratio	33	34	T	TGTTT	ok	True
chr3	21671809	21671810	+	0.779221	mod_ratio	154	174	A	AGACA	ok	True
chr3	21672002	21672003	+	0.176871	mod_ratio	147	184	A	AGACT	ok	True
chr3	21672344	21672345	+	0.65896	mod_ratio	173	192	A	GGACC	ok	True
chr3	21672789	21672790	+	0.913295	mod_ratio	173	206	A	AAACA	ok	True
chr3	21672844	21672845	+	0.125	mod_ratio	192	215	A	GGACT	ok	True
chr3	21673164	21673165	+	0.39267	mod_ratio	191	235	A	GAACA	ok	True
chr3	21673403	21673404	+	0.207547	mod_ratio	212	238	A	GGACT	ok	True
chr3	21673565	21673566	+	0.147826	mod_ratio	230	260	A	AGACT	ok	True
chr3	21673812	21673813	+	0.493724	mod_ratio	239	284	A	AGACA	ok	True
chr3	21674502	21674503	+	0.118421	mod_ratio	304	337	A	AGACC	ok	True
chr3	21707315	21707316	+	0.431373	mod_ratio	102	155	A	GAACG	ok	False
chr3	21707325	21707326	+	0.597403	mod_ratio	77	188	A	AAACC	ok	True
chr3	21707380	21707381	+	0.202454	mod_ratio	163	198	A	GGACC	ok	True
chr3	21707495	21707496	+	0.5	mod_ratio	164	203	A	AGACC	ok	True
chr3	21707957	21707958	+	0.219101	mod_ratio	178	205	A	GAACA	ok	True
chr3	21708606	21708607	+	0.430233	mod_ratio	172	214	A	AAACT	ok	True
chr3	21708634	21708635	+	0.116751	mod_ratio	197	220	A	GAACA	ok	True
chr3	21708709	21708710	+	0.435897	mod_ratio	195	217	A	AAACT	ok	True
chr3	21708781	21708782	+	0.297872	mod_ratio	94	219	A	AAACA	ok	True
chr3	21708796	21708797	+	0.346667	mod_ratio	150	211	A	GAACC	ok	True
chr3	21711962	21711963	+	0.301075	mod_ratio	93	100	A	GAACA	ok	True
chr3	21712348	21712349	+	0.630952	mod_ratio	84	103	A	AGACG	ok	False
chr3	21712438	21712439	+	0.323232	mod_ratio	99	107	A	GAACT	ok	True
chr3	21712829	21712830	+	0.336842	mod_ratio	95	109	A	AAACA	ok	True
chr3	21712909	21712910	+	0.842105	mod_ratio	57	89	A	AGACA	ok	True
chr3	21718394	21718395	-	0.291925	mod_ratio	161	192	T	AGTCT	ok	True
chr3	21718507	21718508	-	0.296512	mod_ratio	172	190	T	TGTCT	ok	True
chr3	21718552	21718553	-	0.251497	mod_ratio	167	190	T	CGTTT	ok	False
chr3	21718632	21718633	-	0.564706	mod_ratio	170	181	T	CGTTC	ok	False
chr3	21718743	21718744	-	0.621118	mod_ratio	161	170	T	GGTTT	ok	True
chr3	21718784	21718785	-	0.294521	mod_ratio	146	171	T	CGTCT	ok	False
chr3	21718925	21718926	-	0.75	mod_ratio	140	160	T	GGTCT	ok	True
chr3	21718982	21718983	-	0.730496	mod_ratio	141	160	T	TGTCC	ok	True
chr3	21719034	21719035	-	0.389313	mod_ratio	131	152	T	TGTTT	ok	True
chr3	21719266	21719267	-	0.549451	mod_ratio	91	128	T	CGTTT	ok	False
chr3	21797607	21797608	-	0.5	mod_ratio	52	77	T	GGTTT	ok	True
chr3	21797613	21797614	-	0.396552	mod_ratio	58	72	T	AGTTT	ok	True
chr3	21828041	21828042	-	0.858824	mod_ratio	85	104	T	TGTTT	ok	True
chr3	21829056	21829057	-	0.320988	mod_ratio	81	88	T	GGTTT	ok	True
chr3	21829155	21829156	-	0.350649	mod_ratio	77	87	T	TGTTC	ok	True
chr3	21829398	21829399	-	0.408451	mod_ratio	71	74	T	CGTTC	ok	False
chr3	21829596	21829597	-	0.641791	mod_ratio	67	72	T	GGTTT	ok	True
chr3	21829702	21829703	-	0.52381	mod_ratio	42	69	T	GGTCT	ok	True
chr3	21829889	21829890	-	0.409836	mod_ratio	61	66	T	TGTTC	ok	True
chr3	21909123	21909124	-	0.681818	mod_ratio	44	56	T	TGTCT	ok	True
chr3	21909207	21909208	-	0.532468	mod_ratio	77	85	T	CGTCT	ok	False
chr3	21909263	21909264	-	0.363636	mod_ratio	77	87	T	GGTCT	ok	True
chr3	21909379	21909380	-	0.590909	mod_ratio	66	85	T	AGTTT	ok	True
chr3	21921905	21921906	+	0.8125	mod_ratio	32	47	A	AAACT	ok	True
chr3	21948817	21948818	-	0.372549	mod_ratio	204	238	T	TGTTT	ok	True
chr3	21948897	21948898	-	0.26875	mod_ratio	160	173	T	TGTTT	ok	True
chr3	21948898	21948899	-	0.397059	mod_ratio	68	245	T	GTTTT	ok	False
chr3	21948934	21948935	-	0.112554	mod_ratio	231	243	T	TGTTC	ok	True
chr3	21948975	21948976	-	0.375	mod_ratio	216	238	T	TGTTT	ok	True
chr3	21949041	21949042	-	0.165	mod_ratio	200	240	T	CGTTC	ok	False
chr3	21949055	21949056	-	0.791209	mod_ratio	182	239	T	CGTTT	ok	False
chr3	21949072	21949073	-	0.308901	mod_ratio	191	234	T	TGTCC	ok	True
chr3	21949083	21949084	-	0.888889	mod_ratio	189	221	T	CGTTT	ok	False
chr3	21949258	21949259	-	0.255	mod_ratio	200	215	T	TGTTT	ok	True
chr3	21949336	21949337	-	0.88	mod_ratio	150	207	T	CGTTT	ok	False
chr3	21949396	21949397	-	0.654321	mod_ratio	162	201	T	TGTCT	ok	True
chr3	21949449	21949450	-	0.298611	mod_ratio	144	187	T	GGTTT	ok	True
chr3	21949472	21949473	-	0.6	mod_ratio	150	192	T	CGTTT	ok	False
chr3	21949564	21949565	-	0.60479	mod_ratio	167	179	T	TGTTT	ok	True
chr3	21949585	21949586	-	0.777027	mod_ratio	148	179	T	GGTCC	ok	True
chr3	21949664	21949665	-	0.417391	mod_ratio	115	138	T	AGTTT	ok	True
chr3	21987126	21987127	+	0.862069	mod_ratio	29	38	A	GGACC	ok	True
chr3	21988170	21988171	+	0.647059	mod_ratio	34	45	A	AAACG	ok	False
chr3	21995762	21995763	-	0.215496	mod_ratio	413	539	T	AGTCT	ok	True
chr3	21995795	21995796	-	0.468927	mod_ratio	531	630	T	AGTCT	ok	True
chr3	21996321	21996322	-	0.195841	mod_ratio	577	639	T	TGTCC	ok	True
chr3	22018012	22018013	+	0.57971	mod_ratio	69	83	A	AAACT	ok	True
chr3	22086670	22086671	+	0.804348	mod_ratio	46	50	A	AGACG	ok	False
chr3	22086895	22086896	+	0.45283	mod_ratio	53	56	A	AGACT	ok	True
chr3	22087330	22087331	+	0.823529	mod_ratio	51	58	A	GGACA	ok	True
chr3	22087339	22087340	+	0.632653	mod_ratio	49	54	A	AAACT	ok	True
chr3	22087521	22087522	+	0.703704	mod_ratio	54	60	A	AGACC	ok	True
chr3	22087852	22087853	+	0.5	mod_ratio	56	66	A	AGACC	ok	True
chr3	22087857	22087858	+	0.843137	mod_ratio	51	64	A	AAACG	ok	False
chr3	22087918	22087919	+	0.609375	mod_ratio	64	67	A	AAACA	ok	True
chr3	22088436	22088437	+	0.622951	mod_ratio	61	72	A	GGACA	ok	True
chr3	22088945	22088946	+	0.871429	mod_ratio	70	79	A	AAACG	ok	False
chr3	22089133	22089134	+	0.731343	mod_ratio	67	74	A	GGACA	ok	True
chr3	22089384	22089385	+	0.693182	mod_ratio	88	91	A	AGACA	ok	True
chr3	22089977	22089978	+	0.306818	mod_ratio	88	101	A	AAACA	ok	True
chr3	22089982	22089983	+	0.267442	mod_ratio	86	102	A	AGACG	ok	False
chr3	22090249	22090250	+	0.247312	mod_ratio	93	108	A	AAACT	ok	True
chr3	22090298	22090299	+	0.278846	mod_ratio	104	108	A	GAACA	ok	True
chr3	22090390	22090391	+	0.419355	mod_ratio	62	103	A	GAACC	ok	True
chr3	22096870	22096871	+	0.71875	mod_ratio	32	36	A	GAACG	ok	False
chr3	22105752	22105753	-	0.592593	mod_ratio	54	70	T	TGTTC	ok	True
chr3	22106055	22106056	-	0.662338	mod_ratio	77	97	T	AGTTT	ok	True
chr3	22106094	22106095	-	0.469136	mod_ratio	81	96	T	CGTCT	ok	False
chr3	22136062	22136063	+	0.636364	mod_ratio	44	56	A	AAACG	ok	False
chr3	22136112	22136113	+	0.818182	mod_ratio	55	58	A	GGACC	ok	True
chr3	22136707	22136708	+	0.396552	mod_ratio	58	69	A	GAACA	ok	True
chr3	22136711	22136712	+	0.616667	mod_ratio	60	70	A	AAACC	ok	True
chr3	22137786	22137787	+	0.550725	mod_ratio	69	85	A	AAACC	ok	True
chr3	22137791	22137792	+	0.472973	mod_ratio	74	84	A	GAACT	ok	True
chr3	22137804	22137805	+	0.43038	mod_ratio	79	88	A	GAACT	ok	True
chr3	22137883	22137884	+	0.488095	mod_ratio	84	93	A	GGACA	ok	True
chr3	22138016	22138017	+	0.679012	mod_ratio	81	93	A	AGACA	ok	True
chr3	22138324	22138325	+	0.378378	mod_ratio	74	96	A	GAACT	ok	True
chr3	22138365	22138366	+	0.6	mod_ratio	55	74	A	AAACT	ok	True
chr3	22138412	22138413	+	0.407407	mod_ratio	54	62	A	AGACT	ok	True
chr3	22143350	22143351	+	0.509804	mod_ratio	51	57	A	GAACG	ok	False
chr3	22143806	22143807	+	0.620253	mod_ratio	79	84	A	GAACG	ok	False
chr3	22144154	22144155	+	0.367347	mod_ratio	98	107	A	GAACG	ok	False
chr3	22151347	22151348	+	0.810219	mod_ratio	137	153	A	AAACA	ok	True
chr3	22151409	22151410	+	0.331169	mod_ratio	154	164	A	GAACG	ok	False
chr3	22151436	22151437	+	0.858025	mod_ratio	162	168	A	GGACC	ok	True
chr3	22151533	22151534	+	0.300654	mod_ratio	153	168	A	AGACT	ok	True
chr3	22151593	22151594	+	0.873134	mod_ratio	134	175	A	AGACG	ok	False
chr3	22151652	22151653	+	0.166667	mod_ratio	132	179	A	GGACA	ok	True
chr3	22152202	22152203	+	0.835165	mod_ratio	182	207	A	AGACC	ok	True
chr3	22152571	22152572	+	0.318681	mod_ratio	182	215	A	GAACG	ok	False
chr3	22152753	22152754	+	0.6	mod_ratio	45	225	A	AGACG	ok	False
chr3	22152941	22152942	+	0.266667	mod_ratio	210	233	A	GAACA	ok	True
chr3	22152970	22152971	+	0.369668	mod_ratio	211	237	A	GGACG	ok	False
chr3	22153270	22153271	+	0.674312	mod_ratio	218	244	A	GGACG	ok	False
chr3	22153890	22153891	+	0.612245	mod_ratio	245	276	A	AGACA	ok	True
chr3	22153968	22153969	+	0.269531	mod_ratio	256	288	A	AAACA	ok	True
chr3	22154334	22154335	+	0.547619	mod_ratio	42	248	A	AAACC	ok	True
chr3	22154433	22154434	+	0.180451	mod_ratio	266	351	A	AAACA	ok	True
chr3	22155228	22155229	-	0.431373	mod_ratio	51	58	T	CGTCC	ok	False
chr3	22156175	22156176	-	0.8	mod_ratio	60	69	T	GGTTT	ok	True
chr3	22156189	22156190	-	0.851852	mod_ratio	54	72	T	GGTCC	ok	True
chr3	22156453	22156454	-	0.444444	mod_ratio	54	62	T	TGTTT	ok	True
chr3	22156544	22156545	-	0.82	mod_ratio	50	64	T	GGTCC	ok	True
chr3	22157232	22157233	-	0.490566	mod_ratio	53	58	T	AGTTT	ok	True
chr3	22157239	22157240	-	0.816327	mod_ratio	49	60	T	TGTCC	ok	True
chr3	22157438	22157439	-	0.607843	mod_ratio	51	58	T	GGTCT	ok	True
chr3	22251501	22251502	-	0.410256	mod_ratio	78	97	T	TGTTC	ok	True
chr3	22251740	22251741	-	0.361446	mod_ratio	83	97	T	GGTTC	ok	True
chr3	22269322	22269323	+	0.161589	mod_ratio	755	881	A	GAACA	ok	True
chr3	22269589	22269590	+	0.121918	mod_ratio	730	952	A	GAAGT	ok	False
chr3	22269788	22269789	+	0.634146	mod_ratio	41	923	A	TGACA	ok	True
chr3	22269833	22269834	+	0.185449	mod_ratio	701	894	A	AGACT	ok	True
chr3	22305078	22305079	+	0.666667	mod_ratio	33	37	A	AGATA	ok	False
chr3	22305483	22305484	+	0.833333	mod_ratio	36	44	A	GGACA	ok	True
chr3	22305951	22305952	+	0.568182	mod_ratio	44	52	A	AAACC	ok	True
chr3	22315387	22315388	-	0.851852	mod_ratio	27	32	T	GGTCC	ok	True
chr3	22341218	22341219	+	0.961538	mod_ratio	26	29	A	AGACA	ok	True
chr3	22341510	22341511	+	0.870968	mod_ratio	31	32	A	AAACT	ok	True
chr3	22400461	22400462	+	0.4375	mod_ratio	64	77	A	GGACG	ok	False
chr3	22400884	22400885	+	0.60274	mod_ratio	73	84	A	AGACG	ok	False
chr3	22401322	22401323	+	0.936709	mod_ratio	79	89	A	AAACT	ok	True
chr3	22401967	22401968	+	0.409639	mod_ratio	83	93	A	GAACA	ok	True
chr3	22402408	22402409	+	0.424658	mod_ratio	73	93	A	AAACC	ok	True
chr3	22402459	22402460	+	0.542169	mod_ratio	83	90	A	AGACT	ok	True
chr3	22402481	22402482	+	0.770833	mod_ratio	48	69	A	GGACA	ok	True
chr3	22454104	22454105	+	0.117424	mod_ratio	264	299	A	GGACT	ok	True
chr3	22454172	22454173	+	0.225941	mod_ratio	239	303	A	AAACC	ok	True
chr3	22454213	22454214	+	0.130742	mod_ratio	283	307	A	AGACT	ok	True
chr3	22454385	22454386	+	0.133562	mod_ratio	292	320	A	GAACC	ok	True
chr3	22454428	22454429	+	0.165179	mod_ratio	224	322	A	GGACA	ok	True
chr3	22454684	22454685	+	0.121951	mod_ratio	328	336	A	GGACA	ok	True
chr3	22454841	22454842	+	0.624573	mod_ratio	293	347	A	GGACA	ok	True
chr3	22454907	22454908	+	0.493865	mod_ratio	326	354	A	AAACC	ok	True
chr3	22455278	22455279	+	0.293801	mod_ratio	371	387	A	AAACT	ok	True
chr3	22455901	22455902	+	0.419501	mod_ratio	441	484	A	AAACC	ok	True
chr3	22456241	22456242	+	0.127701	mod_ratio	509	576	A	GGACC	ok	True
chr3	22456326	22456327	+	0.657194	mod_ratio	563	609	A	AAACA	ok	True
chr3	22456365	22456366	+	0.120083	mod_ratio	483	592	A	AGACA	ok	True
chr3	22456478	22456479	+	0.286738	mod_ratio	558	663	A	AAACC	ok	True
chr3	22456500	22456501	+	0.391667	mod_ratio	600	669	A	GAACT	ok	True
chr3	22456560	22456561	+	0.169271	mod_ratio	384	689	A	AAACC	ok	True
chr3	22456592	22456593	+	0.390698	mod_ratio	215	709	A	GAACT	ok	True
chr3	22456600	22456601	+	0.71875	mod_ratio	32	718	A	TGACG	ok	False
chr3	22456839	22456840	+	0.52381	mod_ratio	693	791	A	GGACC	ok	True
chr3	22456869	22456870	+	0.333333	mod_ratio	678	799	A	AAACT	ok	True
chr3	22456932	22456933	+	0.18845	mod_ratio	658	723	A	AGACA	ok	True
chr3	22456934	22456935	+	0.64	mod_ratio	50	727	A	ACACA	ok	False
chr3	22456940	22456941	+	0.395385	mod_ratio	650	725	A	AGACT	ok	True
chr3	22457011	22457012	+	0.206294	mod_ratio	572	694	A	AAACA	ok	True
chr3	22457024	22457025	+	0.133891	mod_ratio	478	599	A	AGACA	ok	True
chr3	22460378	22460379	-	0.347518	mod_ratio	141	524	T	CGTTC	ok	False
chr3	22460444	22460445	-	0.223022	mod_ratio	417	522	T	GGTTC	ok	True
chr3	22461498	22461499	-	0.395349	mod_ratio	430	490	T	TGTCT	ok	True
chr3	22461706	22461707	-	0.217742	mod_ratio	124	454	T	GGTTT	ok	True
chr3	22471892	22471893	-	0.465517	mod_ratio	58	129	T	GTTTT	ok	False
chr3	22472041	22472042	-	0.219298	mod_ratio	114	129	T	AGTCT	ok	True
chr3	22472053	22472054	-	0.189655	mod_ratio	116	129	T	GGTCC	ok	True
chr3	22472061	22472062	-	0.327434	mod_ratio	113	128	T	AGTTC	ok	True
chr3	22472066	22472067	-	0.240741	mod_ratio	108	129	T	GGTCT	ok	True
chr3	22472352	22472353	-	0.23913	mod_ratio	92	103	T	AGTTT	ok	True
chr3	22472393	22472394	-	0.376147	mod_ratio	109	119	T	TGTTT	ok	True
chr3	22472503	22472504	-	0.5	mod_ratio	92	102	T	TGTTT	ok	True
chr3	22473522	22473523	-	0.686747	mod_ratio	83	94	T	AGTTT	ok	True
chr3	22473800	22473801	-	0.904762	mod_ratio	63	78	T	TGTTT	ok	True
chr3	22605145	22605146	-	0.766667	mod_ratio	30	35	T	CGTTT	ok	False
chr3	22611999	22612000	+	0.818182	mod_ratio	374	432	A	AAACG	ok	False
chr3	22612557	22612558	+	0.205805	mod_ratio	379	451	A	AGACA	ok	True
chr3	22625457	22625458	+	0.735294	mod_ratio	34	43	A	GGACC	ok	True
chr3	22658198	22658199	-	0.651515	mod_ratio	66	70	T	CGTCT	ok	False
chr3	22663737	22663738	+	0.671233	mod_ratio	73	82	A	AAACT	ok	True
chr3	22663945	22663946	+	0.939759	mod_ratio	83	94	A	AAACG	ok	False
chr3	22664059	22664060	+	0.252747	mod_ratio	91	101	A	AAACT	ok	True
chr3	22664135	22664136	+	0.242424	mod_ratio	99	106	A	AAACA	ok	True
chr3	22664181	22664182	+	0.586207	mod_ratio	87	110	A	AGACA	ok	True
chr3	22664268	22664269	+	0.434783	mod_ratio	92	110	A	AAACT	ok	True
chr3	22664388	22664389	+	0.509804	mod_ratio	51	92	A	GAACA	ok	True
chr3	22664406	22664407	+	0.478873	mod_ratio	71	85	A	AAACA	ok	True
chr3	22676077	22676078	-	0.414286	mod_ratio	70	91	T	GGTTC	ok	True
chr3	22733722	22733723	+	0.240268	mod_ratio	745	796	A	GAACA	ok	True
chr3	22733744	22733745	+	0.136681	mod_ratio	717	778	A	GGACT	ok	True
chr3	22733754	22733755	+	0.286472	mod_ratio	377	479	A	GAACC	ok	True
chr3	22733757	22733758	+	0.240678	mod_ratio	295	789	A	CCACC	ok	False
chr3	22733778	22733779	+	0.20436	mod_ratio	734	820	A	GAACC	ok	True
chr3	22733894	22733895	+	0.247134	mod_ratio	785	846	A	GAACA	ok	True
chr3	22735124	22735125	+	0.139729	mod_ratio	959	1015	A	AGACA	ok	True
chr3	22735854	22735855	+	0.264228	mod_ratio	246	289	A	AAACT	ok	True
chr3	22736033	22736034	+	0.886076	mod_ratio	237	315	A	AAACG	ok	False
chr3	22736249	22736250	+	0.475694	mod_ratio	288	339	A	AAACA	ok	True
chr3	22736284	22736285	+	0.237458	mod_ratio	299	339	A	AGACA	ok	True
chr3	22736408	22736409	+	0.332155	mod_ratio	283	345	A	AAACT	ok	True
chr3	22736699	22736700	+	0.36747	mod_ratio	332	374	A	GAACT	ok	True
chr3	22736992	22736993	+	0.317568	mod_ratio	296	363	A	AAACC	ok	True
chr3	22737262	22737263	+	0.822581	mod_ratio	310	429	A	AAACC	ok	True
chr3	22737559	22737560	+	0.133721	mod_ratio	344	439	A	AGACT	ok	True
chr3	22742071	22742072	-	0.964286	mod_ratio	28	33	T	GGTTT	ok	True
chr3	22746130	22746131	+	0.245678	mod_ratio	3297	3691	A	AAACT	ok	True
chr3	22746255	22746256	+	0.777171	mod_ratio	3294	3825	A	AGACG	ok	False
chr3	22746410	22746411	+	0.764429	mod_ratio	3396	3852	A	GGACC	ok	True
chr3	22746416	22746417	+	0.836774	mod_ratio	3149	3856	A	GGACA	ok	True
chr3	22746431	22746432	+	0.381446	mod_ratio	3374	3836	A	GAACG	ok	False
chr3	22746573	22746574	+	0.402174	mod_ratio	92	4041	A	AAAAC	ok	False
chr3	22746574	22746575	+	0.340293	mod_ratio	3209	3982	A	AAACC	ok	True
chr3	22746609	22746610	+	0.263736	mod_ratio	91	4161	A	GGATG	ok	False
chr3	22746621	22746622	+	0.501637	mod_ratio	3359	4181	A	GGACG	ok	False
chr3	22746680	22746681	+	0.220252	mod_ratio	3496	3869	A	AAACA	ok	True
chr3	22746683	22746684	+	0.585915	mod_ratio	355	4175	A	CAACA	ok	False
chr3	22746687	22746688	+	0.343598	mod_ratio	3702	4266	A	AAACT	ok	True
chr3	22746691	22746692	+	0.595745	mod_ratio	47	4293	A	TGACG	ok	False
chr3	22746781	22746782	+	0.342246	mod_ratio	374	4387	A	GGACC	ok	True
chr3	22747033	22747034	+	0.438045	mod_ratio	3785	4355	A	AGACA	ok	True
chr3	22747036	22747037	+	0.613636	mod_ratio	88	4469	A	CAACG	ok	False
chr3	22747103	22747104	+	0.251212	mod_ratio	3714	4465	A	GAACT	ok	True
chr3	22747131	22747132	+	0.264045	mod_ratio	178	4348	A	AAATT	ok	False
chr3	22786418	22786419	+	0.4	mod_ratio	60	69	A	AGACG	ok	False
chr3	22787059	22787060	+	0.830986	mod_ratio	71	80	A	AAACG	ok	False
chr3	22787082	22787083	+	0.383562	mod_ratio	73	83	A	AAACG	ok	False
chr3	22787108	22787109	+	0.517241	mod_ratio	58	81	A	AAACT	ok	True
chr3	22787168	22787169	+	0.364865	mod_ratio	74	86	A	AAACT	ok	True
chr3	22787617	22787618	+	0.377778	mod_ratio	90	103	A	AAACA	ok	True
chr3	22787757	22787758	+	0.82	mod_ratio	50	59	A	AGACA	ok	True
chr3	22865302	22865303	+	0.685714	mod_ratio	35	42	A	AGACG	ok	False
chr3	22900482	22900483	-	0.615385	mod_ratio	39	40	T	CGTCC	ok	False
chr3	22900899	22900900	-	0.870968	mod_ratio	31	34	T	CGTCT	ok	False
chr3	22902764	22902765	+	0.3125	mod_ratio	144	162	A	AAACC	ok	True
chr3	22902771	22902772	+	0.654676	mod_ratio	139	163	A	AAACT	ok	True
chr3	22902781	22902782	+	0.666667	mod_ratio	153	165	A	AAACC	ok	True
chr3	22903185	22903186	+	0.594286	mod_ratio	175	191	A	AAACC	ok	True
chr3	22903314	22903315	+	0.164706	mod_ratio	170	194	A	AAACA	ok	True
chr3	22914565	22914566	-	0.820513	mod_ratio	39	46	T	GGTCT	ok	True
chr3	22914685	22914686	-	0.969697	mod_ratio	33	39	T	CGTTT	ok	False
chr3	22915091	22915092	-	0.6875	mod_ratio	32	39	T	CGTCT	ok	False
chr3	22973997	22973998	+	0.207123	mod_ratio	1067	1184	A	GAACA	ok	True
chr3	22974261	22974262	+	0.293011	mod_ratio	1116	1289	A	AAACA	ok	True
chr3	22974344	22974345	+	0.211607	mod_ratio	1120	1321	A	AAACC	ok	True
chr3	22974354	22974355	+	0.349206	mod_ratio	252	1280	A	AAACT	ok	True
chr3	22974687	22974688	+	0.46875	mod_ratio	64	1365	A	AAAAC	ok	False
chr3	22974688	22974689	+	0.525	mod_ratio	440	1349	A	AAACT	ok	True
chr3	22974826	22974827	+	0.522523	mod_ratio	111	1394	A	AAACG	ok	False
chr3	22975018	22975019	+	0.499581	mod_ratio	1193	1443	A	GGACA	ok	True
chr3	22975067	22975068	+	0.209764	mod_ratio	1311	1446	A	AGACT	ok	True
chr3	22975215	22975216	+	0.587219	mod_ratio	579	1331	A	AAACC	ok	True
chr3	22975233	22975234	+	0.114706	mod_ratio	340	1266	A	AGATT	ok	False
chr3	22975241	22975242	+	0.290698	mod_ratio	86	1177	A	AAATT	ok	False
chr3	22975272	22975273	+	0.55	mod_ratio	80	516	A	GGATA	ok	False
chr3	22975274	22975275	+	0.684211	mod_ratio	38	454	A	ATACA	ok	False
chr3	23001172	23001173	-	0.411765	mod_ratio	85	93	T	AGTCT	ok	True
chr3	23001249	23001250	-	0.378049	mod_ratio	82	96	T	GGTCC	ok	True
chr3	23001395	23001396	-	0.373494	mod_ratio	83	96	T	AGTTC	ok	True
chr3	23001439	23001440	-	0.710843	mod_ratio	83	93	T	TGTTT	ok	True
chr3	23001776	23001777	-	0.774648	mod_ratio	71	84	T	CGTCT	ok	False
chr3	23002268	23002269	-	0.614035	mod_ratio	57	70	T	CGTCC	ok	False
chr3	23002362	23002363	-	0.448276	mod_ratio	58	68	T	TGTCC	ok	True
chr3	23003113	23003114	-	0.934783	mod_ratio	46	55	T	TGTCT	ok	True
chr3	23003727	23003728	-	0.734694	mod_ratio	49	53	T	CGTCC	ok	False
chr3	23022577	23022578	+	0.461538	mod_ratio	52	62	A	AAACA	ok	True
chr3	23037155	23037156	+	0.591837	mod_ratio	49	940	A	AAACC	ok	True
chr3	23037252	23037253	+	0.156977	mod_ratio	860	991	A	GGACC	ok	True
chr3	23037661	23037662	+	0.439477	mod_ratio	917	1068	A	AAACT	ok	True
chr3	23037713	23037714	+	0.171765	mod_ratio	425	1078	A	GGATT	ok	False
chr3	23037725	23037726	+	0.269565	mod_ratio	805	1046	A	GAACA	ok	True
chr3	23051686	23051687	+	0.676301	mod_ratio	173	302	A	GGACG	ok	False
chr3	23052774	23052775	+	0.122977	mod_ratio	309	327	A	GAACA	ok	True
chr3	23052810	23052811	+	0.498339	mod_ratio	301	334	A	AGACA	ok	True
chr3	23052983	23052984	+	0.145215	mod_ratio	303	339	A	GAACA	ok	True
chr3	23053067	23053068	+	0.280645	mod_ratio	310	350	A	GAACG	ok	False
chr3	23053220	23053221	+	0.147436	mod_ratio	312	355	A	GAACG	ok	False
chr3	23053248	23053249	+	0.103806	mod_ratio	289	349	A	GGACT	ok	True
chr3	23053451	23053452	+	0.546667	mod_ratio	75	353	A	AAACA	ok	True
chr3	23053622	23053623	+	0.475352	mod_ratio	284	353	A	AAACT	ok	True
chr3	23053704	23053705	+	0.389706	mod_ratio	136	173	A	AGACT	ok	True
chr3	23057584	23057585	-	0.892857	mod_ratio	28	35	T	CGTTT	ok	False
chr3	23058110	23058111	-	0.9375	mod_ratio	32	34	T	TGTCT	ok	True
chr3	23058805	23058806	-	0.884615	mod_ratio	26	27	T	CGTTT	ok	False
chr3	23090600	23090601	+	0.34965	mod_ratio	143	219	A	AAACA	ok	True
chr3	23090612	23090613	+	0.672414	mod_ratio	174	221	A	AGACA	ok	True
chr3	23090667	23090668	+	0.497207	mod_ratio	179	213	A	AAACT	ok	True
chr3	23090674	23090675	+	0.80303	mod_ratio	132	177	A	AGACA	ok	True
chr3	23090698	23090699	+	0.897959	mod_ratio	49	156	A	AAACA	ok	True
chr3	23091102	23091103	+	0.114062	mod_ratio	640	691	A	GAACA	ok	True
chr3	23091148	23091149	+	0.33441	mod_ratio	619	701	A	AAACT	ok	True
chr3	23091189	23091190	+	0.452055	mod_ratio	657	731	A	GGACG	ok	False
chr3	23091270	23091271	+	0.245981	mod_ratio	622	758	A	GGACG	ok	False
chr3	23091336	23091337	+	0.649175	mod_ratio	667	768	A	GGACC	ok	True
chr3	23091371	23091372	+	0.682353	mod_ratio	595	761	A	AGACC	ok	True
chr3	23091514	23091515	+	0.5504	mod_ratio	625	736	A	AAACA	ok	True
chr3	23091539	23091540	+	0.628019	mod_ratio	621	710	A	AAACG	ok	False
chr3	23098604	23098605	+	0.928571	mod_ratio	28	32	A	GGACG	ok	False
chr3	23132215	23132216	+	0.130564	mod_ratio	337	441	A	AAACC	ok	True
chr3	23132317	23132318	+	0.249389	mod_ratio	409	478	A	AAACC	ok	True
chr3	23132808	23132809	+	0.403587	mod_ratio	446	543	A	GGACA	ok	True
chr3	23132824	23132825	+	0.775862	mod_ratio	464	543	A	AAACA	ok	True
chr3	23133153	23133154	+	0.471033	mod_ratio	397	530	A	AAACA	ok	True
chr3	23133182	23133183	+	0.67	mod_ratio	400	537	A	AAACT	ok	True
chr3	23133211	23133212	+	0.594203	mod_ratio	138	532	A	AGACG	ok	False
chr3	23137022	23137023	+	0.92	mod_ratio	25	32	A	AAACG	ok	False
chr3	23147841	23147842	+	0.5	mod_ratio	86	99	A	AGACT	ok	True
chr3	23147848	23147849	+	0.52	mod_ratio	50	92	A	AAACA	ok	True
chr3	23150898	23150899	-	0.840909	mod_ratio	44	53	T	CGTCC	ok	False
chr3	23152888	23152889	-	0.9375	mod_ratio	32	35	T	TGTTT	ok	True
chr3	23168512	23168513	+	0.555556	mod_ratio	81	102	A	AAACT	ok	True
chr3	23168655	23168656	+	0.252427	mod_ratio	103	122	A	AAACG	ok	False
chr3	23168685	23168686	+	0.743119	mod_ratio	109	127	A	AAACT	ok	True
chr3	23168701	23168702	+	0.401709	mod_ratio	117	128	A	AAACG	ok	False
chr3	23169003	23169004	+	0.388889	mod_ratio	108	134	A	AAACA	ok	True
chr3	23223123	23223124	-	0.298246	mod_ratio	114	140	T	AGTCT	ok	True
chr3	23223129	23223130	-	0.389831	mod_ratio	59	132	T	TGTTT	ok	True
chr3	23223233	23223234	-	0.598214	mod_ratio	112	141	T	AGTTT	ok	True
chr3	23223272	23223273	-	0.372881	mod_ratio	118	144	T	TGTTT	ok	True
chr3	23223349	23223350	-	0.674797	mod_ratio	123	148	T	GGTTT	ok	True
chr3	23227980	23227981	+	0.707317	mod_ratio	41	49	A	AAACT	ok	True
chr3	23230039	23230040	+	0.741935	mod_ratio	31	36	A	AAACG	ok	False
chr3	23232571	23232572	+	0.888889	mod_ratio	36	39	A	AGACG	ok	False
chr3	23232882	23232883	+	0.815789	mod_ratio	38	44	A	AAACG	ok	False
chr3	23233241	23233242	+	0.658537	mod_ratio	41	47	A	AGACG	ok	False
chr3	23235157	23235158	+	0.442308	mod_ratio	52	62	A	AGACC	ok	True
chr3	23235338	23235339	+	0.5	mod_ratio	60	68	A	AGACA	ok	True
chr3	23235581	23235582	-	0.868132	mod_ratio	91	118	T	CGTTT	ok	False
chr3	23235736	23235737	-	0.222222	mod_ratio	108	165	T	GGTTC	ok	True
chr3	23236078	23236079	-	0.232	mod_ratio	125	155	T	GGTCC	ok	True
chr3	23242703	23242704	-	0.52381	mod_ratio	231	287	T	AGTTT	ok	True
chr3	23242758	23242759	-	0.636364	mod_ratio	253	562	T	CATCC	ok	False
chr3	23242792	23242793	-	0.731463	mod_ratio	499	576	T	GGTTT	ok	True
chr3	23242831	23242832	-	0.670984	mod_ratio	386	489	T	TGTTT	ok	True
chr3	23242914	23242915	-	0.123232	mod_ratio	495	592	T	GGTCT	ok	True
chr3	23243519	23243520	-	0.145022	mod_ratio	462	528	T	TGTTC	ok	True
chr3	23285253	23285254	+	0.846154	mod_ratio	26	28	A	AGACG	ok	False
chr3	23323156	23323157	-	0.688889	mod_ratio	45	51	T	GGTTT	ok	True
chr3	23323350	23323351	-	0.564103	mod_ratio	39	49	T	TGTTT	ok	True
chr3	23326918	23326919	-	0.176895	mod_ratio	277	337	T	TGTTC	ok	True
chr3	23327048	23327049	-	0.810289	mod_ratio	311	375	T	CGTCT	ok	False
chr3	23327133	23327134	-	0.611872	mod_ratio	219	236	T	CGTTT	ok	False
chr3	23327270	23327271	-	0.250755	mod_ratio	331	367	T	TGTTT	ok	True
chr3	23327340	23327341	-	0.415385	mod_ratio	130	152	T	AGTTT	ok	True
chr3	23327531	23327532	-	0.192308	mod_ratio	260	331	T	TGTCC	ok	True
chr3	23327638	23327639	-	0.177474	mod_ratio	293	326	T	AGTCT	ok	True
chr3	23327699	23327700	-	0.261224	mod_ratio	245	288	T	TGTTT	ok	True
chr3	23327752	23327753	-	0.723077	mod_ratio	195	300	T	CGTCC	ok	False
chr3	23327842	23327843	-	0.635294	mod_ratio	255	275	T	TGTTC	ok	True
chr3	23328075	23328076	-	0.454545	mod_ratio	220	254	T	TGTTT	ok	True
chr3	23328245	23328246	-	0.5375	mod_ratio	240	254	T	GGTTT	ok	True
chr3	23328577	23328578	-	0.274809	mod_ratio	131	216	T	TGTCT	ok	True
chr3	23333671	23333672	-	0.160784	mod_ratio	255	323	T	AGTCC	ok	True
chr3	23333919	23333920	-	0.236559	mod_ratio	279	310	T	TGTTT	ok	True
chr3	23333934	23333935	-	0.256809	mod_ratio	257	317	T	GGTTT	ok	True
chr3	23342653	23342654	-	0.764706	mod_ratio	34	120	T	GATCC	ok	False
chr3	23342989	23342990	-	0.352941	mod_ratio	153	171	T	TGTTT	ok	True
chr3	23343031	23343032	-	0.602484	mod_ratio	161	176	T	AGTTT	ok	True
chr3	23343293	23343294	-	0.210084	mod_ratio	119	173	T	AGTTT	ok	True
chr3	23343506	23343507	-	0.970149	mod_ratio	134	147	T	TGTTT	ok	True
chr3	23344063	23344064	-	0.333333	mod_ratio	138	152	T	CGTCC	ok	False
chr3	23344072	23344073	-	0.65	mod_ratio	120	144	T	CGTTT	ok	False
chr3	23344191	23344192	-	0.633333	mod_ratio	120	146	T	AGTCT	ok	True
chr3	23344406	23344407	-	0.796875	mod_ratio	128	148	T	TGTCT	ok	True
chr3	23415735	23415736	-	0.200837	mod_ratio	239	274	T	TGTTC	ok	True
chr3	23415799	23415800	-	0.622951	mod_ratio	244	335	T	TGTCC	ok	True
chr3	23415914	23415915	-	0.481061	mod_ratio	264	337	T	CGTCC	ok	False
chr3	23416077	23416078	-	0.893471	mod_ratio	291	324	T	GGTTT	ok	True
chr3	23416165	23416166	-	0.276817	mod_ratio	289	332	T	CGTCC	ok	False
chr3	23416580	23416581	-	0.132075	mod_ratio	265	295	T	GGTCC	ok	True
chr3	23416611	23416612	-	0.86166	mod_ratio	253	288	T	TGTCT	ok	True
chr3	23416670	23416671	-	0.102881	mod_ratio	243	282	T	TGTCC	ok	True
chr3	23416722	23416723	-	0.402597	mod_ratio	154	281	T	GGTCC	ok	True
chr3	23416873	23416874	-	0.145161	mod_ratio	248	270	T	AGTCT	ok	True
chr3	23416887	23416888	-	0.235556	mod_ratio	225	257	T	GGTTC	ok	True
chr3	23418413	23418414	+	0.888889	mod_ratio	27	32	A	AGACA	ok	True
chr3	23444335	23444336	+	0.116751	mod_ratio	197	211	A	GGACC	ok	True
chr3	23444672	23444673	+	0.241379	mod_ratio	203	234	A	AGACA	ok	True
chr3	23444758	23444759	+	0.146119	mod_ratio	219	242	A	AAACA	ok	True
chr3	23444762	23444763	+	0.333333	mod_ratio	189	241	A	AAACT	ok	True
chr3	23444971	23444972	+	0.455752	mod_ratio	226	258	A	AGACT	ok	True
chr3	23445324	23445325	+	0.618852	mod_ratio	244	277	A	GAACA	ok	True
chr3	23445541	23445542	+	0.660633	mod_ratio	221	272	A	GGACC	ok	True
chr3	23445716	23445717	+	0.2	mod_ratio	275	305	A	AAACT	ok	True
chr3	23445777	23445778	+	0.458955	mod_ratio	268	308	A	AAACT	ok	True
chr3	23445898	23445899	+	0.406716	mod_ratio	268	318	A	AAACA	ok	True
chr3	23445976	23445977	+	0.276596	mod_ratio	282	323	A	GAACA	ok	True
chr3	23446089	23446090	+	0.675277	mod_ratio	271	319	A	AAACA	ok	True
chr3	23446220	23446221	+	0.830508	mod_ratio	177	275	A	GGACG	ok	False
chr3	23446227	23446228	+	0.422764	mod_ratio	246	285	A	GAACT	ok	True
chr3	23446254	23446255	+	0.403409	mod_ratio	176	234	A	AGACC	ok	True
chr3	23453597	23453598	+	0.494845	mod_ratio	97	104	A	AGACA	ok	True
chr3	23453812	23453813	+	0.726316	mod_ratio	95	105	A	GGACA	ok	True
chr3	23453832	23453833	+	0.606383	mod_ratio	94	106	A	GAACT	ok	True
chr3	23455057	23455058	+	0.313869	mod_ratio	137	144	A	GAACT	ok	True
chr3	23455160	23455161	+	0.785714	mod_ratio	28	144	A	AAACG	ok	False
chr3	23455183	23455184	+	0.290323	mod_ratio	124	143	A	AAACT	ok	True
chr3	23455362	23455363	+	0.387755	mod_ratio	147	153	A	GAACA	ok	True
chr3	23455372	23455373	+	0.820144	mod_ratio	139	154	A	GGACA	ok	True
chr3	23455428	23455429	+	0.879195	mod_ratio	149	159	A	AGACA	ok	True
chr3	23455527	23455528	+	0.830882	mod_ratio	136	161	A	AGACA	ok	True
chr3	23455699	23455700	+	0.238095	mod_ratio	147	166	A	AGACG	ok	False
chr3	23455880	23455881	+	0.144737	mod_ratio	152	170	A	GAACA	ok	True
chr3	23455884	23455885	+	0.164474	mod_ratio	152	167	A	AAACT	ok	True
chr3	23455945	23455946	+	0.339869	mod_ratio	153	170	A	AAACT	ok	True
chr3	23459308	23459309	-	0.61039	mod_ratio	231	284	T	AGTTT	ok	True
chr3	23459388	23459389	-	0.108696	mod_ratio	276	330	T	AGTCT	ok	True
chr3	23459432	23459433	-	0.440741	mod_ratio	270	331	T	GGTTC	ok	True
chr3	23459553	23459554	-	0.15625	mod_ratio	288	322	T	TGTCT	ok	True
chr3	23459558	23459559	-	0.272727	mod_ratio	264	311	T	CGTCC	ok	False
chr3	23459618	23459619	-	0.635246	mod_ratio	244	311	T	CGTCC	ok	False
chr3	23459636	23459637	-	0.207885	mod_ratio	279	307	T	TGTTC	ok	True
chr3	23459665	23459666	-	0.669145	mod_ratio	269	306	T	TGTCT	ok	True
chr3	23459736	23459737	-	0.296992	mod_ratio	266	295	T	TGTTC	ok	True
chr3	23459741	23459742	-	0.196226	mod_ratio	265	295	T	CGTTT	ok	False
chr1	10472975	10472976	-	0.69697	mod_ratio	33	4910	T	TGTCT	ok	True
chr1	10475621	10475622	-	0.619048	mod_ratio	42	7259	T	TGTCT	ok	True
chr1	10475650	10475651	-	0.823529	mod_ratio	34	7202	T	TGTCC	ok	True
chr1	10478037	10478038	+	0.844828	mod_ratio	58	11043	A	AAACG	ok	False
chr1	10478311	10478312	+	0.714286	mod_ratio	77	12267	A	GGACA	ok	True
chr1	10478340	10478341	+	0.804598	mod_ratio	87	12792	A	AGACA	ok	True
chr1	22700207	22700208	+	0.925926	mod_ratio	27	3663	A	AGACA	ok	True
chr1	24298826	24298827	+	0.644444	mod_ratio	45	67	A	GGACG	ok	False
chr1	24299557	24299558	+	0.8	mod_ratio	40	71	A	AGACA	ok	True
chr1	25048640	25048641	-	0.584906	mod_ratio	53	17465	T	TGTCC	ok	True
chr2	1824288	1824289	-	0.958333	mod_ratio	24	4133	T	CGTTT	ok	False
chr2	14523277	14523278	-	0.822222	mod_ratio	45	7976	T	TGTCC	ok	True
chr2	16571362	16571363	-	0.828571	mod_ratio	35	5974	T	GGTCC	ok	True
chr2	16572396	16572397	-	0.75	mod_ratio	32	4307	T	TGTCC	ok	True
chr3	17493999	17494000	-	0.852941	mod_ratio	34	6364	T	CGTCT	ok	False
chr4	18253	18254	+	0.794118	mod_ratio	34	38	A	GGACG	ok	False
chr4	18688	18689	+	0.860465	mod_ratio	43	51	A	GAACG	ok	False
chr4	37331	37332	+	0.257653	mod_ratio	392	430	A	AGACC	ok	True
chr4	37728	37729	+	0.124434	mod_ratio	442	524	A	GAACA	ok	True
chr4	38210	38211	+	0.178423	mod_ratio	241	501	A	GGATT	ok	False
chr4	69530	69531	-	0.379747	mod_ratio	79	94	T	GGTTT	ok	True
chr4	155359	155360	+	0.83871	mod_ratio	31	34	A	AGACA	ok	True
chr4	156079	156080	+	0.918919	mod_ratio	37	41	A	AAACG	ok	False
chr4	161145	161146	+	0.377049	mod_ratio	61	69	A	AGACA	ok	True
chr4	161346	161347	+	0.421053	mod_ratio	57	73	A	AAACC	ok	True
chr4	161608	161609	+	0.728814	mod_ratio	59	76	A	AAACG	ok	False
chr4	161998	161999	+	0.467532	mod_ratio	77	91	A	AGACG	ok	False
chr4	162154	162155	+	0.41791	mod_ratio	67	107	A	GAACC	ok	True
chr4	162238	162239	+	0.368421	mod_ratio	95	114	A	AGACG	ok	False
chr4	162305	162306	+	0.247423	mod_ratio	97	118	A	GGACG	ok	False
chr4	162310	162311	+	0.306667	mod_ratio	75	108	A	GAACT	ok	True
chr4	162402	162403	+	0.526786	mod_ratio	112	125	A	AAACC	ok	True
chr4	162425	162426	+	0.196429	mod_ratio	112	126	A	GGACG	ok	False
chr4	162624	162625	+	0.362205	mod_ratio	127	141	A	GGACT	ok	True
chr4	162692	162693	+	0.434426	mod_ratio	122	145	A	AAACG	ok	False
chr4	162857	162858	+	0.901961	mod_ratio	102	143	A	AAACA	ok	True
chr4	163142	163143	-	0.690141	mod_ratio	71	73	T	AGTTT	ok	True
chr4	163186	163187	-	0.3875	mod_ratio	80	83	T	AGTTC	ok	True
chr4	163417	163418	-	0.428571	mod_ratio	70	75	T	TGTTT	ok	True
chr4	165479	165480	-	0.533333	mod_ratio	45	49	T	CGTCT	ok	False
chr4	185996	185997	-	0.625	mod_ratio	144	266	T	GTTTT	ok	False
chr4	186024	186025	-	0.34	mod_ratio	100	356	T	AATCC	ok	False
chr4	186220	186221	-	0.531136	mod_ratio	273	368	T	GGTCC	ok	True
chr4	186351	186352	-	0.170139	mod_ratio	288	361	T	GGTCC	ok	True
chr4	186403	186404	-	0.127208	mod_ratio	283	353	T	GGTCC	ok	True
chr4	186672	186673	-	0.237942	mod_ratio	311	334	T	TGTTC	ok	True
chr4	186747	186748	-	0.114695	mod_ratio	279	328	T	AGTCT	ok	True
chr4	187289	187290	-	0.316406	mod_ratio	256	296	T	TGTTT	ok	True
chr4	187439	187440	-	0.189922	mod_ratio	258	272	T	AGTCC	ok	True
chr4	251009	251010	-	0.479452	mod_ratio	73	109	T	TGTTC	ok	True
chr4	251178	251179	-	0.222222	mod_ratio	144	161	T	CGTCC	ok	False
chr4	251185	251186	-	0.292208	mod_ratio	154	162	T	GGTTC	ok	True
chr4	252177	252178	-	0.219858	mod_ratio	141	156	T	TGTTC	ok	True
chr4	252191	252192	-	0.613445	mod_ratio	119	136	T	TGTTT	ok	True
chr4	335620	335621	+	0.340909	mod_ratio	88	100	A	GAACC	ok	True
chr4	336001	336002	+	0.616279	mod_ratio	86	104	A	GGACC	ok	True
chr4	346226	346227	-	0.207161	mod_ratio	391	432	T	GGTTC	ok	True
chr4	346230	346231	-	0.619048	mod_ratio	399	437	T	CGTCC	ok	False
chr4	353814	353815	+	0.956522	mod_ratio	23	24	A	AGACA	ok	True
chr4	359402	359403	-	0.451613	mod_ratio	62	224	T	GATCC	ok	False
chr4	381856	381857	+	0.469231	mod_ratio	130	148	A	GAACC	ok	True
chr4	381965	381966	+	0.18797	mod_ratio	133	146	A	AAACC	ok	True
chr4	382006	382007	+	0.328571	mod_ratio	140	166	A	GAACA	ok	True
chr4	382012	382013	+	0.573333	mod_ratio	150	167	A	AAACC	ok	True
chr4	382053	382054	+	1	mod_ratio	24	167	A	AAACG	ok	False
chr4	455888	455889	+	0.489796	mod_ratio	49	206	A	AAACC	ok	True
chr4	455935	455936	+	0.34555	mod_ratio	191	211	A	GAACC	ok	True
chr4	456174	456175	+	0.223529	mod_ratio	170	217	A	AGACA	ok	True
chr4	456243	456244	+	0.155779	mod_ratio	199	223	A	GAACA	ok	True
chr4	456352	456353	+	0.692308	mod_ratio	195	226	A	AGACA	ok	True
chr4	456492	456493	+	0.64497	mod_ratio	169	232	A	GGACA	ok	True
chr4	457315	457316	+	0.518349	mod_ratio	218	247	A	AAACC	ok	True
chr4	457368	457369	+	0.258772	mod_ratio	228	253	A	AAACT	ok	True
chr4	457502	457503	+	0.609053	mod_ratio	243	259	A	AAACA	ok	True
chr4	457522	457523	+	0.2103	mod_ratio	233	253	A	GAACA	ok	True
chr4	457748	457749	+	0.669643	mod_ratio	224	270	A	AAACC	ok	True
chr4	457767	457768	+	0.171674	mod_ratio	233	271	A	AAACA	ok	True
chr4	457799	457800	+	0.529412	mod_ratio	221	270	A	AAACC	ok	True
chr4	457883	457884	+	0.158537	mod_ratio	246	277	A	GAACC	ok	True
chr4	457893	457894	+	0.793249	mod_ratio	237	277	A	AAACA	ok	True
chr4	457904	457905	+	0.14876	mod_ratio	242	281	A	AAACC	ok	True
chr4	457910	457911	+	0.24898	mod_ratio	245	275	A	AAACC	ok	True
chr4	458177	458178	+	0.868132	mod_ratio	91	293	A	AAACA	ok	True
chr4	458187	458188	+	0.122449	mod_ratio	245	292	A	GAACA	ok	True
chr4	458294	458295	+	0.473913	mod_ratio	230	285	A	GAACT	ok	True
chr4	458375	458376	+	0.308511	mod_ratio	94	139	A	AAACA	ok	True
chr4	458431	458432	+	0.740385	mod_ratio	104	115	A	GGACG	ok	False
chr4	462336	462337	-	0.78125	mod_ratio	32	35	T	TGTTT	ok	True
chr4	478188	478189	+	0.833333	mod_ratio	36	66	A	GGACA	ok	True
chr4	479210	479211	+	0.506173	mod_ratio	81	86	A	GAACA	ok	True
chr4	479222	479223	+	0.301205	mod_ratio	83	86	A	AAACA	ok	True
chr4	479732	479733	+	0.613333	mod_ratio	75	88	A	AAACT	ok	True
chr4	494093	494094	+	0.301205	mod_ratio	83	1904	A	AGACA	ok	True
chr4	494114	494115	+	0.123798	mod_ratio	1664	1911	A	AGACC	ok	True
chr4	494137	494138	+	0.322132	mod_ratio	1726	1913	A	GAACT	ok	True
chr4	494465	494466	+	0.283133	mod_ratio	1826	1980	A	GAACT	ok	True
chr4	494685	494686	+	0.522642	mod_ratio	1590	1950	A	AAACC	ok	True
chr4	494772	494773	+	0.532999	mod_ratio	1197	1506	A	AAACT	ok	True
chr4	494785	494786	+	0.636364	mod_ratio	66	1224	A	GGATC	ok	False
chr4	544102	544103	-	0.4	mod_ratio	75	180	T	GGTTT	ok	True
chr4	544104	544105	-	0.262069	mod_ratio	145	509	T	TTTTT	ok	False
chr4	544210	544211	-	0.218415	mod_ratio	467	513	T	AGTTT	ok	True
chr4	544285	544286	-	0.474725	mod_ratio	455	507	T	AGTTT	ok	True
chr4	544344	544345	-	0.209524	mod_ratio	210	306	T	CGTTT	ok	False
chr4	544825	544826	-	0.267677	mod_ratio	396	453	T	TGTCT	ok	True
chr4	544835	544836	-	0.409091	mod_ratio	396	440	T	GGTTT	ok	True
chr4	544890	544891	-	0.236453	mod_ratio	406	442	T	CGTTC	ok	False
chr4	545299	545300	-	0.201954	mod_ratio	307	355	T	GGTTT	ok	True
chr4	545300	545301	-	0.654545	mod_ratio	55	417	T	GTTTT	ok	False
chr4	545347	545348	-	0.445876	mod_ratio	388	410	T	AGTTC	ok	True
chr4	545373	545374	-	0.459016	mod_ratio	305	399	T	CGTTT	ok	False
chr4	545432	545433	-	0.363636	mod_ratio	330	404	T	CGTCC	ok	False
chr4	548794	548795	+	0.806452	mod_ratio	31	34	A	AAACT	ok	True
chr4	549056	549057	+	0.589744	mod_ratio	39	41	A	AAACA	ok	True
chr4	552547	552548	+	0.814815	mod_ratio	27	32	A	AAACG	ok	False
chr4	568118	568119	+	0.595745	mod_ratio	47	52	A	AAACC	ok	True
chr4	568194	568195	+	0.478261	mod_ratio	46	52	A	AGACT	ok	True
chr4	568528	568529	+	0.902439	mod_ratio	41	53	A	AGACA	ok	True
chr4	568549	568550	+	0.979592	mod_ratio	49	54	A	AGACA	ok	True
chr4	568575	568576	+	0.45098	mod_ratio	51	55	A	AAACA	ok	True
chr4	568856	568857	+	0.962264	mod_ratio	53	63	A	AAACA	ok	True
chr4	626605	626606	+	0.758621	mod_ratio	29	40	A	AAACG	ok	False
chr4	690275	690276	-	0.866667	mod_ratio	30	36	T	CGTCT	ok	False
chr4	694876	694877	+	0.604938	mod_ratio	81	90	A	AAACT	ok	True
chr4	695155	695156	+	0.816092	mod_ratio	87	93	A	AAACA	ok	True
chr4	695300	695301	+	0.701149	mod_ratio	87	94	A	AAACG	ok	False
chr4	695339	695340	+	0.806818	mod_ratio	88	93	A	AAACG	ok	False
chr4	695469	695470	+	0.914634	mod_ratio	82	94	A	AAACC	ok	True
chr4	695796	695797	+	0.272727	mod_ratio	88	96	A	GGACA	ok	True
chr4	696269	696270	+	0.5	mod_ratio	98	107	A	AAACT	ok	True
chr4	696540	696541	+	0.653465	mod_ratio	101	110	A	AAACT	ok	True
chr4	696697	696698	+	0.782178	mod_ratio	101	110	A	GAACA	ok	True
chr4	697084	697085	+	0.531915	mod_ratio	47	93	A	AAACA	ok	True
chr4	730921	730922	+	0.5	mod_ratio	76	80	A	AAACT	ok	True
chr4	731154	731155	+	0.973684	mod_ratio	76	83	A	AAACA	ok	True
chr4	731650	731651	+	0.342105	mod_ratio	76	88	A	GAACA	ok	True
chr4	731719	731720	+	0.7875	mod_ratio	80	90	A	AAACA	ok	True
chr4	731889	731890	+	0.252874	mod_ratio	87	94	A	AAACA	ok	True
chr4	732261	732262	+	0.715909	mod_ratio	88	97	A	AAACC	ok	True
chr4	770970	770971	-	0.462963	mod_ratio	54	56	T	TGTTT	ok	True
chr4	771037	771038	-	0.530612	mod_ratio	49	58	T	CGTCC	ok	False
chr4	771341	771342	-	0.789474	mod_ratio	38	47	T	CGTTC	ok	False
chr4	771900	771901	-	0.794118	mod_ratio	34	41	T	TGTCC	ok	True
chr4	773263	773264	-	0.923077	mod_ratio	26	31	T	TGTCC	ok	True
chr4	796179	796180	-	0.465347	mod_ratio	101	191	T	TGTTT	ok	True
chr4	796247	796248	-	0.386555	mod_ratio	119	212	T	GGTCC	ok	True
chr4	796260	796261	-	0.70068	mod_ratio	147	200	T	TGTTT	ok	True
chr4	796296	796297	-	0.294393	mod_ratio	214	247	T	AGTTT	ok	True
chr4	796309	796310	-	0.492958	mod_ratio	213	258	T	GGTTT	ok	True
chr4	796313	796314	-	0.636364	mod_ratio	198	260	T	TGTCC	ok	True
chr4	796372	796373	-	0.320574	mod_ratio	209	258	T	TGTCC	ok	True
chr4	796447	796448	-	0.408889	mod_ratio	225	255	T	GGTCT	ok	True
chr4	796490	796491	-	0.29064	mod_ratio	203	252	T	TGTCT	ok	True
chr4	796506	796507	-	0.148649	mod_ratio	222	248	T	TGTTC	ok	True
chr4	796658	796659	-	0.133333	mod_ratio	195	236	T	GGTCT	ok	True
chr4	796726	796727	-	0.490798	mod_ratio	163	230	T	CGTCC	ok	False
chr4	796831	796832	-	0.660377	mod_ratio	212	222	T	GGTTT	ok	True
chr4	796881	796882	-	0.424242	mod_ratio	198	213	T	GGTTT	ok	True
chr4	796984	796985	-	0.612903	mod_ratio	155	213	T	GGTCT	ok	True
chr4	797001	797002	-	0.405	mod_ratio	200	211	T	AGTTC	ok	True
chr4	797079	797080	-	0.142857	mod_ratio	182	201	T	GGTTT	ok	True
chr4	797140	797141	-	0.646739	mod_ratio	184	204	T	CGTTT	ok	False
chr4	797174	797175	-	0.502618	mod_ratio	191	205	T	TGTCT	ok	True
chr4	797188	797189	-	0.233161	mod_ratio	193	202	T	TGTTC	ok	True
chr4	797337	797338	-	0.172414	mod_ratio	174	197	T	GGTCT	ok	True
chr4	797349	797350	-	0.810976	mod_ratio	164	194	T	TGTCT	ok	True
chr4	797437	797438	-	0.297619	mod_ratio	168	192	T	TGTCC	ok	True
chr4	814006	814007	+	0.547619	mod_ratio	42	44	A	AAACC	ok	True
chr4	814804	814805	+	0.468085	mod_ratio	47	54	A	AAACA	ok	True
chr4	820580	820581	-	0.84375	mod_ratio	32	43	T	TGTCT	ok	True
chr4	821842	821843	+	0.864865	mod_ratio	37	43	A	AGACA	ok	True
chr4	823141	823142	+	0.613636	mod_ratio	44	46	A	GGACA	ok	True
chr4	823455	823456	+	0.885714	mod_ratio	35	41	A	AGACA	ok	True
chr4	842231	842232	-	0.604651	mod_ratio	43	97	T	GTTTT	ok	False
chr4	842345	842346	-	0.4	mod_ratio	80	125	T	GGTCC	ok	True
chr4	842553	842554	-	0.419355	mod_ratio	93	104	T	TGTTT	ok	True
chr4	843094	843095	-	0.825243	mod_ratio	103	112	T	GGTCT	ok	True
chr4	843122	843123	-	0.55	mod_ratio	60	79	T	CGTTT	ok	False
chr4	843262	843263	-	0.714286	mod_ratio	77	103	T	CGTTT	ok	False
chr4	874253	874254	+	0.823529	mod_ratio	34	37	A	AGACA	ok	True
chr4	921652	921653	+	0.6875	mod_ratio	48	90	A	AAACC	ok	True
chr4	922311	922312	+	0.851064	mod_ratio	94	105	A	AGACG	ok	False
chr4	922455	922456	+	0.315217	mod_ratio	92	106	A	GAACG	ok	False
chr4	922548	922549	+	0.772152	mod_ratio	79	106	A	AGACA	ok	True
chr4	922552	922553	+	0.513158	mod_ratio	76	92	A	AAACA	ok	True
chr4	979318	979319	-	0.554217	mod_ratio	83	160	T	GTTTT	ok	False
chr4	979509	979510	-	0.272727	mod_ratio	143	168	T	GGTTT	ok	True
chr4	979962	979963	-	0.876106	mod_ratio	113	136	T	CGTCC	ok	False
chr4	980560	980561	-	0.692308	mod_ratio	117	130	T	CGTTC	ok	False
chr4	1046225	1046226	-	0.78	mod_ratio	50	76	T	GGTTT	ok	True
chr4	1046426	1046427	-	0.326829	mod_ratio	205	219	T	TGTTC	ok	True
chr4	1046475	1046476	-	0.313333	mod_ratio	150	208	T	GGTTT	ok	True
chr4	1046496	1046497	-	0.168919	mod_ratio	148	175	T	GGTTT	ok	True
chr4	1046822	1046823	-	0.304598	mod_ratio	174	193	T	GGTTT	ok	True
chr4	1082139	1082140	-	0.55814	mod_ratio	43	51	T	CGTTC	ok	False
chr4	1082685	1082686	-	0.651163	mod_ratio	43	50	T	CGTCT	ok	False
chr4	1082871	1082872	-	0.76087	mod_ratio	46	48	T	CGTCT	ok	False
chr4	1082887	1082888	-	0.75	mod_ratio	40	49	T	CGTCT	ok	False
chr4	1083410	1083411	-	0.935484	mod_ratio	31	39	T	GGTCC	ok	True
chr4	1084520	1084521	-	0.857143	mod_ratio	28	32	T	TGTTT	ok	True
chr4	1084729	1084730	-	0.9375	mod_ratio	32	32	T	CGTCT	ok	False
chr4	1086368	1086369	-	1	mod_ratio	23	26	T	TGTTT	ok	True
chr4	1109089	1109090	+	0.717949	mod_ratio	39	48	A	GGACA	ok	True
chr4	1110818	1110819	-	0.330709	mod_ratio	127	143	T	AGTTT	ok	True
chr4	1111046	1111047	-	0.333333	mod_ratio	93	135	T	GGTTT	ok	True
chr4	1111070	1111071	-	0.735294	mod_ratio	34	133	T	GTTTT	ok	False
chr4	1111507	1111508	-	0.871287	mod_ratio	101	120	T	TGTCC	ok	True
chr4	1112340	1112341	-	0.113636	mod_ratio	264	292	T	AGTCC	ok	True
chr4	1112352	1112353	-	0.47807	mod_ratio	228	294	T	TGTTC	ok	True
chr4	1112375	1112376	-	0.270916	mod_ratio	251	295	T	AGTCC	ok	True
chr4	1112819	1112820	-	0.219653	mod_ratio	173	235	T	GGTTT	ok	True
chr4	1112895	1112896	-	0.568182	mod_ratio	220	286	T	TGTCC	ok	True
chr4	1113896	1113897	-	0.177966	mod_ratio	236	259	T	TGTCT	ok	True
chr4	1113901	1113902	-	0.225434	mod_ratio	173	257	T	GGTTC	ok	True
chr4	1113931	1113932	-	0.116071	mod_ratio	224	245	T	GGTTC	ok	True
chr4	1113970	1113971	-	0.315068	mod_ratio	219	236	T	GGTTT	ok	True
chr4	1129382	1129383	+	0.971429	mod_ratio	35	38	A	AAACG	ok	False
chr4	1131643	1131644	+	0.676471	mod_ratio	34	43	A	AAACG	ok	False
chr4	1132319	1132320	+	0.785714	mod_ratio	42	45	A	AAACA	ok	True
chr4	1132568	1132569	+	0.8	mod_ratio	35	47	A	AAACG	ok	False
chr4	1133192	1133193	+	0.854167	mod_ratio	48	59	A	GGACA	ok	True
chr4	1134547	1134548	+	0.589744	mod_ratio	39	88	A	AAACC	ok	True
chr4	1134767	1134768	+	0.859375	mod_ratio	64	96	A	AAACT	ok	True
chr4	1134902	1134903	+	0.537634	mod_ratio	93	108	A	AAACC	ok	True
chr4	1136075	1136076	+	0.342593	mod_ratio	108	121	A	AGACC	ok	True
chr4	1136091	1136092	+	0.854167	mod_ratio	96	120	A	AAACG	ok	False
chr4	1136804	1136805	+	0.350427	mod_ratio	117	130	A	GAACT	ok	True
chr4	1136852	1136853	+	0.264957	mod_ratio	117	134	A	AGACA	ok	True
chr4	1137037	1137038	+	0.956522	mod_ratio	46	119	A	AGACC	ok	True
chr4	1138117	1138118	-	0.793103	mod_ratio	29	32	T	AGTTT	ok	True
chr4	1149343	1149344	-	0.19708	mod_ratio	137	222	T	GGTTC	ok	True
chr4	1149417	1149418	-	0.646667	mod_ratio	150	193	T	TGTTT	ok	True
chr4	1150064	1150065	-	0.786667	mod_ratio	150	220	T	TGTCT	ok	True
chr4	1150075	1150076	-	0.121827	mod_ratio	197	221	T	TGTCT	ok	True
chr4	1206105	1206106	+	0.655738	mod_ratio	61	67	A	AAACA	ok	True
chr4	1206138	1206139	+	0.540984	mod_ratio	61	70	A	GAACG	ok	False
chr4	1206164	1206165	+	0.539683	mod_ratio	63	70	A	AAACC	ok	True
chr4	1206277	1206278	+	0.764706	mod_ratio	68	72	A	AGACA	ok	True
chr4	1229110	1229111	-	0.638889	mod_ratio	36	168	T	AGTTT	ok	True
chr4	1229220	1229221	-	0.282096	mod_ratio	1145	1381	T	AGTTT	ok	True
chr4	1229221	1229222	-	0.112169	mod_ratio	945	2358	T	GTTTT	ok	False
chr4	1229222	1229223	-	0.241259	mod_ratio	286	2675	T	TTTTT	ok	False
chr4	1229227	1229228	-	0.536	mod_ratio	625	909	T	GGTTT	ok	True
chr4	1229228	1229229	-	0.538569	mod_ratio	713	1657	T	GTTTT	ok	False
chr4	1229229	1229230	-	0.495564	mod_ratio	789	2511	T	TTTTT	ok	False
chr4	1229230	1229231	-	0.428571	mod_ratio	98	2645	T	TTTTT	ok	False
chr4	1229236	1229237	-	0.881356	mod_ratio	59	2570	T	AGTTT	ok	True
chr4	1229400	1229401	-	0.857143	mod_ratio	28	2631	T	CGTTA	ok	False
chr4	1229455	1229456	-	0.604492	mod_ratio	1024	2569	T	TGTCC	ok	True
chr4	1229565	1229566	-	0.141899	mod_ratio	1938	2303	T	AGTTC	ok	True
chr4	1229649	1229650	-	0.489351	mod_ratio	2019	2319	T	TGTTT	ok	True
chr4	1229655	1229656	-	0.245869	mod_ratio	1997	2365	T	GGTCT	ok	True
chr4	1229732	1229733	-	0.132479	mod_ratio	702	2294	T	GTTTT	ok	False
chr4	1229752	1229753	-	0.269394	mod_ratio	1418	1848	T	GGTTT	ok	True
chr4	1229753	1229754	-	0.456522	mod_ratio	230	2261	T	GTTTT	ok	False
chr4	1229804	1229805	-	0.5325	mod_ratio	2000	2198	T	AGTTT	ok	True
chr4	1229875	1229876	-	0.390909	mod_ratio	110	474	T	TGTTT	ok	True
chr4	1229878	1229879	-	0.348837	mod_ratio	86	535	T	TTTTT	ok	False
chr4	1229879	1229880	-	0.319588	mod_ratio	291	651	T	TTTTT	ok	False
chr4	1229880	1229881	-	0.338983	mod_ratio	649	1271	T	TTTTT	ok	False
chr4	1248647	1248648	+	0.75	mod_ratio	32	48	A	AAACG	ok	False
chr4	1264888	1264889	+	0.873563	mod_ratio	87	93	A	AAACA	ok	True
chr4	1264930	1264931	+	0.313953	mod_ratio	86	92	A	GAACC	ok	True
chr4	1265941	1265942	+	0.432432	mod_ratio	74	88	A	AAACT	ok	True
chr4	1265976	1265977	+	0.714286	mod_ratio	84	92	A	AGACC	ok	True
chr4	1266024	1266025	+	0.539474	mod_ratio	76	97	A	GGACA	ok	True
chr4	1266073	1266074	+	0.534884	mod_ratio	86	101	A	AAACC	ok	True
chr4	1266207	1266208	+	0.571429	mod_ratio	42	102	A	GGACG	ok	False
chr4	1266346	1266347	+	0.721519	mod_ratio	79	99	A	AGACA	ok	True
chr4	1266393	1266394	+	0.603175	mod_ratio	63	91	A	AAACG	ok	False
chr4	1267243	1267244	-	0.709677	mod_ratio	31	34	T	AGTTT	ok	True
chr4	1267449	1267450	-	0.9	mod_ratio	30	33	T	TGTTT	ok	True
chr4	1269643	1269644	-	0.878049	mod_ratio	41	42	T	CGTTC	ok	False
chr4	1278584	1278585	-	0.604255	mod_ratio	235	300	T	AGTTT	ok	True
chr4	1278693	1278694	-	0.227612	mod_ratio	268	334	T	AGTTT	ok	True
chr4	1278694	1278695	-	0.636364	mod_ratio	88	422	T	GTTTT	ok	False
chr4	1278743	1278744	-	0.178571	mod_ratio	224	308	T	AGTTT	ok	True
chr4	1278864	1278865	-	0.217848	mod_ratio	381	411	T	GGTCC	ok	True
chr4	1278885	1278886	-	0.412399	mod_ratio	371	409	T	TGTCC	ok	True
chr4	1279092	1279093	-	0.220126	mod_ratio	318	375	T	GGTCC	ok	True
chr4	1279113	1279114	-	0.646707	mod_ratio	334	370	T	TGTCC	ok	True
chr4	1279174	1279175	-	0.113846	mod_ratio	325	361	T	AGTCT	ok	True
chr4	1279189	1279190	-	0.231511	mod_ratio	311	357	T	CGTCT	ok	False
chr4	1279273	1279274	-	0.341463	mod_ratio	328	341	T	AGTTC	ok	True
chr4	1279320	1279321	-	0.15	mod_ratio	300	341	T	GGTCC	ok	True
chr4	1279341	1279342	-	0.273026	mod_ratio	304	336	T	TGTCT	ok	True
chr4	1292778	1292779	+	0.193548	mod_ratio	124	161	A	GAACT	ok	True
chr4	1293264	1293265	+	0.520548	mod_ratio	146	180	A	AGACA	ok	True
chr4	1293315	1293316	+	0.2	mod_ratio	165	183	A	GAACC	ok	True
chr4	1293375	1293376	+	0.551724	mod_ratio	145	186	A	AAACC	ok	True
chr4	1293498	1293499	+	0.905325	mod_ratio	169	189	A	AGACG	ok	False
chr4	1293551	1293552	+	0.19774	mod_ratio	177	189	A	AGACA	ok	True
chr4	1294224	1294225	+	0.341317	mod_ratio	167	224	A	GGACC	ok	True
chr4	1294300	1294301	+	0.301887	mod_ratio	159	190	A	AAACA	ok	True
chr4	1294382	1294383	+	0.178899	mod_ratio	218	242	A	GAACT	ok	True
chr4	1294510	1294511	+	0.116279	mod_ratio	215	247	A	AGACT	ok	True
chr4	1294587	1294588	+	0.352697	mod_ratio	241	253	A	AAACA	ok	True
chr4	1294748	1294749	+	0.312883	mod_ratio	163	254	A	AAACT	ok	True
chr4	1294794	1294795	+	0.1625	mod_ratio	160	250	A	GAACC	ok	True
chr4	1295547	1295548	-	0.454545	mod_ratio	55	60	T	AGTTT	ok	True
chr4	1295583	1295584	-	0.795455	mod_ratio	44	64	T	CGTTT	ok	False
chr4	1295640	1295641	-	0.8	mod_ratio	30	43	T	TGTTT	ok	True
chr4	1295749	1295750	-	0.782609	mod_ratio	46	67	T	AGTTT	ok	True
chr4	1295788	1295789	-	0.5	mod_ratio	66	73	T	TGTTC	ok	True
chr4	1295910	1295911	-	0.729167	mod_ratio	48	65	T	TGTTT	ok	True
chr4	1296120	1296121	-	0.566667	mod_ratio	60	67	T	TGTCT	ok	True
chr4	1296632	1296633	-	0.555556	mod_ratio	45	59	T	CGTCC	ok	False
chr4	1297236	1297237	-	0.625	mod_ratio	40	46	T	GGTCC	ok	True
chr4	1298026	1298027	-	0.710526	mod_ratio	38	39	T	AGTTC	ok	True
chr4	1318889	1318890	-	0.636364	mod_ratio	198	270	T	GGTTC	ok	True
chr4	1318922	1318923	-	0.440217	mod_ratio	184	279	T	GGTTC	ok	True
chr4	1319130	1319131	-	0.353933	mod_ratio	178	281	T	TGTCC	ok	True
chr4	1319146	1319147	-	0.302752	mod_ratio	109	277	T	TGTCC	ok	True
chr4	1331794	1331795	-	0.684211	mod_ratio	38	46	T	CGTCC	ok	False
chr4	1332069	1332070	-	0.581395	mod_ratio	43	45	T	CGTTC	ok	False
chr4	1332603	1332604	-	0.638889	mod_ratio	36	41	T	TGTCC	ok	True
chr4	1416396	1416397	+	0.235294	mod_ratio	136	172	A	GAACA	ok	True
chr4	1416532	1416533	+	0.375758	mod_ratio	165	178	A	GAACC	ok	True
chr4	1416933	1416934	+	0.365854	mod_ratio	164	193	A	AAACT	ok	True
chr4	1429943	1429944	+	0.888889	mod_ratio	27	28	A	AAACA	ok	True
chr4	1431307	1431308	+	0.818182	mod_ratio	33	45	A	GGACA	ok	True
chr4	1431313	1431314	+	0.595238	mod_ratio	42	45	A	AAACT	ok	True
chr4	1431421	1431422	+	0.744186	mod_ratio	43	48	A	GGACC	ok	True
chr4	1440262	1440263	+	0.758824	mod_ratio	170	413	A	AGACC	ok	True
chr4	1440573	1440574	+	0.631902	mod_ratio	163	1867	A	AGACA	ok	True
chr4	1441131	1441132	+	0.352823	mod_ratio	1488	1919	A	GAACC	ok	True
chr4	1441177	1441178	+	0.508197	mod_ratio	61	1969	A	AAACG	ok	False
chr4	1441206	1441207	+	0.188435	mod_ratio	1470	1970	A	AGACT	ok	True
chr4	1441227	1441228	+	0.158203	mod_ratio	1536	1907	A	GAACC	ok	True
chr4	1441375	1441376	+	0.333333	mod_ratio	189	1995	A	GAACG	ok	False
chr4	1441383	1441384	+	0.175202	mod_ratio	1855	2035	A	AGACT	ok	True
chr4	1441427	1441428	+	0.492958	mod_ratio	71	2074	A	GGATG	ok	False
chr4	1441444	1441445	+	0.39659	mod_ratio	1818	2085	A	GAACA	ok	True
chr4	1441456	1441457	+	0.156146	mod_ratio	301	2088	A	GAACA	ok	True
chr4	1441481	1441482	+	0.369231	mod_ratio	65	2104	A	GGATC	ok	False
chr4	1441678	1441679	+	0.625	mod_ratio	176	2151	A	AAACT	ok	True
chr4	1441690	1441691	+	0.220962	mod_ratio	1851	2141	A	GGACT	ok	True
chr4	1441718	1441719	+	0.145989	mod_ratio	2007	2149	A	AGACT	ok	True
chr4	1441763	1441764	+	0.116579	mod_ratio	1707	2069	A	AGACT	ok	True
chr4	1441808	1441809	+	0.809524	mod_ratio	42	2002	A	CAATT	ok	False
chr4	1441820	1441821	+	0.38843	mod_ratio	121	2044	A	GAATT	ok	False
chr4	1476441	1476442	+	0.857143	mod_ratio	35	41	A	AAACG	ok	False
chr4	1476577	1476578	+	0.628571	mod_ratio	35	40	A	GAACC	ok	True
chr4	1562490	1562491	-	0.405797	mod_ratio	276	360	T	GGTCT	ok	True
chr4	1562498	1562499	-	0.461538	mod_ratio	169	250	T	TGTTC	ok	True
chr4	1562622	1562623	-	0.239362	mod_ratio	188	245	T	GGTTT	ok	True
chr4	1562623	1562624	-	0.394958	mod_ratio	119	361	T	GTTTT	ok	False
chr4	1562735	1562736	-	0.344961	mod_ratio	258	301	T	TGTTT	ok	True
chr4	1564003	1564004	-	0.217687	mod_ratio	147	307	T	GGTCT	ok	True
chr4	1564079	1564080	-	0.42446	mod_ratio	139	246	T	GGTTT	ok	True
chr4	1584084	1584085	+	0.682927	mod_ratio	41	45	A	AGACG	ok	False
chr4	1585820	1585821	+	0.568627	mod_ratio	51	59	A	AGACG	ok	False
chr4	1932221	1932222	+	0.290323	mod_ratio	217	244	A	AAACA	ok	True
chr4	1932228	1932229	+	0.266667	mod_ratio	180	227	A	AAACA	ok	True
chr4	1932472	1932473	+	0.216867	mod_ratio	249	281	A	GAACA	ok	True
chr4	1932548	1932549	+	0.127413	mod_ratio	259	288	A	GAACC	ok	True
chr4	1932996	1932997	+	0.164122	mod_ratio	262	296	A	GAACC	ok	True
chr4	1933027	1933028	+	0.194346	mod_ratio	283	300	A	AAACC	ok	True
chr4	1933058	1933059	+	0.189091	mod_ratio	275	301	A	AAACT	ok	True
chr4	1933134	1933135	+	0.766892	mod_ratio	296	312	A	AAACG	ok	False
chr4	1933258	1933259	+	0.157534	mod_ratio	292	324	A	GGACT	ok	True
chr4	1933384	1933385	+	0.201299	mod_ratio	308	331	A	GAACC	ok	True
chr4	1933394	1933395	+	0.695652	mod_ratio	299	322	A	AAACC	ok	True
chr4	1933469	1933470	+	0.141379	mod_ratio	290	332	A	GGACC	ok	True
chr4	1933538	1933539	+	0.233553	mod_ratio	304	340	A	AAACC	ok	True
chr4	1933594	1933595	+	0.368421	mod_ratio	285	339	A	AGACC	ok	True
chr4	1933662	1933663	+	0.355212	mod_ratio	259	319	A	AAACT	ok	True
chr4	1933726	1933727	+	0.685714	mod_ratio	70	81	A	GAACA	ok	True
chr4	1939585	1939586	+	0.657143	mod_ratio	35	40	A	GGACA	ok	True
chr4	1940865	1940866	+	0.875	mod_ratio	40	45	A	AGACA	ok	True
chr4	1941221	1941222	+	0.489362	mod_ratio	47	53	A	AAACA	ok	True
chr4	1941402	1941403	+	0.490196	mod_ratio	51	55	A	AAACG	ok	False
chr4	1941685	1941686	+	0.490566	mod_ratio	53	61	A	AAACT	ok	True
chr4	1941894	1941895	+	0.686275	mod_ratio	51	62	A	AAACC	ok	True
chr4	2031433	2031434	+	0.72973	mod_ratio	37	43	A	AAACC	ok	True
chr4	2031475	2031476	+	0.714286	mod_ratio	35	45	A	GGACA	ok	True
chr4	2031577	2031578	+	0.8	mod_ratio	40	46	A	AGACA	ok	True
chr4	2126533	2126534	+	0.947368	mod_ratio	38	44	A	AAACG	ok	False
chr4	2126734	2126735	+	0.8	mod_ratio	35	43	A	AGACG	ok	False
chr4	2325117	2325118	+	0.454545	mod_ratio	77	84	A	AAACT	ok	True
chr4	2325398	2325399	+	0.455696	mod_ratio	79	86	A	AAACC	ok	True
chr4	2325406	2325407	+	0.541176	mod_ratio	85	89	A	AAACG	ok	False
chr4	2325553	2325554	+	0.283951	mod_ratio	81	96	A	GGACA	ok	True
chr4	2325788	2325789	+	0.902174	mod_ratio	92	104	A	AGACG	ok	False
chr4	2325946	2325947	+	0.638095	mod_ratio	105	111	A	AGACC	ok	True
chr4	2326134	2326135	+	0.285714	mod_ratio	112	120	A	GAACT	ok	True
chr4	2326648	2326649	+	0.695312	mod_ratio	128	162	A	AGACC	ok	True
chr4	2326730	2326731	+	0.331034	mod_ratio	145	164	A	AAACC	ok	True
chr4	2326791	2326792	+	0.335664	mod_ratio	143	168	A	GAACA	ok	True
chr4	2350624	2350625	-	0.697917	mod_ratio	288	430	T	CGTTT	ok	False
chr4	2350625	2350626	-	0.449102	mod_ratio	167	647	T	GTTTT	ok	False
chr4	2350626	2350627	-	0.491228	mod_ratio	57	712	T	TTTTT	ok	False
chr4	2350630	2350631	-	0.281619	mod_ratio	593	744	T	TGTTT	ok	True
chr4	2350655	2350656	-	0.215686	mod_ratio	714	798	T	AGTTC	ok	True
chr4	2350718	2350719	-	0.161215	mod_ratio	428	531	T	AGTTT	ok	True
chr4	2350719	2350720	-	0.380952	mod_ratio	294	819	T	GTTTT	ok	False
chr4	2350749	2350750	-	0.117188	mod_ratio	768	858	T	GGTTC	ok	True
chr4	2351038	2351039	-	0.593886	mod_ratio	687	783	T	TGTCC	ok	True
chr4	2351047	2351048	-	0.334029	mod_ratio	479	570	T	AGTCT	ok	True
chr4	2351049	2351050	-	0.35468	mod_ratio	203	774	T	TCTCT	ok	False
chr4	2351122	2351123	-	0.39039	mod_ratio	666	742	T	GGTTC	ok	True
chr4	2351305	2351306	-	0.246305	mod_ratio	609	678	T	AGTTC	ok	True
chr4	2351516	2351517	-	0.555556	mod_ratio	477	615	T	GGTCT	ok	True
chr4	2351551	2351552	-	0.492872	mod_ratio	491	591	T	GGTTT	ok	True
chr4	2351561	2351562	-	0.382479	mod_ratio	468	575	T	TGTTC	ok	True
chr4	2351593	2351594	-	0.4122	mod_ratio	541	593	T	GGTTT	ok	True
chr4	2351609	2351610	-	0.61157	mod_ratio	484	590	T	CGTCC	ok	False
chr4	2351688	2351689	-	0.157718	mod_ratio	298	379	T	TGTTT	ok	True
chr4	2351711	2351712	-	0.793103	mod_ratio	29	574	T	TCTCT	ok	False
chr4	2351840	2351841	-	0.222944	mod_ratio	462	502	T	GGTTT	ok	True
chr4	2351841	2351842	-	0.578947	mod_ratio	38	549	T	GTTTT	ok	False
chr4	2351892	2351893	-	0.265672	mod_ratio	335	507	T	TGTTT	ok	True
chr4	2351896	2351897	-	0.311024	mod_ratio	254	499	T	TGTTT	ok	True
chr4	2427815	2427816	-	0.610169	mod_ratio	59	81	T	AGTTT	ok	True
chr4	2427831	2427832	-	0.511111	mod_ratio	45	82	T	GTTTT	ok	False
chr4	2427975	2427976	-	0.247191	mod_ratio	89	104	T	TGTTC	ok	True
chr4	2427995	2427996	-	0.328767	mod_ratio	73	94	T	TGTTT	ok	True
chr4	2428524	2428525	-	0.307692	mod_ratio	78	84	T	AGTCC	ok	True
chr4	2428638	2428639	-	0.891892	mod_ratio	74	80	T	TGTCT	ok	True
chr4	2429281	2429282	-	0.471698	mod_ratio	53	65	T	GGTTT	ok	True
chr4	2429365	2429366	-	0.47541	mod_ratio	61	62	T	AGTTT	ok	True
chr4	2429647	2429648	-	0.553191	mod_ratio	47	59	T	GGTCT	ok	True
chr4	2445931	2445932	+	0.213115	mod_ratio	183	334	A	AAACA	ok	True
chr4	2446583	2446584	+	0.13871	mod_ratio	310	357	A	GGACT	ok	True
chr4	2446600	2446601	+	0.42437	mod_ratio	238	353	A	AAACC	ok	True
chr4	2446605	2446606	+	0.109091	mod_ratio	275	351	A	GAACC	ok	True
chr4	2446757	2446758	+	0.16242	mod_ratio	314	369	A	GGACA	ok	True
chr4	2446808	2446809	+	0.20132	mod_ratio	303	373	A	GAACG	ok	False
chr4	2446987	2446988	+	0.148936	mod_ratio	282	336	A	AGACT	ok	True
chr4	2447035	2447036	+	0.314815	mod_ratio	108	133	A	GAACA	ok	True
chr4	2449849	2449850	+	0.144144	mod_ratio	222	252	A	GAACA	ok	True
chr4	2450157	2450158	+	0.131868	mod_ratio	182	252	A	GAACC	ok	True
chr4	2451244	2451245	+	0.372385	mod_ratio	239	272	A	GAACG	ok	False
chr4	2451305	2451306	+	0.122363	mod_ratio	237	275	A	AAACG	ok	False
chr4	2456167	2456168	+	0.628571	mod_ratio	35	35	A	AAACT	ok	True
chr4	2456824	2456825	+	0.627907	mod_ratio	43	46	A	AGACT	ok	True
chr4	2457551	2457552	+	0.638889	mod_ratio	36	46	A	AAACT	ok	True
chr4	2518257	2518258	-	0.6875	mod_ratio	32	34	T	TGTCT	ok	True
chr4	2588107	2588108	-	0.563877	mod_ratio	227	259	T	AGTTC	ok	True
chr4	2588119	2588120	-	0.53125	mod_ratio	224	268	T	TGTTT	ok	True
chr4	2588240	2588241	-	0.194444	mod_ratio	540	733	T	GGTTC	ok	True
chr4	2588269	2588270	-	0.260677	mod_ratio	679	747	T	GGTTT	ok	True
chr4	2588328	2588329	-	0.565217	mod_ratio	46	627	T	TGTAG	ok	False
chr4	2588345	2588346	-	0.5072	mod_ratio	625	752	T	CGTCC	ok	False
chr4	2588388	2588389	-	0.218447	mod_ratio	618	742	T	GGTCC	ok	True
chr4	2588409	2588410	-	0.366617	mod_ratio	671	741	T	TGTCC	ok	True
chr4	2588485	2588486	-	0.220544	mod_ratio	662	725	T	AGTCT	ok	True
chr4	2588569	2588570	-	0.172205	mod_ratio	662	704	T	AGTTC	ok	True
chr4	2588577	2588578	-	0.41791	mod_ratio	67	691	T	CGTCC	ok	False
chr4	2588616	2588617	-	0.150754	mod_ratio	597	687	T	GGTCC	ok	True
chr4	2588713	2588714	-	0.282167	mod_ratio	443	525	T	GGTTT	ok	True
chr4	2588714	2588715	-	0.234375	mod_ratio	128	661	T	GTTTT	ok	False
chr4	2588926	2588927	-	0.114458	mod_ratio	498	606	T	AGTCT	ok	True
chr4	2593744	2593745	-	0.428571	mod_ratio	63	72	T	CGTTT	ok	False
chr4	2593745	2593746	-	0.8	mod_ratio	45	118	T	GTTTT	ok	False
chr4	2593750	2593751	-	0.369369	mod_ratio	111	121	T	GGTTT	ok	True
chr4	2661599	2661600	+	0.928571	mod_ratio	28	34	A	AAACG	ok	False
chr4	2661731	2661732	+	0.657895	mod_ratio	38	40	A	AAACG	ok	False
chr4	2662645	2662646	+	0.716981	mod_ratio	53	58	A	AAACG	ok	False
chr4	2662844	2662845	+	0.590909	mod_ratio	44	51	A	AAACC	ok	True
chr4	2672042	2672043	-	0.510791	mod_ratio	139	1633	T	AGTAA	ok	False
chr4	2672117	2672118	-	0.258749	mod_ratio	1886	2042	T	TGTTC	ok	True
chr4	2672133	2672134	-	0.333899	mod_ratio	1767	2039	T	AGTTT	ok	True
chr4	2672186	2672187	-	0.294216	mod_ratio	1798	2018	T	AGTCC	ok	True
chr4	2672463	2672464	-	0.120843	mod_ratio	1804	2005	T	CGTTC	ok	False
chr4	2672604	2672605	-	0.212566	mod_ratio	1703	1842	T	AGTCT	ok	True
chr4	2672616	2672617	-	0.440816	mod_ratio	1715	1897	T	GGTCT	ok	True
chr4	2672629	2672630	-	0.511029	mod_ratio	1632	1853	T	TGTTC	ok	True
chr4	2672975	2672976	-	0.151515	mod_ratio	1584	1804	T	AGTCC	ok	True
chr4	2673015	2673016	-	0.109597	mod_ratio	1688	1798	T	CGTTC	ok	False
chr4	2673075	2673076	-	0.223146	mod_ratio	1564	1745	T	TGTTC	ok	True
chr4	2673084	2673085	-	0.383473	mod_ratio	1549	1754	T	GGTTT	ok	True
chr4	2718222	2718223	+	0.146269	mod_ratio	335	420	A	AAACT	ok	True
chr4	2718804	2718805	+	0.295798	mod_ratio	595	692	A	AAACC	ok	True
chr4	2718880	2718881	+	0.581144	mod_ratio	647	714	A	AGACA	ok	True
chr4	2718901	2718902	+	0.234528	mod_ratio	614	719	A	GGACC	ok	True
chr4	2718948	2718949	+	0.302557	mod_ratio	704	736	A	GAACT	ok	True
chr4	2719032	2719033	+	0.513471	mod_ratio	631	755	A	AGACG	ok	False
chr4	2719108	2719109	+	0.60114	mod_ratio	702	783	A	AGACA	ok	True
chr4	2719129	2719130	+	0.242199	mod_ratio	673	791	A	GGACC	ok	True
chr4	2719176	2719177	+	0.124837	mod_ratio	769	809	A	GAACT	ok	True
chr4	2719336	2719337	+	0.650524	mod_ratio	764	865	A	GGACA	ok	True
chr4	2719357	2719358	+	0.23231	mod_ratio	749	875	A	GGACC	ok	True
chr4	2719585	2719586	+	0.202312	mod_ratio	865	976	A	GGACC	ok	True
chr4	2719645	2719646	+	0.38806	mod_ratio	67	705	A	TTACA	ok	False
chr4	2719792	2719793	+	0.481714	mod_ratio	957	1072	A	GGACA	ok	True
chr4	2719813	2719814	+	0.281706	mod_ratio	891	1070	A	GGACC	ok	True
chr4	2719856	2719857	+	0.574398	mod_ratio	914	1088	A	GGACG	ok	False
chr4	2719873	2719874	+	0.538462	mod_ratio	91	871	A	CTACA	ok	False
chr4	2719981	2719982	+	0.189189	mod_ratio	777	1080	A	AAACT	ok	True
chr4	2720083	2720084	+	0.570747	mod_ratio	629	760	A	GAACT	ok	True
chr4	2738740	2738741	-	0.916667	mod_ratio	24	30	T	TGTCT	ok	True
chr4	2739157	2739158	-	0.935484	mod_ratio	31	38	T	TGTCT	ok	True
chr4	2739917	2739918	-	0.814815	mod_ratio	27	28	T	AGTCT	ok	True
chr4	2818074	2818075	+	0.634146	mod_ratio	41	47	A	AAACA	ok	True
chr4	5187965	5187966	-	0.783784	mod_ratio	37	79	T	GTTTT	ok	False
chr4	5188008	5188009	-	0.305556	mod_ratio	72	80	T	CGTTT	ok	False
chr4	5231963	5231964	+	0.819672	mod_ratio	61	79	A	GGACT	ok	True
chr4	5239971	5239972	+	0.885714	mod_ratio	35	39	A	AAACG	ok	False
chr4	5315573	5315574	+	0.548387	mod_ratio	62	77	A	AAACA	ok	True
chr4	5316277	5316278	+	0.698795	mod_ratio	83	93	A	AGACG	ok	False
chr4	5317197	5317198	+	0.341463	mod_ratio	82	104	A	AAACG	ok	False
chr4	5317274	5317275	+	0.515625	mod_ratio	64	90	A	GGACA	ok	True
chr4	5377172	5377173	-	0.828571	mod_ratio	35	42	T	GTTTT	ok	False
chr4	5420065	5420066	+	0.6875	mod_ratio	80	91	A	AAACA	ok	True
chr4	5420133	5420134	+	0.305556	mod_ratio	72	91	A	GAACA	ok	True
chr4	5420435	5420436	+	0.4	mod_ratio	60	83	A	GAACT	ok	True
chr4	5550624	5550625	+	0.409091	mod_ratio	66	85	A	AGACC	ok	True
chr4	5551247	5551248	+	0.4	mod_ratio	70	89	A	AAACC	ok	True
chr4	5646587	5646588	-	0.186441	mod_ratio	118	142	T	TGTCT	ok	True
chr4	5646801	5646802	-	0.610169	mod_ratio	118	151	T	CGTCT	ok	False
chr4	5646824	5646825	-	0.166667	mod_ratio	132	150	T	GGTTC	ok	True
chr4	5646911	5646912	-	0.379845	mod_ratio	129	142	T	AGTTT	ok	True
chr4	5647485	5647486	-	0.412214	mod_ratio	131	156	T	TGTTC	ok	True
chr4	5647515	5647516	-	0.31405	mod_ratio	121	155	T	CGTCC	ok	False
chr4	5647525	5647526	-	0.208633	mod_ratio	139	152	T	TGTTT	ok	True
chr4	5648289	5648290	-	0.509259	mod_ratio	108	132	T	AGTTT	ok	True
chr4	5648596	5648597	-	0.397959	mod_ratio	98	115	T	TGTCT	ok	True
chr4	5648651	5648652	-	0.410526	mod_ratio	95	100	T	AGTCT	ok	True
chr4	5725321	5725322	+	0.916667	mod_ratio	36	40	A	AAACA	ok	True
chr4	5725665	5725666	+	0.73913	mod_ratio	46	51	A	GGACA	ok	True
chr4	5725866	5725867	+	0.510638	mod_ratio	47	56	A	GAACG	ok	False
chr4	5725914	5725915	+	0.54	mod_ratio	50	58	A	AAACT	ok	True
chr4	5725941	5725942	+	0.82	mod_ratio	50	60	A	AGACG	ok	False
chr4	5726127	5726128	+	0.5	mod_ratio	54	62	A	AAACA	ok	True
chr4	5726304	5726305	+	0.824561	mod_ratio	57	67	A	AAACC	ok	True
chr4	5727035	5727036	+	0.393939	mod_ratio	66	77	A	AAACT	ok	True
chr4	5727135	5727136	+	0.886364	mod_ratio	44	64	A	AGACC	ok	True
chr4	5729871	5729872	+	0.88	mod_ratio	25	28	A	AGACC	ok	True
chr4	5740444	5740445	+	0.373737	mod_ratio	99	109	A	AAACC	ok	True
chr4	5740465	5740466	+	0.425532	mod_ratio	94	110	A	AAACC	ok	True
chr4	5740550	5740551	+	0.735849	mod_ratio	106	114	A	AAACC	ok	True
chr4	5740673	5740674	+	0.237113	mod_ratio	97	111	A	AAACT	ok	True
chr4	5740782	5740783	+	0.33945	mod_ratio	109	121	A	AAACC	ok	True
chr4	5740950	5740951	+	0.463918	mod_ratio	97	120	A	AGACA	ok	True
chr4	5741029	5741030	+	0.611111	mod_ratio	108	122	A	AAACA	ok	True
chr4	5741085	5741086	+	0.32381	mod_ratio	105	127	A	GAACC	ok	True
chr4	5741131	5741132	+	0.851485	mod_ratio	101	131	A	AAACG	ok	False
chr4	5759830	5759831	+	0.96875	mod_ratio	32	38	A	GGACG	ok	False
chr4	5760073	5760074	+	0.789474	mod_ratio	38	42	A	AGACA	ok	True
chr4	5775380	5775381	+	0.286667	mod_ratio	150	171	A	AAACA	ok	True
chr4	5775439	5775440	+	0.311688	mod_ratio	154	188	A	AAACT	ok	True
chr4	5775448	5775449	+	0.13253	mod_ratio	166	198	A	GAACA	ok	True
chr4	5775517	5775518	+	0.427746	mod_ratio	173	194	A	GAACT	ok	True
chr4	5775532	5775533	+	0.26178	mod_ratio	191	210	A	GAACG	ok	False
chr4	5775561	5775562	+	0.695187	mod_ratio	187	213	A	AAACG	ok	False
chr4	5775610	5775611	+	0.239362	mod_ratio	188	214	A	GAACA	ok	True
chr4	5775680	5775681	+	0.885246	mod_ratio	183	219	A	AAACG	ok	False
chr4	5775685	5775686	+	0.167464	mod_ratio	209	220	A	GAACT	ok	True
chr4	5775847	5775848	+	0.25463	mod_ratio	216	231	A	GAACA	ok	True
chr4	5776224	5776225	+	0.138211	mod_ratio	246	269	A	GGACA	ok	True
chr4	5777086	5777087	+	0.225664	mod_ratio	226	276	A	GGACG	ok	False
chr4	5777197	5777198	+	0.439462	mod_ratio	223	261	A	AAACC	ok	True
chr4	5777455	5777456	-	0.390071	mod_ratio	141	361	T	GGTTT	ok	True
chr4	5777531	5777532	-	0.843902	mod_ratio	205	243	T	CGTTC	ok	False
chr4	5777570	5777571	-	0.813953	mod_ratio	215	248	T	TGTCC	ok	True
chr4	5777708	5777709	-	0.28934	mod_ratio	197	249	T	AGTCT	ok	True
chr4	5777720	5777721	-	0.656388	mod_ratio	227	252	T	GGTTT	ok	True
chr4	5777784	5777785	-	0.151376	mod_ratio	218	248	T	TGTTC	ok	True
chr4	5778231	5778232	-	0.791908	mod_ratio	173	212	T	TGTCC	ok	True
chr4	5778426	5778427	-	0.172414	mod_ratio	145	203	T	AGTCC	ok	True
chr4	5778675	5778676	-	0.470968	mod_ratio	155	176	T	AGTTT	ok	True
chr4	5778702	5778703	-	0.446043	mod_ratio	139	181	T	GGTTT	ok	True
chr4	5779085	5779086	-	0.5625	mod_ratio	144	169	T	AGTTT	ok	True
chr4	5794745	5794746	-	0.318841	mod_ratio	69	82	T	AGTTT	ok	True
chr4	5794769	5794770	-	0.666667	mod_ratio	48	85	T	GGTCT	ok	True
chr4	5794782	5794783	-	0.743243	mod_ratio	74	80	T	CGTTT	ok	False
chr4	5794829	5794830	-	0.466667	mod_ratio	75	85	T	GGTCT	ok	True
chr4	5795109	5795110	-	0.787879	mod_ratio	66	78	T	TGTCT	ok	True
chr4	5795885	5795886	-	0.509804	mod_ratio	51	70	T	CGTCT	ok	False
chr4	5797136	5797137	-	0.666667	mod_ratio	51	59	T	GGTTT	ok	True
chr4	5797259	5797260	-	0.622222	mod_ratio	45	58	T	GGTTT	ok	True
chr4	5924213	5924214	+	0.536272	mod_ratio	1089	1287	A	GAACT	ok	True
chr4	5924226	5924227	+	0.100127	mod_ratio	789	1284	A	GGACT	ok	True
chr4	5924250	5924251	+	0.225551	mod_ratio	1135	1289	A	GAACG	ok	False
chr4	5924317	5924318	+	0.315275	mod_ratio	1126	1293	A	GGACC	ok	True
chr4	5924360	5924361	+	0.494163	mod_ratio	1028	1297	A	AAACT	ok	True
chr4	5924416	5924417	+	0.412664	mod_ratio	916	1273	A	GAACA	ok	True
chr4	5924421	5924422	+	0.222857	mod_ratio	875	1168	A	AGACT	ok	True
chr4	5931636	5931637	-	0.75	mod_ratio	64	83	T	TGTTT	ok	True
chr4	5931847	5931848	-	0.5	mod_ratio	88	95	T	AGTCT	ok	True
chr4	5931946	5931947	-	0.526316	mod_ratio	76	93	T	CGTCC	ok	False
chr4	5932090	5932091	-	0.859155	mod_ratio	71	74	T	CGTTT	ok	False
chr4	6077266	6077267	-	0.5	mod_ratio	60	63	T	TGTTT	ok	True
chr4	6077271	6077272	-	0.828125	mod_ratio	64	66	T	GGTTT	ok	True
chr4	6077341	6077342	-	0.466667	mod_ratio	60	65	T	CGTCT	ok	False
chr4	6100816	6100817	+	0.122007	mod_ratio	877	1003	A	AAACT	ok	True
chr4	6100839	6100840	+	0.150943	mod_ratio	848	1022	A	AAACT	ok	True
chr4	6100888	6100889	+	0.557662	mod_ratio	633	1051	A	AAACC	ok	True
chr4	6100919	6100920	+	0.728261	mod_ratio	184	1091	A	AAACG	ok	False
chr4	6100979	6100980	+	0.453184	mod_ratio	267	1120	A	AGACG	ok	False
chr4	6100994	6100995	+	0.17971	mod_ratio	1035	1126	A	AAACG	ok	False
chr4	6101021	6101022	+	0.137597	mod_ratio	1032	1133	A	AGACA	ok	True
chr4	6101037	6101038	+	0.287425	mod_ratio	1002	1149	A	GAACA	ok	True
chr4	6101066	6101067	+	0.695967	mod_ratio	967	1102	A	AAACT	ok	True
chr4	6101103	6101104	+	0.405229	mod_ratio	918	1175	A	AAACG	ok	False
chr4	6101159	6101160	+	0.666667	mod_ratio	36	941	A	TAACT	ok	True
chr4	6101316	6101317	+	0.572305	mod_ratio	1141	1344	A	AAACA	ok	True
chr4	6101359	6101360	+	0.626689	mod_ratio	1184	1374	A	AGACG	ok	False
chr4	6101475	6101476	+	0.196669	mod_ratio	1261	1388	A	GAACT	ok	True
chr4	6101682	6101683	+	0.895833	mod_ratio	48	315	A	AAACG	ok	False
chr4	6107227	6107228	-	0.581395	mod_ratio	43	55	T	AGTCT	ok	True
chr4	6107317	6107318	-	0.553571	mod_ratio	56	64	T	AGTTT	ok	True
chr4	6107566	6107567	-	0.783333	mod_ratio	60	63	T	TGTCT	ok	True
chr4	6107768	6107769	-	0.407407	mod_ratio	54	60	T	CGTCC	ok	False
chr4	6107942	6107943	-	0.529412	mod_ratio	51	60	T	GGTTT	ok	True
chr4	6108729	6108730	-	0.576923	mod_ratio	52	54	T	CGTTC	ok	False
chr4	6133715	6133716	+	0.672414	mod_ratio	58	65	A	AAACA	ok	True
chr4	6134508	6134509	+	0.389831	mod_ratio	59	66	A	AGACA	ok	True
chr4	6134562	6134563	+	0.407407	mod_ratio	54	68	A	AAACC	ok	True
chr4	6147201	6147202	+	0.511628	mod_ratio	43	48	A	AAACC	ok	True
chr4	6147463	6147464	+	0.555556	mod_ratio	45	51	A	AAACC	ok	True
chr4	6147903	6147904	+	0.666667	mod_ratio	48	52	A	GGACA	ok	True
chr4	6173796	6173797	+	0.555844	mod_ratio	385	445	A	AAACC	ok	True
chr4	6174628	6174629	+	0.382716	mod_ratio	81	525	A	AAACC	ok	True
chr4	6174652	6174653	+	0.262055	mod_ratio	477	537	A	AGACT	ok	True
chr4	6174664	6174665	+	0.595388	mod_ratio	477	536	A	GAACA	ok	True
chr4	6174746	6174747	+	0.286561	mod_ratio	506	541	A	GAACG	ok	False
chr4	6174859	6174860	+	0.39312	mod_ratio	407	484	A	AAACC	ok	True
chr4	6174862	6174863	+	0.37931	mod_ratio	58	536	A	CCACC	ok	False
chr4	6174915	6174916	+	0.345455	mod_ratio	275	349	A	AGACT	ok	True
chr4	6174918	6174919	+	0.258373	mod_ratio	209	506	A	CTACT	ok	False
chr4	6174998	6174999	+	0.369427	mod_ratio	157	449	A	GGATA	ok	False
chr4	6175000	6175001	+	0.413333	mod_ratio	75	491	A	ATACT	ok	False
chr4	6175011	6175012	+	0.582734	mod_ratio	278	524	A	GGACC	ok	True
chr4	6175034	6175035	+	0.640288	mod_ratio	139	368	A	GGACC	ok	True
chr4	6175113	6175114	+	0.714286	mod_ratio	42	215	A	GAATA	ok	False
chr4	6190436	6190437	+	0.953846	mod_ratio	65	71	A	AAACG	ok	False
chr4	6218582	6218583	+	0.428571	mod_ratio	70	80	A	AAACT	ok	True
chr4	6218828	6218829	+	0.47541	mod_ratio	61	82	A	AAACT	ok	True
chr4	6270960	6270961	-	0.6875	mod_ratio	32	35	T	CGTCT	ok	False
chr4	6277421	6277422	+	0.337349	mod_ratio	83	90	A	GAACA	ok	True
chr4	6278200	6278201	+	0.558442	mod_ratio	77	89	A	GAACA	ok	True
chr4	6278220	6278221	+	0.320513	mod_ratio	78	91	A	GGACT	ok	True
chr4	6278229	6278230	+	0.561404	mod_ratio	57	81	A	AAACC	ok	True
chr4	6278281	6278282	+	0.932432	mod_ratio	74	90	A	AGACA	ok	True
chr4	6278341	6278342	+	0.689189	mod_ratio	74	92	A	AGACC	ok	True
chr4	6294058	6294059	+	0.958333	mod_ratio	24	25	A	AAACG	ok	False
chr4	6294836	6294837	+	0.945946	mod_ratio	37	40	A	AGACA	ok	True
chr4	6295140	6295141	+	0.638889	mod_ratio	36	41	A	AGACA	ok	True
chr4	6301774	6301775	-	0.690476	mod_ratio	42	49	T	CGTCC	ok	False
chr4	6309301	6309302	+	0.571429	mod_ratio	56	66	A	GAACG	ok	False
chr4	6318686	6318687	+	0.983051	mod_ratio	59	69	A	AGACA	ok	True
chr4	6318832	6318833	+	0.515625	mod_ratio	64	73	A	GAACG	ok	False
chr4	6318949	6318950	+	0.627907	mod_ratio	43	77	A	AAACC	ok	True
chr4	6319047	6319048	+	0.585714	mod_ratio	70	84	A	AAACT	ok	True
chr4	6319642	6319643	+	0.658824	mod_ratio	85	104	A	AGACA	ok	True
chr4	6319859	6319860	+	0.328947	mod_ratio	76	94	A	AGACT	ok	True
chr4	6384624	6384625	+	0.218447	mod_ratio	206	236	A	AAACA	ok	True
chr4	6384628	6384629	+	0.459596	mod_ratio	198	236	A	AAACC	ok	True
chr4	6384730	6384731	+	0.533333	mod_ratio	150	232	A	AAACT	ok	True
chr4	6385927	6385928	+	0.529801	mod_ratio	151	241	A	AAACA	ok	True
chr4	6385992	6385993	+	0.481481	mod_ratio	162	235	A	GGACT	ok	True
chr4	6386020	6386021	+	0.292135	mod_ratio	89	245	A	ATACT	ok	False
chr4	6386080	6386081	+	0.982906	mod_ratio	117	165	A	GGACG	ok	False
chr4	6397995	6397996	-	0.966667	mod_ratio	30	35	T	TGTCT	ok	True
chr4	6398820	6398821	-	0.793103	mod_ratio	29	31	T	CGTCT	ok	False
chr4	6408165	6408166	+	0.698361	mod_ratio	305	4891	A	AAACC	ok	True
chr4	6408183	6408184	+	0.301272	mod_ratio	4325	5114	A	AAACT	ok	True
chr4	6408190	6408191	+	0.288205	mod_ratio	4129	4915	A	GGACT	ok	True
chr4	6408232	6408233	+	0.808511	mod_ratio	47	5205	A	GTACT	ok	False
chr4	6408301	6408302	+	0.333958	mod_ratio	4800	5311	A	AGACT	ok	True
chr4	6408361	6408362	+	0.200207	mod_ratio	4835	5408	A	AGACT	ok	True
chr4	6408478	6408479	+	0.613333	mod_ratio	75	5451	A	TGACA	ok	True
chr4	6408511	6408512	+	0.717391	mod_ratio	138	5525	A	GGATA	ok	False
chr4	6408538	6408539	+	0.831106	mod_ratio	4340	5614	A	AAACG	ok	False
chr4	6408657	6408658	+	0.671642	mod_ratio	67	5616	A	TGACC	ok	True
chr4	6408872	6408873	+	0.393276	mod_ratio	5116	5899	A	AAACA	ok	True
chr4	6408887	6408888	+	0.423423	mod_ratio	111	5840	A	TAACT	ok	True
chr4	6409022	6409023	+	0.141975	mod_ratio	5022	5949	A	AGACT	ok	True
chr4	6409047	6409048	+	0.35	mod_ratio	540	5955	A	AAACA	ok	True
chr4	6409049	6409050	+	0.45614	mod_ratio	57	5927	A	ACACA	ok	False
chr4	6409056	6409057	+	0.355975	mod_ratio	5138	5911	A	GAACT	ok	True
chr4	6409059	6409060	+	0.395161	mod_ratio	124	5904	A	CTACT	ok	False
chr4	6409142	6409143	+	0.509804	mod_ratio	51	6210	A	GAATC	ok	False
chr4	6409145	6409146	+	0.447236	mod_ratio	199	5792	A	TCACC	ok	False
chr4	6409245	6409246	+	0.179144	mod_ratio	374	6178	A	GGACA	ok	True
chr4	6409293	6409294	+	0.676296	mod_ratio	5573	6355	A	GGACC	ok	True
chr4	6409410	6409411	+	0.163375	mod_ratio	1114	6457	A	GAACC	ok	True
chr4	6409443	6409444	+	0.321429	mod_ratio	224	6426	A	AAACA	ok	True
chr4	6409469	6409470	+	0.34538	mod_ratio	3182	6362	A	GAACT	ok	True
chr4	6409549	6409550	+	0.245907	mod_ratio	5925	6424	A	GAACT	ok	True
chr4	6409559	6409560	+	0.55665	mod_ratio	203	6287	A	TGACA	ok	True
chr4	6409570	6409571	+	0.276119	mod_ratio	134	6187	A	AAAAA	ok	False
chr4	6409571	6409572	+	0.334552	mod_ratio	547	6080	A	AAAAA	ok	False
chr4	6409572	6409573	+	0.389908	mod_ratio	218	5801	A	AAAAC	ok	False
chr4	6409573	6409574	+	0.468536	mod_ratio	4672	5668	A	AAACT	ok	True
chr4	6462958	6462959	-	0.884615	mod_ratio	26	33	T	GGTTT	ok	True
chr4	6464253	6464254	-	0.77451	mod_ratio	102	136	T	TGTCT	ok	True
chr4	6477922	6477923	-	0.89375	mod_ratio	160	219	T	CGTCT	ok	False
chr4	6477951	6477952	-	0.75641	mod_ratio	78	193	T	TGTTT	ok	True
chr4	6478010	6478011	-	0.458333	mod_ratio	192	237	T	TGTTC	ok	True
chr4	6478067	6478068	-	0.205479	mod_ratio	219	263	T	AGTCT	ok	True
chr4	6478100	6478101	-	0.382114	mod_ratio	246	277	T	AGTTC	ok	True
chr4	6478197	6478198	-	0.162602	mod_ratio	246	284	T	TGTCC	ok	True
chr4	6478216	6478217	-	0.2827	mod_ratio	237	282	T	AGTCT	ok	True
chr4	6478387	6478388	-	0.748954	mod_ratio	239	266	T	GGTCT	ok	True
chr4	6478395	6478396	-	0.48583	mod_ratio	247	270	T	AGTTC	ok	True
chr4	6478560	6478561	-	0.625532	mod_ratio	235	258	T	GGTTT	ok	True
chr4	6478572	6478573	-	0.553299	mod_ratio	197	255	T	AGTTT	ok	True
chr4	6557886	6557887	+	0.547619	mod_ratio	42	45	A	GGACA	ok	True
chr4	6558420	6558421	+	0.885714	mod_ratio	35	50	A	AGACA	ok	True
chr4	6640650	6640651	-	0.88	mod_ratio	25	26	T	CGTCC	ok	False
chr4	6658000	6658001	+	0.888889	mod_ratio	36	39	A	GGACA	ok	True
chr4	6697863	6697864	-	0.558442	mod_ratio	77	85	T	TGTTT	ok	True
chr4	6732679	6732680	-	0.390411	mod_ratio	146	269	T	TGTTT	ok	True
chr4	6732698	6732699	-	0.471545	mod_ratio	123	174	T	TGTTT	ok	True
chr4	6732706	6732707	-	0.3	mod_ratio	90	188	T	GTTTT	ok	False
chr4	6733015	6733016	-	0.288618	mod_ratio	246	284	T	TGTTC	ok	True
chr4	6733061	6733062	-	0.626609	mod_ratio	233	288	T	CGTCC	ok	False
chr4	6733311	6733312	-	0.416667	mod_ratio	216	268	T	CGTTC	ok	False
chr4	6733473	6733474	-	0.5	mod_ratio	224	267	T	CGTTC	ok	False
chr4	6733902	6733903	-	0.395349	mod_ratio	172	251	T	CGTCC	ok	False
chr4	6770116	6770117	+	0.8125	mod_ratio	32	33	A	AAACT	ok	True
chr4	6800048	6800049	+	0.42	mod_ratio	200	235	A	AAACC	ok	True
chr4	6800094	6800095	+	0.238739	mod_ratio	222	241	A	GAACG	ok	False
chr4	6800324	6800325	+	0.377273	mod_ratio	220	265	A	AAACT	ok	True
chr4	6800846	6800847	+	0.678261	mod_ratio	230	279	A	AGACG	ok	False
chr4	6800894	6800895	+	0.367041	mod_ratio	267	287	A	GAACG	ok	False
chr4	6800922	6800923	+	0.261538	mod_ratio	195	263	A	AAACA	ok	True
chr4	6801169	6801170	+	0.102273	mod_ratio	264	294	A	GAACC	ok	True
chr4	6801540	6801541	+	0.116981	mod_ratio	265	319	A	AAACT	ok	True
chr4	6801730	6801731	+	0.428044	mod_ratio	271	309	A	AAACC	ok	True
chr4	6801821	6801822	+	0.521505	mod_ratio	186	316	A	AAACC	ok	True
chr4	6801830	6801831	+	0.52381	mod_ratio	252	316	A	GAACG	ok	False
chr4	6801912	6801913	+	0.375	mod_ratio	160	207	A	AGACT	ok	True
chr4	6818468	6818469	+	0.608974	mod_ratio	156	174	A	AAACT	ok	True
chr4	6818596	6818597	+	0.8	mod_ratio	155	183	A	AAACA	ok	True
chr4	6818816	6818817	+	0.323171	mod_ratio	164	188	A	AAACT	ok	True
chr4	6836163	6836164	+	0.481481	mod_ratio	81	94	A	AAACT	ok	True
chr4	6836325	6836326	+	0.452632	mod_ratio	95	109	A	AAACC	ok	True
chr4	6836353	6836354	+	0.25	mod_ratio	96	110	A	GAACC	ok	True
chr4	6838233	6838234	-	0.7	mod_ratio	40	55	T	CGTCC	ok	False
chr4	6851590	6851591	-	0.564516	mod_ratio	62	69	T	AGTTT	ok	True
chr4	6851606	6851607	-	0.655738	mod_ratio	61	70	T	CGTCC	ok	False
chr4	6851943	6851944	-	0.655738	mod_ratio	61	67	T	TGTCC	ok	True
chr4	6887296	6887297	+	0.477987	mod_ratio	159	184	A	AAACA	ok	True
chr4	6887408	6887409	+	0.181818	mod_ratio	143	183	A	GGACA	ok	True
chr4	6887520	6887521	+	0.303867	mod_ratio	181	198	A	AAACA	ok	True
chr4	6887556	6887557	+	0.172222	mod_ratio	180	202	A	GAACG	ok	False
chr4	6887606	6887607	+	0.269737	mod_ratio	152	205	A	GAACG	ok	False
chr4	6887700	6887701	+	0.115789	mod_ratio	190	208	A	AGACC	ok	True
chr4	6887711	6887712	+	0.2	mod_ratio	180	204	A	GAACC	ok	True
chr4	6887746	6887747	+	0.144385	mod_ratio	187	210	A	AGACT	ok	True
chr4	6887789	6887790	+	0.403315	mod_ratio	181	216	A	AAACG	ok	False
chr4	6888015	6888016	+	0.453125	mod_ratio	192	224	A	AAACA	ok	True
chr4	6888110	6888111	+	0.959184	mod_ratio	196	232	A	AGACA	ok	True
chr4	6888599	6888600	+	0.127273	mod_ratio	220	248	A	GAACT	ok	True
chr4	6888608	6888609	+	0.150215	mod_ratio	233	253	A	GAACA	ok	True
chr4	6888612	6888613	+	0.44843	mod_ratio	223	254	A	AAACC	ok	True
chr4	6888618	6888619	+	0.262673	mod_ratio	217	249	A	AAACC	ok	True
chr4	6888647	6888648	+	0.553922	mod_ratio	204	254	A	GAACC	ok	True
chr4	6888681	6888682	+	0.148352	mod_ratio	182	260	A	AAACT	ok	True
chr4	6888835	6888836	+	0.165992	mod_ratio	247	269	A	GAACT	ok	True
chr4	6888854	6888855	+	0.686441	mod_ratio	236	270	A	GAACG	ok	False
chr4	6888972	6888973	+	0.160714	mod_ratio	224	244	A	GAACT	ok	True
chr4	6947935	6947936	-	0.588235	mod_ratio	51	53	T	GGTCC	ok	True
chr4	6948087	6948088	-	0.458333	mod_ratio	48	53	T	AGTCT	ok	True
chr4	7005245	7005246	+	0.567568	mod_ratio	74	89	A	AGACG	ok	False
chr4	7005599	7005600	+	0.516129	mod_ratio	93	102	A	GAACG	ok	False
chr4	7005625	7005626	+	0.688312	mod_ratio	77	107	A	AAACC	ok	True
chr4	7005733	7005734	+	0.757576	mod_ratio	99	112	A	AGACG	ok	False
chr4	7005791	7005792	+	0.282609	mod_ratio	92	115	A	GAACC	ok	True
chr4	7005958	7005959	+	0.445652	mod_ratio	92	109	A	GAACA	ok	True
chr4	7005967	7005968	+	0.855556	mod_ratio	90	106	A	AAACG	ok	False
chr4	7009886	7009887	-	0.394118	mod_ratio	170	215	T	AGTTT	ok	True
chr4	7009922	7009923	-	0.65942	mod_ratio	138	214	T	GGTCC	ok	True
chr4	7009996	7009997	-	0.926702	mod_ratio	191	228	T	TGTCT	ok	True
chr4	7011123	7011124	-	0.202532	mod_ratio	158	191	T	GGTTC	ok	True
chr4	7011162	7011163	-	0.703125	mod_ratio	128	176	T	AGTTT	ok	True
chr4	7011219	7011220	-	0.226027	mod_ratio	146	177	T	GGTTT	ok	True
chr4	7011237	7011238	-	0.833333	mod_ratio	54	151	T	CGTTT	ok	False
chr4	7109416	7109417	-	0.5625	mod_ratio	48	59	T	TGTCT	ok	True
chr4	7109459	7109460	-	0.574468	mod_ratio	47	55	T	TGTTT	ok	True
chr4	7175570	7175571	-	0.774194	mod_ratio	31	36	T	TGTTC	ok	True
chr4	7212478	7212479	+	0.71875	mod_ratio	32	35	A	AAACA	ok	True
chr4	7212722	7212723	+	0.631579	mod_ratio	38	41	A	AAACC	ok	True
chr4	7214783	7214784	+	0.378049	mod_ratio	82	92	A	GAACA	ok	True
chr4	7215484	7215485	+	0.527473	mod_ratio	91	110	A	AAACC	ok	True
chr4	7215552	7215553	+	0.407895	mod_ratio	76	111	A	GGACA	ok	True
chr4	7215576	7215577	+	0.736264	mod_ratio	91	112	A	AAACC	ok	True
chr4	7215639	7215640	+	0.287234	mod_ratio	94	117	A	GAACA	ok	True
chr4	7215644	7215645	+	0.485437	mod_ratio	103	117	A	GGACG	ok	False
chr4	7215672	7215673	+	0.623656	mod_ratio	93	119	A	AGACC	ok	True
chr4	7215677	7215678	+	0.439024	mod_ratio	82	97	A	GAACA	ok	True
chr4	7215807	7215808	+	0.628866	mod_ratio	97	124	A	GGACG	ok	False
chr4	7215877	7215878	+	0.306306	mod_ratio	111	123	A	AAACT	ok	True
chr4	7229064	7229065	-	0.275862	mod_ratio	87	92	T	TGTTC	ok	True
chr4	7229321	7229322	-	0.493506	mod_ratio	77	86	T	AGTTC	ok	True
chr4	7229711	7229712	-	0.723077	mod_ratio	65	78	T	AGTTT	ok	True
chr4	7229820	7229821	-	0.333333	mod_ratio	69	74	T	AGTTT	ok	True
chr4	7321518	7321519	-	1	mod_ratio	31	38	T	TGTCT	ok	True
chr4	7336702	7336703	+	0.5	mod_ratio	44	48	A	AAACT	ok	True
chr4	7336771	7336772	+	0.722222	mod_ratio	36	49	A	AAACC	ok	True
chr4	7336967	7336968	+	0.5	mod_ratio	44	51	A	AGACG	ok	False
chr4	7337029	7337030	+	0.615385	mod_ratio	39	49	A	AGACA	ok	True
chr4	7349887	7349888	-	0.690476	mod_ratio	42	81	T	GGTTT	ok	True
chr4	7350167	7350168	-	0.757143	mod_ratio	70	80	T	TGTCC	ok	True
chr4	7350192	7350193	-	0.430556	mod_ratio	72	80	T	CGTCT	ok	False
chr4	7350224	7350225	-	0.681818	mod_ratio	66	80	T	TGTCC	ok	True
chr4	7350279	7350280	-	0.904762	mod_ratio	63	78	T	TGTCT	ok	True
chr4	7351061	7351062	-	0.537037	mod_ratio	54	60	T	CGTCT	ok	False
chr4	7351202	7351203	-	0.690476	mod_ratio	42	48	T	CGTTT	ok	False
chr4	7351237	7351238	-	0.875	mod_ratio	40	55	T	TGTCC	ok	True
chr4	7352088	7352089	-	0.868421	mod_ratio	38	46	T	CGTCT	ok	False
chr4	7401553	7401554	-	0.787879	mod_ratio	33	38	T	TGTCC	ok	True
chr4	7417692	7417693	-	0.591837	mod_ratio	49	59	T	GGTTT	ok	True
chr4	7421557	7421558	-	0.447761	mod_ratio	67	78	T	GGTTT	ok	True
chr4	7439162	7439163	+	0.857143	mod_ratio	84	96	A	AAACT	ok	True
chr4	7439542	7439543	+	0.304762	mod_ratio	105	113	A	AAACG	ok	False
chr4	7439637	7439638	+	0.441176	mod_ratio	102	113	A	GAACG	ok	False
chr4	7451201	7451202	-	0.644444	mod_ratio	45	61	T	AGTTT	ok	True
chr4	7451225	7451226	-	0.40678	mod_ratio	59	67	T	AGTTC	ok	True
chr4	7451234	7451235	-	0.615385	mod_ratio	39	64	T	GTTTT	ok	False
chr4	7451366	7451367	-	0.542373	mod_ratio	59	66	T	TGTCT	ok	True
chr4	7453266	7453267	+	0.274194	mod_ratio	186	218	A	GAACA	ok	True
chr4	7453283	7453284	+	0.727273	mod_ratio	44	222	A	AGACG	ok	False
chr4	7453393	7453394	+	0.269608	mod_ratio	204	234	A	AAACA	ok	True
chr4	7453427	7453428	+	0.264706	mod_ratio	204	235	A	AGACA	ok	True
chr4	7453434	7453435	+	0.229508	mod_ratio	183	229	A	GAACC	ok	True
chr4	7454078	7454079	+	0.401961	mod_ratio	204	247	A	AAACA	ok	True
chr4	7454140	7454141	+	0.850746	mod_ratio	201	251	A	AAACG	ok	False
chr4	7454261	7454262	+	0.316038	mod_ratio	212	255	A	GGACT	ok	True
chr4	7454389	7454390	+	0.254335	mod_ratio	173	221	A	GAACA	ok	True
chr4	7517155	7517156	-	0.90625	mod_ratio	32	55	T	CGTCT	ok	False
chr4	7517620	7517621	-	0.435484	mod_ratio	62	71	T	TGTTT	ok	True
chr4	7518714	7518715	-	0.808511	mod_ratio	47	59	T	AGTTT	ok	True
chr4	7521456	7521457	+	0.184987	mod_ratio	373	2221	A	AGACA	ok	True
chr4	7522001	7522002	+	0.117275	mod_ratio	2686	3011	A	AGACA	ok	True
chr4	7522029	7522030	+	0.928571	mod_ratio	28	3132	A	CAACG	ok	False
chr4	7522058	7522059	+	0.20354	mod_ratio	113	3216	A	AAACT	ok	True
chr4	7522340	7522341	+	0.2	mod_ratio	120	3445	A	TGACT	ok	True
chr4	7522379	7522380	+	0.441773	mod_ratio	2911	3400	A	AAACG	ok	False
chr4	7522576	7522577	+	0.368591	mod_ratio	2789	3404	A	AAACT	ok	True
chr4	7522583	7522584	+	0.265193	mod_ratio	181	3282	A	GGATT	ok	False
chr4	7522619	7522620	+	0.631579	mod_ratio	57	1672	A	TGACA	ok	True
chr4	7532479	7532480	+	0.805556	mod_ratio	36	44	A	AGACA	ok	True
chr4	7544685	7544686	-	0.486239	mod_ratio	109	145	T	CGTCT	ok	False
chr4	7545113	7545114	-	0.266055	mod_ratio	109	131	T	GGTTC	ok	True
chr4	7600671	7600672	+	0.55	mod_ratio	40	74	A	AAACC	ok	True
chr4	7618453	7618454	+	0.727273	mod_ratio	33	35	A	AGACG	ok	False
chr4	7618498	7618499	+	0.742857	mod_ratio	35	36	A	GGACG	ok	False
chr4	7618930	7618931	+	0.944444	mod_ratio	36	40	A	AGACG	ok	False
chr4	7619227	7619228	+	0.771429	mod_ratio	35	43	A	GAACG	ok	False
chr4	7654959	7654960	-	0.616438	mod_ratio	73	117	T	GTTTT	ok	False
chr4	7655266	7655267	-	0.859813	mod_ratio	107	123	T	TGTCT	ok	True
chr4	7655426	7655427	-	0.34188	mod_ratio	117	128	T	GGTTC	ok	True
chr4	7655452	7655453	-	0.451923	mod_ratio	104	125	T	CGTCC	ok	False
chr4	7657518	7657519	-	0.707317	mod_ratio	41	51	T	CGTTT	ok	False
chr4	7657629	7657630	-	0.840909	mod_ratio	44	51	T	TGTCT	ok	True
chr4	7657815	7657816	-	0.657895	mod_ratio	38	47	T	CGTCT	ok	False
chr4	7657982	7657983	-	0.973684	mod_ratio	38	43	T	CGTTT	ok	False
chr4	7668165	7668166	-	0.759259	mod_ratio	54	69	T	GGTTT	ok	True
chr4	7668290	7668291	-	0.464789	mod_ratio	71	79	T	CGTTC	ok	False
chr4	7668449	7668450	-	0.525424	mod_ratio	59	73	T	AGTTT	ok	True
chr4	7674381	7674382	-	0.925926	mod_ratio	54	77	T	TGTCT	ok	True
chr4	7674517	7674518	-	0.72	mod_ratio	75	82	T	AGTTT	ok	True
chr4	7674753	7674754	-	0.483333	mod_ratio	60	76	T	GGTCT	ok	True
chr4	7675160	7675161	-	0.772727	mod_ratio	44	65	T	GTTTT	ok	False
chr4	7684836	7684837	-	0.965517	mod_ratio	29	32	T	TGTCT	ok	True
chr4	7776759	7776760	+	0.705882	mod_ratio	34	37	A	GGACG	ok	False
chr4	7804054	7804055	-	0.551887	mod_ratio	212	269	T	AGTTT	ok	True
chr4	7804081	7804082	-	0.39645	mod_ratio	169	260	T	AGTCC	ok	True
chr4	7804289	7804290	-	0.775701	mod_ratio	214	267	T	TGTCC	ok	True
chr4	7804308	7804309	-	0.18894	mod_ratio	217	245	T	AGTTC	ok	True
chr4	7804314	7804315	-	0.2287	mod_ratio	223	265	T	TGTTT	ok	True
chr4	7805105	7805106	-	0.617143	mod_ratio	175	231	T	AGTTT	ok	True
chr4	7805683	7805684	-	0.585859	mod_ratio	198	218	T	TGTCC	ok	True
chr4	7806043	7806044	-	0.389189	mod_ratio	185	206	T	CGTCT	ok	False
chr4	7806666	7806667	-	0.143646	mod_ratio	181	197	T	AGTCT	ok	True
chr4	7806670	7806671	-	0.277457	mod_ratio	173	197	T	TGTTC	ok	True
chr4	7807533	7807534	-	0.54321	mod_ratio	162	172	T	AGTTC	ok	True
chr4	7843307	7843308	+	0.90625	mod_ratio	32	40	A	AGACA	ok	True
chr4	7843382	7843383	+	0.882353	mod_ratio	68	80	A	AGACC	ok	True
chr4	7846612	7846613	+	0.285714	mod_ratio	105	121	A	AAACT	ok	True
chr4	7856939	7856940	-	0.315789	mod_ratio	152	180	T	TGTTT	ok	True
chr4	7857579	7857580	-	0.201183	mod_ratio	169	193	T	TGTTC	ok	True
chr4	7864525	7864526	+	0.342541	mod_ratio	181	218	A	GGACG	ok	False
chr4	7864694	7864695	+	0.425532	mod_ratio	141	216	A	AAACT	ok	True
chr4	7864716	7864717	+	0.424242	mod_ratio	132	222	A	AAACC	ok	True
chr4	7864748	7864749	+	0.433962	mod_ratio	106	214	A	GGATT	ok	False
chr4	7864800	7864801	+	0.754386	mod_ratio	114	145	A	AAACA	ok	True
chr4	7868457	7868458	+	0.509091	mod_ratio	55	76	A	GAACG	ok	False
chr4	7868479	7868480	+	0.850746	mod_ratio	67	77	A	AAACG	ok	False
chr4	7900658	7900659	+	0.88	mod_ratio	25	34	A	AAACG	ok	False
chr4	7901270	7901271	-	0.54717	mod_ratio	53	78	T	GGTCT	ok	True
chr4	7901275	7901276	-	0.851064	mod_ratio	47	75	T	GGTTT	ok	True
chr4	7902180	7902181	-	0.938776	mod_ratio	49	58	T	CGTTT	ok	False
chr4	7902709	7902710	-	0.511628	mod_ratio	43	49	T	GGTTT	ok	True
chr4	7903856	7903857	-	0.947368	mod_ratio	38	46	T	CGTTT	ok	False
chr4	7925082	7925083	+	0.578378	mod_ratio	370	420	A	AGACC	ok	True
chr4	7925134	7925135	+	0.615385	mod_ratio	39	404	A	GAATT	ok	False
chr4	7967185	7967186	-	0.727273	mod_ratio	44	51	T	TGTCT	ok	True
chr4	7967399	7967400	-	0.785714	mod_ratio	42	47	T	CGTTT	ok	False
chr4	7968765	7968766	-	0.789474	mod_ratio	38	42	T	AGTTT	ok	True
chr4	7990774	7990775	-	0.656627	mod_ratio	166	231	T	GGTTT	ok	True
chr4	7990792	7990793	-	0.531792	mod_ratio	173	217	T	AGTTT	ok	True
chr4	7990904	7990905	-	0.130841	mod_ratio	214	231	T	AGTCC	ok	True
chr4	7990964	7990965	-	0.174603	mod_ratio	189	221	T	GGTTC	ok	True
chr4	7990969	7990970	-	0.545455	mod_ratio	66	216	T	GGTCC	ok	True
chr4	7991098	7991099	-	0.260417	mod_ratio	192	211	T	GGTTC	ok	True
chr4	7991112	7991113	-	0.451777	mod_ratio	197	212	T	GGTTT	ok	True
chr4	7991144	7991145	-	0.167513	mod_ratio	197	211	T	GGTTC	ok	True
chr4	7991489	7991490	-	0.238994	mod_ratio	159	192	T	GGTTT	ok	True
chr4	7991519	7991520	-	0.91195	mod_ratio	159	193	T	CGTCT	ok	False
chr4	7991548	7991549	-	0.127168	mod_ratio	173	194	T	TGTCT	ok	True
chr4	7991746	7991747	-	0.245509	mod_ratio	167	182	T	AGTTC	ok	True
chr4	7991932	7991933	-	0.689873	mod_ratio	158	166	T	GGTTT	ok	True
chr4	7992014	7992015	-	0.510949	mod_ratio	137	166	T	CGTCT	ok	False
chr4	7992062	7992063	-	0.183544	mod_ratio	158	163	T	TGTTC	ok	True
chr4	7992204	7992205	-	0.892617	mod_ratio	149	159	T	CGTTT	ok	False
chr4	8014078	8014079	-	0.90625	mod_ratio	32	33	T	CGTTT	ok	False
chr4	8020991	8020992	+	0.188406	mod_ratio	138	178	A	AAACC	ok	True
chr4	8021330	8021331	+	0.255435	mod_ratio	184	218	A	AAACT	ok	True
chr4	8021348	8021349	+	0.528205	mod_ratio	195	220	A	AGACA	ok	True
chr4	8021353	8021354	+	0.285	mod_ratio	200	219	A	GAACA	ok	True
chr4	8022065	8022066	+	0.83871	mod_ratio	124	140	A	AAACA	ok	True
chr4	8022146	8022147	+	0.626506	mod_ratio	83	141	A	AAACC	ok	True
chr4	8048166	8048167	-	0.826446	mod_ratio	121	148	T	TGTCC	ok	True
chr4	8048406	8048407	-	0.193277	mod_ratio	119	129	T	TGTTC	ok	True
chr4	8048591	8048592	-	0.260417	mod_ratio	96	118	T	AGTTC	ok	True
chr4	8048664	8048665	-	0.294872	mod_ratio	78	92	T	TGTTT	ok	True
chr4	8049916	8049917	-	0.333333	mod_ratio	72	78	T	AGTTC	ok	True
chr4	8049940	8049941	-	0.414286	mod_ratio	70	78	T	CGTTT	ok	False
chr4	8050015	8050016	-	0.375	mod_ratio	72	74	T	GGTTC	ok	True
chr4	8055013	8055014	+	0.289474	mod_ratio	608	645	A	GAACT	ok	True
chr4	8055043	8055044	+	0.104274	mod_ratio	585	656	A	GGACT	ok	True
chr4	8055070	8055071	+	0.704152	mod_ratio	578	655	A	GGACC	ok	True
chr4	8055128	8055129	+	0.319355	mod_ratio	620	666	A	AAACC	ok	True
chr4	8055207	8055208	+	0.139423	mod_ratio	624	668	A	AGACC	ok	True
chr4	8055545	8055546	+	0.433333	mod_ratio	90	719	A	AAACT	ok	True
chr4	8055590	8055591	+	0.256917	mod_ratio	759	785	A	GAACT	ok	True
chr4	8056301	8056302	+	0.468339	mod_ratio	837	915	A	AGACT	ok	True
chr4	8056340	8056341	+	0.106762	mod_ratio	843	944	A	AGACT	ok	True
chr4	8056491	8056492	+	0.385607	mod_ratio	931	1015	A	GAACG	ok	False
chr4	8056645	8056646	+	0.119255	mod_ratio	805	1040	A	GGACC	ok	True
chr4	8056754	8056755	+	0.411111	mod_ratio	990	1110	A	GAACA	ok	True
chr4	8056857	8056858	+	0.341463	mod_ratio	820	1053	A	AAACT	ok	True
chr4	8056931	8056932	+	0.33936	mod_ratio	719	833	A	AAACA	ok	True
chr4	8056942	8056943	+	0.430636	mod_ratio	692	841	A	AAACC	ok	True
chr4	8095415	8095416	-	0.26087	mod_ratio	92	112	T	TGTTC	ok	True
chr4	8095477	8095478	-	0.640449	mod_ratio	89	112	T	TGTTT	ok	True
chr4	8095560	8095561	-	0.728155	mod_ratio	103	115	T	AGTTT	ok	True
chr4	8095585	8095586	-	0.462264	mod_ratio	106	116	T	AGTTT	ok	True
chr4	8095669	8095670	-	0.23	mod_ratio	100	116	T	CGTTC	ok	False
chr4	8097964	8097965	-	0.480769	mod_ratio	104	184	T	GTTTT	ok	False
chr4	8098015	8098016	-	0.687831	mod_ratio	189	225	T	TGTCT	ok	True
chr4	8098187	8098188	-	0.887324	mod_ratio	213	232	T	CGTCT	ok	False
chr4	8098192	8098193	-	0.138365	mod_ratio	159	225	T	GGTTC	ok	True
chr4	8098223	8098224	-	0.333333	mod_ratio	144	180	T	GGTTT	ok	True
chr4	8098331	8098332	-	0.245283	mod_ratio	159	199	T	AGTTT	ok	True
chr4	8098600	8098601	-	0.621622	mod_ratio	74	109	T	GGTTT	ok	True
chr4	8098601	8098602	-	0.380282	mod_ratio	71	182	T	GTTTT	ok	False
chr4	8098727	8098728	-	0.75	mod_ratio	36	183	T	GTTTT	ok	False
chr4	8098743	8098744	-	0.282051	mod_ratio	156	178	T	GGTTT	ok	True
chr4	8098866	8098867	-	0.56129	mod_ratio	155	169	T	TGTTT	ok	True
chr4	8099088	8099089	-	0.654135	mod_ratio	133	170	T	GGTCC	ok	True
chr4	8099106	8099107	-	0.221239	mod_ratio	113	123	T	TGTTT	ok	True
chr4	8099231	8099232	-	0.192053	mod_ratio	151	163	T	GGTCT	ok	True
chr4	8099280	8099281	-	0.176471	mod_ratio	153	162	T	TGTCC	ok	True
chr4	8099286	8099287	-	0.633333	mod_ratio	150	161	T	GGTTT	ok	True
chr4	8099514	8099515	-	0.227273	mod_ratio	132	155	T	AGTCT	ok	True
chr4	8099762	8099763	-	0.193798	mod_ratio	129	138	T	AGTTC	ok	True
chr4	8100589	8100590	-	0.348837	mod_ratio	86	235	T	GTTTT	ok	False
chr4	8100637	8100638	-	0.900474	mod_ratio	211	258	T	TGTCT	ok	True
chr4	8100757	8100758	-	0.869565	mod_ratio	230	259	T	CGTCT	ok	False
chr4	8100762	8100763	-	0.138298	mod_ratio	188	254	T	GGTTC	ok	True
chr4	8100793	8100794	-	0.12037	mod_ratio	216	258	T	GGTTT	ok	True
chr4	8100880	8100881	-	0.65625	mod_ratio	192	244	T	GGTCC	ok	True
chr4	8100901	8100902	-	0.145078	mod_ratio	193	238	T	AGTTT	ok	True
chr4	8100951	8100952	-	0.164894	mod_ratio	188	247	T	GGTCC	ok	True
chr4	8101155	8101156	-	0.389744	mod_ratio	195	230	T	TGTCC	ok	True
chr4	8101171	8101172	-	0.42446	mod_ratio	139	164	T	GGTTT	ok	True
chr4	8101298	8101299	-	0.725806	mod_ratio	62	219	T	GTTTT	ok	False
chr4	8101314	8101315	-	0.370968	mod_ratio	186	205	T	GGTTT	ok	True
chr4	8101652	8101653	-	0.842932	mod_ratio	191	198	T	TGTTT	ok	True
chr4	8101777	8101778	-	0.236994	mod_ratio	173	188	T	GGTCT	ok	True
chr4	8101826	8101827	-	0.185629	mod_ratio	167	186	T	TGTCC	ok	True
chr4	8101832	8101833	-	0.573964	mod_ratio	169	183	T	GGTTT	ok	True
chr4	8101836	8101837	-	0.55	mod_ratio	140	185	T	TGTCC	ok	True
chr4	8101866	8101867	-	0.19375	mod_ratio	160	184	T	AGTCT	ok	True
chr4	8101908	8101909	-	0.425532	mod_ratio	94	180	T	TGTCC	ok	True
chr4	8102038	8102039	-	0.288591	mod_ratio	149	178	T	GGTCT	ok	True
chr4	8102216	8102217	-	0.240964	mod_ratio	166	176	T	AGTTC	ok	True
chr4	8102324	8102325	-	0.177632	mod_ratio	152	166	T	AGTCC	ok	True
chr4	8102329	8102330	-	0.165563	mod_ratio	151	167	T	GGTTT	ok	True
chr4	8102333	8102334	-	0.875	mod_ratio	152	170	T	TGTCT	ok	True
chr4	8102343	8102344	-	0.184211	mod_ratio	152	169	T	CGTTC	ok	False
chr4	8102815	8102816	-	0.212766	mod_ratio	141	161	T	GGTTT	ok	True
chr4	8120759	8120760	+	0.965517	mod_ratio	29	36	A	AGACG	ok	False
chr4	8121905	8121906	+	0.765957	mod_ratio	47	52	A	AAACT	ok	True
chr4	8122009	8122010	+	0.84	mod_ratio	50	55	A	AAACC	ok	True
chr4	8133046	8133047	-	0.585366	mod_ratio	41	47	T	AGTTT	ok	True
chr4	8170520	8170521	+	1	mod_ratio	22	24	A	AGACA	ok	True
chr4	8190352	8190353	-	0.415385	mod_ratio	65	80	T	AGTTT	ok	True
chr4	8190464	8190465	-	0.323529	mod_ratio	68	82	T	GGTCC	ok	True
chr4	8190725	8190726	-	0.864407	mod_ratio	59	71	T	TGTTT	ok	True
chr4	8190795	8190796	-	0.5	mod_ratio	52	78	T	AGTTT	ok	True
chr4	8192357	8192358	-	0.525424	mod_ratio	59	65	T	GGTTT	ok	True
chr4	8192366	8192367	-	0.545455	mod_ratio	55	62	T	AGTTT	ok	True
chr4	8194235	8194236	-	0.490566	mod_ratio	53	55	T	GGTTT	ok	True
chr4	8194639	8194640	-	0.609756	mod_ratio	41	53	T	TGTCT	ok	True
chr4	8194676	8194677	-	0.791667	mod_ratio	48	54	T	TGTCC	ok	True
chr4	8194722	8194723	-	0.892857	mod_ratio	28	38	T	CGTTT	ok	False
chr4	8206119	8206120	-	0.846154	mod_ratio	26	27	T	CGTCT	ok	False
chr4	8218559	8218560	+	0.846154	mod_ratio	39	44	A	AAACG	ok	False
chr4	8218993	8218994	+	0.531915	mod_ratio	47	51	A	GAACT	ok	True
chr4	8242569	8242570	-	0.53944	mod_ratio	393	534	T	AGTCC	ok	True
chr4	8242614	8242615	-	0.896552	mod_ratio	29	618	T	AGTAT	ok	False
chr4	8242714	8242715	-	0.366412	mod_ratio	131	669	T	TGTCT	ok	True
chr4	8242895	8242896	-	0.215889	mod_ratio	579	671	T	TGTCT	ok	True
chr4	8243074	8243075	-	0.318569	mod_ratio	587	671	T	GGTCT	ok	True
chr4	8243216	8243217	-	0.286432	mod_ratio	199	624	T	GTTTT	ok	False
chr4	8253619	8253620	-	0.383178	mod_ratio	107	140	T	GTTTT	ok	False
chr4	8253712	8253713	-	0.388889	mod_ratio	72	94	T	AGTTT	ok	True
chr4	8253713	8253714	-	0.428571	mod_ratio	56	149	T	GTTTT	ok	False
chr4	8254896	8254897	-	0.30597	mod_ratio	134	156	T	CGTCC	ok	False
chr4	8255109	8255110	-	0.4	mod_ratio	120	149	T	GGTTC	ok	True
chr4	8255416	8255417	-	0.569444	mod_ratio	72	112	T	AGTTT	ok	True
chr4	8301134	8301135	+	0.536585	mod_ratio	41	42	A	AAACT	ok	True
chr4	8301503	8301504	+	0.560976	mod_ratio	41	45	A	AAACT	ok	True
chr4	8302806	8302807	-	0.648649	mod_ratio	74	82	T	GGTTT	ok	True
chr4	8335565	8335566	+	0.976744	mod_ratio	43	46	A	AGACA	ok	True
chr4	8335709	8335710	+	0.733333	mod_ratio	45	48	A	AGACA	ok	True
chr4	8336820	8336821	+	0.571429	mod_ratio	49	55	A	AAACT	ok	True
chr4	8337025	8337026	+	0.537037	mod_ratio	54	58	A	AAACC	ok	True
chr4	8337167	8337168	+	0.725	mod_ratio	40	50	A	AAACT	ok	True
chr4	8337234	8337235	+	0.958333	mod_ratio	24	42	A	AAACT	ok	True
chr4	8349080	8349081	-	0.682927	mod_ratio	41	50	T	TGTTC	ok	True
chr4	8384747	8384748	+	0.384615	mod_ratio	78	89	A	AGACC	ok	True
chr4	8418448	8418449	+	0.347368	mod_ratio	95	124	A	AAACA	ok	True
chr4	8419040	8419041	+	0.429752	mod_ratio	121	143	A	AGACG	ok	False
chr4	8419055	8419056	+	0.440945	mod_ratio	127	143	A	GAACG	ok	False
chr4	8419216	8419217	+	0.646341	mod_ratio	82	130	A	AAACA	ok	True
chr4	8424715	8424716	-	0.631579	mod_ratio	57	88	T	AGTTT	ok	True
chr4	8424861	8424862	-	0.615385	mod_ratio	91	114	T	AGTTT	ok	True
chr4	8425240	8425241	-	0.401961	mod_ratio	102	113	T	TGTCT	ok	True
chr4	8425780	8425781	-	0.545455	mod_ratio	77	99	T	GGTTT	ok	True
chr4	8425911	8425912	-	0.408451	mod_ratio	71	95	T	TGTCC	ok	True
chr4	8501984	8501985	+	0.617284	mod_ratio	81	94	A	AAACT	ok	True
chr4	8517846	8517847	+	0.703704	mod_ratio	54	62	A	AAACA	ok	True
chr4	8518073	8518074	-	0.723214	mod_ratio	336	457	T	AGTTT	ok	True
chr4	8518144	8518145	-	0.455847	mod_ratio	419	471	T	AGTCT	ok	True
chr4	8518207	8518208	-	0.267699	mod_ratio	452	507	T	TGTTC	ok	True
chr4	8518429	8518430	-	0.296296	mod_ratio	81	508	T	GTTTT	ok	False
chr4	8518448	8518449	-	0.694087	mod_ratio	389	468	T	AGTTT	ok	True
chr4	8519120	8519121	-	0.106599	mod_ratio	394	458	T	TGTTC	ok	True
chr4	8519227	8519228	-	0.108247	mod_ratio	388	447	T	AGTCT	ok	True
chr4	8519382	8519383	-	0.17037	mod_ratio	135	438	T	GTTTT	ok	False
chr4	8519684	8519685	-	0.513587	mod_ratio	368	419	T	GGTTT	ok	True
chr4	8519823	8519824	-	0.158038	mod_ratio	367	417	T	TGTCT	ok	True
chr4	8519843	8519844	-	0.310811	mod_ratio	370	416	T	GGTTC	ok	True
chr4	8519898	8519899	-	0.253886	mod_ratio	386	410	T	TGTTC	ok	True
chr4	8520366	8520367	-	0.782609	mod_ratio	69	253	T	CGTTT	ok	False
chr4	8520913	8520914	+	0.549296	mod_ratio	71	99	A	AAACT	ok	True
chr4	8520998	8520999	+	0.340206	mod_ratio	97	116	A	AAACC	ok	True
chr4	8521097	8521098	+	0.445455	mod_ratio	110	123	A	AGACG	ok	False
chr4	8521185	8521186	+	0.366337	mod_ratio	101	125	A	AAACT	ok	True
chr4	8521242	8521243	+	0.247706	mod_ratio	109	128	A	GAACG	ok	False
chr4	8521400	8521401	+	0.218182	mod_ratio	110	124	A	GAACA	ok	True
chr4	8541176	8541177	+	0.685714	mod_ratio	35	42	A	AAACC	ok	True
chr4	8548544	8548545	-	0.741935	mod_ratio	31	72	T	GTTTT	ok	False
chr4	8548656	8548657	-	0.37561	mod_ratio	205	269	T	GGTTT	ok	True
chr4	8548689	8548690	-	0.505263	mod_ratio	190	286	T	AGTTT	ok	True
chr4	8548918	8548919	-	0.892308	mod_ratio	195	284	T	CGTTT	ok	False
chr4	8548982	8548983	-	0.390558	mod_ratio	233	273	T	AGTTT	ok	True
chr4	8549112	8549113	-	0.176	mod_ratio	250	274	T	GGTCT	ok	True
chr4	8549230	8549231	-	0.27459	mod_ratio	244	266	T	GGTTC	ok	True
chr4	8549243	8549244	-	0.175115	mod_ratio	217	241	T	TGTTC	ok	True
chr4	8549352	8549353	-	0.394619	mod_ratio	223	252	T	GGTTT	ok	True
chr4	8549458	8549459	-	0.211009	mod_ratio	218	228	T	GGTCT	ok	True
chr4	8549533	8549534	-	0.417431	mod_ratio	218	232	T	TGTTC	ok	True
chr4	8549653	8549654	-	0.292683	mod_ratio	205	219	T	AGTCT	ok	True
chr4	8549688	8549689	-	0.194969	mod_ratio	159	233	T	AGTCC	ok	True
chr4	8549762	8549763	-	0.517857	mod_ratio	168	231	T	GGTCC	ok	True
chr4	8549851	8549852	-	0.451923	mod_ratio	208	223	T	TGTTC	ok	True
chr4	8549883	8549884	-	0.194872	mod_ratio	195	223	T	AGTCC	ok	True
chr4	8549955	8549956	-	0.19774	mod_ratio	177	215	T	GGTTT	ok	True
chr4	8550238	8550239	-	0.189189	mod_ratio	185	201	T	TGTTC	ok	True
chr4	8550324	8550325	-	0.985612	mod_ratio	139	182	T	CGTTT	ok	False
chr4	8550382	8550383	-	0.716981	mod_ratio	159	184	T	CGTTT	ok	False
chr4	8571884	8571885	+	0.981707	mod_ratio	656	794	A	AAACG	ok	False
chr4	8571942	8571943	+	0.314325	mod_ratio	719	822	A	GGACG	ok	False
chr4	8572064	8572065	+	0.254282	mod_ratio	759	851	A	AGACT	ok	True
chr4	8572121	8572122	+	0.821429	mod_ratio	28	843	A	TAATT	ok	False
chr4	8572261	8572262	+	0.294944	mod_ratio	712	875	A	AAACC	ok	True
chr4	8572271	8572272	+	0.11378	mod_ratio	791	903	A	GAACA	ok	True
chr4	8572437	8572438	+	0.117936	mod_ratio	407	849	A	GGATT	ok	False
chr4	8630007	8630008	-	0.511628	mod_ratio	43	55	T	CGTTC	ok	False
chr4	8630738	8630739	-	0.666667	mod_ratio	39	46	T	CGTCT	ok	False
chr4	8631106	8631107	-	0.735294	mod_ratio	34	39	T	TGTCT	ok	True
chr4	8631499	8631500	-	0.794118	mod_ratio	34	39	T	TGTCT	ok	True
chr4	8793237	8793238	-	0.471698	mod_ratio	53	63	T	AGTTT	ok	True
chr4	8793280	8793281	-	0.639344	mod_ratio	61	68	T	CGTCT	ok	False
chr4	8794253	8794254	-	0.818182	mod_ratio	33	48	T	GGTTT	ok	True
chr4	8845138	8845139	+	0.806452	mod_ratio	93	103	A	GGACC	ok	True
chr4	8845449	8845450	+	0.708333	mod_ratio	96	110	A	GGACA	ok	True
chr4	8845515	8845516	+	0.627451	mod_ratio	102	118	A	AAACG	ok	False
chr4	8845628	8845629	+	0.898734	mod_ratio	79	120	A	AAACG	ok	False
chr4	8845641	8845642	+	0.479452	mod_ratio	73	112	A	AAACA	ok	True
chr4	8861117	8861118	+	0.911765	mod_ratio	34	36	A	AAACT	ok	True
chr4	8861136	8861137	+	0.666667	mod_ratio	33	37	A	AAACA	ok	True
chr4	8861640	8861641	+	0.823529	mod_ratio	34	43	A	AGACA	ok	True
chr4	8862607	8862608	+	0.727273	mod_ratio	33	44	A	AAACT	ok	True
chr4	8865103	8865104	-	0.337838	mod_ratio	74	86	T	CGTCC	ok	False
chr4	8865334	8865335	-	0.477612	mod_ratio	67	80	T	CGTTT	ok	False
chr4	8865338	8865339	-	0.46875	mod_ratio	64	81	T	TGTCC	ok	True
chr4	8865498	8865499	-	0.373134	mod_ratio	67	79	T	TGTCC	ok	True
chr4	8865906	8865907	-	0.629032	mod_ratio	62	67	T	TGTCC	ok	True
chr4	8865945	8865946	-	0.65	mod_ratio	60	66	T	GGTCT	ok	True
chr4	8866284	8866285	-	0.666667	mod_ratio	51	59	T	TGTCC	ok	True
chr4	8866449	8866450	-	0.764706	mod_ratio	51	57	T	CGTCT	ok	False
chr4	8866834	8866835	-	0.973684	mod_ratio	38	45	T	TGTCT	ok	True
chr4	8876164	8876165	+	0.135246	mod_ratio	244	263	A	GAACT	ok	True
chr4	8876377	8876378	+	0.189723	mod_ratio	253	271	A	AGACT	ok	True
chr4	8876679	8876680	+	0.933071	mod_ratio	254	279	A	AAACG	ok	False
chr4	8876796	8876797	+	0.318898	mod_ratio	254	288	A	AGACA	ok	True
chr4	8876838	8876839	+	0.311024	mod_ratio	254	293	A	GAACC	ok	True
chr4	8876956	8876957	+	0.162055	mod_ratio	253	303	A	AAACC	ok	True
chr4	8876993	8876994	+	0.342857	mod_ratio	210	271	A	AAACT	ok	True
chr4	8877059	8877060	+	0.328571	mod_ratio	70	311	A	AAACA	ok	True
chr4	8877070	8877071	+	0.130112	mod_ratio	269	313	A	AGACC	ok	True
chr4	8877170	8877171	+	0.534965	mod_ratio	286	315	A	AAACT	ok	True
chr4	8877477	8877478	+	0.128205	mod_ratio	273	315	A	AAACA	ok	True
chr4	8877671	8877672	+	0.578544	mod_ratio	261	325	A	AGACC	ok	True
chr4	8877681	8877682	+	0.493151	mod_ratio	146	320	A	AAACT	ok	True
chr4	8884348	8884349	+	0.710526	mod_ratio	76	92	A	AAACC	ok	True
chr4	8884654	8884655	+	0.704545	mod_ratio	88	96	A	AAACA	ok	True
chr4	8884708	8884709	+	0.697674	mod_ratio	86	98	A	AAACA	ok	True
chr4	8884867	8884868	+	0.319149	mod_ratio	94	102	A	AAACA	ok	True
chr4	8884893	8884894	+	0.5	mod_ratio	94	105	A	AGACG	ok	False
chr4	8884995	8884996	+	0.467532	mod_ratio	77	106	A	AGACA	ok	True
chr4	8885107	8885108	+	1	mod_ratio	99	112	A	AAACG	ok	False
chr4	8885143	8885144	+	0.247191	mod_ratio	89	109	A	GGACA	ok	True
chr4	8885360	8885361	+	0.556701	mod_ratio	97	118	A	GGACA	ok	True
chr4	8885398	8885399	+	0.324561	mod_ratio	114	119	A	AGACT	ok	True
chr4	8885721	8885722	+	0.254386	mod_ratio	114	134	A	GGACT	ok	True
chr4	8885829	8885830	+	0.188525	mod_ratio	122	143	A	GAACC	ok	True
chr4	8886032	8886033	+	0.409449	mod_ratio	127	141	A	AAACT	ok	True
chr4	8886140	8886141	+	0.481203	mod_ratio	133	157	A	GAACC	ok	True
chr4	8886202	8886203	+	0.190789	mod_ratio	152	160	A	GAACA	ok	True
chr4	8886250	8886251	+	0.279221	mod_ratio	154	164	A	AAACC	ok	True
chr4	8886853	8886854	+	0.926554	mod_ratio	177	209	A	AAACG	ok	False
chr4	8886892	8886893	+	0.738854	mod_ratio	157	187	A	GGACC	ok	True
chr4	8887276	8887277	+	0.556075	mod_ratio	214	231	A	AAACA	ok	True
chr4	8887290	8887291	+	0.421875	mod_ratio	192	217	A	AAACA	ok	True
chr4	8887436	8887437	+	0.397059	mod_ratio	204	228	A	AAACT	ok	True
chr4	8909173	8909174	+	0.8125	mod_ratio	32	35	A	AAACC	ok	True
chr4	8917675	8917676	+	0.350649	mod_ratio	77	89	A	AAACA	ok	True
chr4	8918673	8918674	+	0.481013	mod_ratio	79	99	A	AAACT	ok	True
chr4	8918705	8918706	+	0.695652	mod_ratio	69	99	A	AAACC	ok	True
chr4	8972734	8972735	-	0.519481	mod_ratio	77	87	T	AGTTT	ok	True
chr4	8972885	8972886	-	0.51087	mod_ratio	92	106	T	CGTTT	ok	False
chr4	8972946	8972947	-	0.244444	mod_ratio	90	102	T	CGTTC	ok	False
chr4	8973137	8973138	-	0.666667	mod_ratio	81	99	T	TGTCC	ok	True
chr4	8973316	8973317	-	0.797101	mod_ratio	69	94	T	TGTCT	ok	True
chr4	8973427	8973428	-	0.86747	mod_ratio	83	91	T	CGTTT	ok	False
chr4	8973481	8973482	-	0.6875	mod_ratio	80	91	T	GGTTT	ok	True
chr4	8973741	8973742	-	0.532468	mod_ratio	77	86	T	TGTCC	ok	True
chr4	8974506	8974507	-	0.607843	mod_ratio	51	70	T	TGTTT	ok	True
chr4	8978072	8978073	+	0.614035	mod_ratio	57	69	A	AGACG	ok	False
chr4	8978083	8978084	+	0.491228	mod_ratio	57	69	A	AGACA	ok	True
chr4	8978156	8978157	+	0.666667	mod_ratio	66	69	A	AGACG	ok	False
chr4	8978714	8978715	+	0.530303	mod_ratio	66	79	A	GAACT	ok	True
chr4	8978777	8978778	+	0.5	mod_ratio	44	57	A	AGACT	ok	True
chr4	8980205	8980206	-	0.442308	mod_ratio	52	56	T	TGTCC	ok	True
chr4	8980592	8980593	-	0.605263	mod_ratio	38	44	T	AGTTT	ok	True
chr4	8983314	8983315	+	0.571429	mod_ratio	56	62	A	AAACA	ok	True
chr4	8983333	8983334	+	0.660714	mod_ratio	56	62	A	AAACA	ok	True
chr4	8983464	8983465	+	0.711864	mod_ratio	59	64	A	GGACA	ok	True
chr4	8983780	8983781	+	0.88	mod_ratio	25	60	A	AAACT	ok	True
chr4	8984062	8984063	+	0.436364	mod_ratio	55	65	A	GAACA	ok	True
chr4	8985155	8985156	+	0.492063	mod_ratio	63	81	A	AAACA	ok	True
chr4	8986762	8986763	-	0.361111	mod_ratio	180	221	T	CGTTT	ok	False
chr4	8986818	8986819	-	0.443396	mod_ratio	106	145	T	AGTTT	ok	True
chr4	8986883	8986884	-	0.223881	mod_ratio	134	186	T	TGTTT	ok	True
chr4	8986884	8986885	-	0.433962	mod_ratio	53	245	T	GTTTT	ok	False
chr4	8986890	8986891	-	0.180905	mod_ratio	199	241	T	GGTTC	ok	True
chr4	8987435	8987436	-	0.269036	mod_ratio	197	225	T	AGTCC	ok	True
chr4	8987445	8987446	-	0.552632	mod_ratio	190	226	T	TGTCT	ok	True
chr4	9023848	9023849	+	0.916667	mod_ratio	24	28	A	AAACG	ok	False
chr4	9026222	9026223	+	0.837838	mod_ratio	37	42	A	GGACC	ok	True
chr4	9026989	9026990	+	0.589744	mod_ratio	39	47	A	AAACT	ok	True
chr4	9027353	9027354	+	0.533333	mod_ratio	45	49	A	AGACG	ok	False
chr4	9028593	9028594	+	0.548571	mod_ratio	175	197	A	AAACG	ok	False
chr4	9029124	9029125	+	0.519231	mod_ratio	208	227	A	GAACA	ok	True
chr4	9029163	9029164	+	0.442308	mod_ratio	52	226	A	GGACC	ok	True
chr4	9030869	9030870	-	0.55814	mod_ratio	43	48	T	TGTCC	ok	True
chr4	9031504	9031505	-	0.8	mod_ratio	40	46	T	CGTTT	ok	False
chr4	9032361	9032362	-	0.615385	mod_ratio	39	41	T	TGTTT	ok	True
chr4	9032897	9032898	-	0.74359	mod_ratio	39	41	T	GGTTT	ok	True
chr4	9037762	9037763	+	0.835443	mod_ratio	79	102	A	AGACA	ok	True
chr4	9037766	9037767	+	0.272727	mod_ratio	88	101	A	AAACC	ok	True
chr4	9038709	9038710	+	0.956522	mod_ratio	23	43	A	GGACA	ok	True
chr4	9039872	9039873	+	0.804878	mod_ratio	41	44	A	AGACA	ok	True
chr4	9040069	9040070	+	0.685714	mod_ratio	35	44	A	GGACC	ok	True
chr4	9095371	9095372	+	0.785714	mod_ratio	28	31	A	AAACA	ok	True
chr4	9132228	9132229	-	0.928571	mod_ratio	28	36	T	TGTCT	ok	True
chr4	9134797	9134798	-	0.657895	mod_ratio	38	41	T	GGTTT	ok	True
chr4	9153393	9153394	-	0.621622	mod_ratio	37	53	T	TGTCT	ok	True
chr4	9153436	9153437	-	0.571429	mod_ratio	42	52	T	AGTTT	ok	True
chr4	9153490	9153491	-	0.697674	mod_ratio	43	59	T	CGTCC	ok	False
chr4	9153904	9153905	-	0.895833	mod_ratio	48	58	T	CGTTT	ok	False
chr4	9154152	9154153	-	0.564103	mod_ratio	39	50	T	TGTCT	ok	True
chr4	9171666	9171667	+	0.277778	mod_ratio	198	213	A	GAACA	ok	True
chr4	9171762	9171763	+	0.727749	mod_ratio	191	221	A	AGACG	ok	False
chr4	9171861	9171862	+	0.198953	mod_ratio	191	221	A	GGACT	ok	True
chr4	9171867	9171868	+	0.846535	mod_ratio	202	228	A	AAACG	ok	False
chr4	9171901	9171902	+	0.703883	mod_ratio	206	231	A	AGACG	ok	False
chr4	9171980	9171981	+	0.539906	mod_ratio	213	239	A	AAACC	ok	True
chr4	9172396	9172397	+	0.403587	mod_ratio	223	264	A	GGACG	ok	False
chr4	9172510	9172511	+	0.157895	mod_ratio	247	272	A	GGACC	ok	True
chr4	9172671	9172672	+	0.126482	mod_ratio	253	277	A	AGACC	ok	True
chr4	9172887	9172888	+	0.55	mod_ratio	260	280	A	GGACA	ok	True
chr4	9172943	9172944	+	0.330827	mod_ratio	266	288	A	GAACT	ok	True
chr4	9173070	9173071	+	0.346154	mod_ratio	78	90	A	GAACT	ok	True
chr4	9200546	9200547	-	0.675676	mod_ratio	37	39	T	CGTCC	ok	False
chr4	9247357	9247358	-	0.888889	mod_ratio	27	40	T	TGTCT	ok	True
chr4	9247487	9247488	-	0.6	mod_ratio	75	81	T	TGTTT	ok	True
chr4	9247850	9247851	-	0.409091	mod_ratio	66	69	T	TGTTT	ok	True
chr4	9247942	9247943	-	0.672414	mod_ratio	58	67	T	GGTCC	ok	True
chr4	9247954	9247955	-	0.640625	mod_ratio	64	65	T	CGTCT	ok	False
chr4	9247960	9247961	-	0.709677	mod_ratio	62	66	T	GGTCC	ok	True
chr4	9249150	9249151	-	1	mod_ratio	28	33	T	TGTTT	ok	True
chr4	9255381	9255382	+	0.385965	mod_ratio	57	59	A	AAACT	ok	True
chr4	9255531	9255532	+	0.839286	mod_ratio	56	62	A	AAACA	ok	True
chr4	9255567	9255568	+	0.839286	mod_ratio	56	66	A	AAACA	ok	True
chr4	9255831	9255832	+	0.492063	mod_ratio	63	75	A	GGACG	ok	False
chr4	9262133	9262134	-	0.158163	mod_ratio	196	226	T	GGTTC	ok	True
chr4	9262223	9262224	-	0.542553	mod_ratio	188	226	T	TGTCC	ok	True
chr4	9262255	9262256	-	0.627451	mod_ratio	153	223	T	GGTCC	ok	True
chr4	9262351	9262352	-	0.62	mod_ratio	200	218	T	CGTTC	ok	False
chr4	9262394	9262395	-	0.18232	mod_ratio	181	211	T	TGTTT	ok	True
chr4	9262455	9262456	-	0.274611	mod_ratio	193	212	T	TGTTC	ok	True
chr4	9262460	9262461	-	0.191083	mod_ratio	157	213	T	TGTTC	ok	True
chr4	9262546	9262547	-	0.160494	mod_ratio	162	201	T	AGTCT	ok	True
chr4	9280458	9280459	+	0.160991	mod_ratio	323	358	A	GAACT	ok	True
chr4	9280591	9280592	+	0.328947	mod_ratio	304	364	A	AAACC	ok	True
chr4	9280699	9280700	+	0.846154	mod_ratio	247	342	A	AGACA	ok	True
chr4	9294577	9294578	-	0.825	mod_ratio	40	49	T	CGTTC	ok	False
chr4	9294701	9294702	-	0.735294	mod_ratio	34	41	T	CGTTT	ok	False
chr4	9294778	9294779	-	0.511111	mod_ratio	45	45	T	GGTTT	ok	True
chr4	9294972	9294973	-	0.585366	mod_ratio	41	45	T	AGTTT	ok	True
chr4	9301404	9301405	-	0.714286	mod_ratio	49	67	T	AGTTT	ok	True
chr4	9306739	9306740	-	0.244275	mod_ratio	131	198	T	GTTTT	ok	False
chr4	9306769	9306770	-	0.241758	mod_ratio	91	146	T	GGTCC	ok	True
chr4	9306875	9306876	-	0.233333	mod_ratio	180	197	T	GGTCT	ok	True
chr4	9394533	9394534	+	0.783784	mod_ratio	37	51	A	AAACG	ok	False
chr4	9394563	9394564	+	0.948718	mod_ratio	39	53	A	AAACA	ok	True
chr4	9400036	9400037	-	0.367906	mod_ratio	511	634	T	GGTTC	ok	True
chr4	9400056	9400057	-	0.25	mod_ratio	164	349	T	AGTCT	ok	True
chr4	9400058	9400059	-	0.186441	mod_ratio	177	568	T	TCTCC	ok	False
chr4	9400186	9400187	-	0.117391	mod_ratio	230	278	T	TGTTT	ok	True
chr4	9400219	9400220	-	0.10395	mod_ratio	481	675	T	GGTTC	ok	True
chr4	9400599	9400600	-	0.37133	mod_ratio	579	645	T	GGTTT	ok	True
chr4	9400655	9400656	-	0.327553	mod_ratio	519	632	T	CGTCT	ok	False
chr4	9401127	9401128	-	0.261603	mod_ratio	474	544	T	TGTTT	ok	True
chr4	9425008	9425009	-	0.382353	mod_ratio	68	72	T	CGTTC	ok	False
chr4	9425393	9425394	-	0.517241	mod_ratio	58	60	T	AGTTT	ok	True
chr4	9425761	9425762	-	0.433962	mod_ratio	53	56	T	GGTTT	ok	True
chr4	9427123	9427124	-	0.727273	mod_ratio	44	46	T	TGTCT	ok	True
chr4	9427942	9427943	-	0.771429	mod_ratio	35	38	T	TGTCT	ok	True
chr4	9471546	9471547	+	0.5	mod_ratio	46	59	A	AGACT	ok	True
chr4	9472004	9472005	+	0.746032	mod_ratio	63	70	A	AAACG	ok	False
chr4	9472474	9472475	+	0.6875	mod_ratio	32	69	A	AAACA	ok	True
chr4	9472551	9472552	+	0.794118	mod_ratio	34	44	A	AGACG	ok	False
chr4	9557055	9557056	+	0.584416	mod_ratio	77	99	A	AAACG	ok	False
chr4	9557519	9557520	+	0.121528	mod_ratio	288	359	A	AAACA	ok	True
chr4	9557702	9557703	+	0.197368	mod_ratio	304	342	A	AGACA	ok	True
chr4	9557758	9557759	+	0.386598	mod_ratio	194	212	A	AGACT	ok	True
chr4	9557794	9557795	+	0.284672	mod_ratio	137	162	A	GAACA	ok	True
chr4	9563172	9563173	+	0.964286	mod_ratio	28	33	A	AGACG	ok	False
chr4	9564739	9564740	+	0.870968	mod_ratio	31	39	A	GGACG	ok	False
chr4	9564926	9564927	+	0.805556	mod_ratio	36	40	A	AAACA	ok	True
chr4	9565220	9565221	+	0.785714	mod_ratio	28	41	A	AAACT	ok	True
chr4	9585762	9585763	-	0.713178	mod_ratio	129	162	T	TGTTT	ok	True
chr4	9585794	9585795	-	0.41129	mod_ratio	124	181	T	GGTTT	ok	True
chr4	9585798	9585799	-	0.246377	mod_ratio	138	153	T	TGTTT	ok	True
chr4	9585804	9585805	-	0.609023	mod_ratio	133	159	T	TGTTC	ok	True
chr4	9585873	9585874	-	0.185393	mod_ratio	178	201	T	AGTTC	ok	True
chr4	9586782	9586783	-	0.341615	mod_ratio	161	197	T	TGTCT	ok	True
chr4	9586982	9586983	-	0.835821	mod_ratio	134	182	T	CGTTT	ok	False
chr4	9587735	9587736	-	0.676056	mod_ratio	142	172	T	GGTTT	ok	True
chr4	9588155	9588156	-	0.587413	mod_ratio	143	164	T	TGTCC	ok	True
chr4	9588166	9588167	-	0.424242	mod_ratio	132	157	T	AGTTT	ok	True
chr4	9588318	9588319	-	0.232394	mod_ratio	142	155	T	TGTTC	ok	True
chr4	9589048	9589049	-	0.675439	mod_ratio	114	142	T	CGTTT	ok	False
chr4	9589201	9589202	-	0.439252	mod_ratio	107	137	T	GGTTT	ok	True
chr4	9592477	9592478	+	0.871795	mod_ratio	39	54	A	AAACG	ok	False
chr4	9604553	9604554	+	0.956522	mod_ratio	23	28	A	AAACA	ok	True
chr4	9605191	9605192	-	0.570732	mod_ratio	205	227	T	GGTTT	ok	True
chr4	9605508	9605509	-	0.601093	mod_ratio	183	209	T	TGTCC	ok	True
chr4	9605532	9605533	-	0.13587	mod_ratio	184	205	T	CGTTC	ok	False
chr4	9605556	9605557	-	0.216667	mod_ratio	180	196	T	AGTTC	ok	True
chr4	9605561	9605562	-	0.119565	mod_ratio	184	201	T	GGTTC	ok	True
chr4	9605682	9605683	-	0.187097	mod_ratio	155	182	T	TGTTT	ok	True
chr4	9605722	9605723	-	0.22561	mod_ratio	164	179	T	GGTTT	ok	True
chr4	9605868	9605869	-	0.384146	mod_ratio	164	179	T	TGTTC	ok	True
chr4	9605927	9605928	-	0.234568	mod_ratio	162	174	T	TGTTC	ok	True
chr4	9605965	9605966	-	0.157233	mod_ratio	159	170	T	GGTTC	ok	True
chr4	9606290	9606291	-	0.546099	mod_ratio	141	157	T	GGTCC	ok	True
chr4	9606538	9606539	-	0.293233	mod_ratio	133	148	T	GGTTC	ok	True
chr4	9606556	9606557	-	0.307692	mod_ratio	117	147	T	TGTCT	ok	True
chr4	9606577	9606578	-	0.180451	mod_ratio	133	148	T	GGTTC	ok	True
chr4	9606935	9606936	-	0.298246	mod_ratio	114	131	T	GGTTT	ok	True
chr4	9606939	9606940	-	0.383333	mod_ratio	120	128	T	TGTTC	ok	True
chr4	9607057	9607058	-	0.421053	mod_ratio	114	123	T	GGTTT	ok	True
chr4	9607185	9607186	-	0.252174	mod_ratio	115	121	T	GGTTT	ok	True
chr4	9607211	9607212	-	0.926316	mod_ratio	95	114	T	CGTTT	ok	False
chr4	9607252	9607253	-	0.341176	mod_ratio	85	97	T	AGTTT	ok	True
chr4	9610852	9610853	-	0.88	mod_ratio	25	34	T	CGTCC	ok	False
chr4	9644773	9644774	-	0.857143	mod_ratio	98	110	T	CGTTC	ok	False
chr4	9645056	9645057	-	0.950495	mod_ratio	101	117	T	TGTCT	ok	True
chr4	9645177	9645178	-	0.470588	mod_ratio	102	115	T	AGTCT	ok	True
chr4	9645865	9645866	-	0.298851	mod_ratio	87	98	T	GGTTT	ok	True
chr4	9699293	9699294	+	0.308333	mod_ratio	120	303	A	AAACA	ok	True
chr4	9699471	9699472	+	0.80756	mod_ratio	291	332	A	GGACC	ok	True
chr4	9700007	9700008	+	0.28012	mod_ratio	332	373	A	GGACC	ok	True
chr4	9700105	9700106	+	0.596825	mod_ratio	315	392	A	GGACC	ok	True
chr4	9714336	9714337	-	0.48855	mod_ratio	131	600	T	AATTC	ok	False
chr4	9714378	9714379	-	0.385965	mod_ratio	513	585	T	AGTTC	ok	True
chr4	9714798	9714799	-	0.568182	mod_ratio	44	548	T	AGTTT	ok	True
chr4	9714813	9714814	-	0.166994	mod_ratio	509	573	T	CGTTC	ok	False
chr4	9714924	9714925	-	0.274123	mod_ratio	456	561	T	CGTCT	ok	False
chr4	9740189	9740190	+	0.806452	mod_ratio	31	35	A	AAACA	ok	True
chr4	9740512	9740513	+	0.666667	mod_ratio	39	40	A	AAACA	ok	True
chr4	9740577	9740578	+	0.692308	mod_ratio	39	41	A	AAACA	ok	True
chr4	9767198	9767199	-	0.941176	mod_ratio	34	42	T	CGTCC	ok	False
chr4	9772275	9772276	+	0.631579	mod_ratio	57	65	A	AAACG	ok	False
chr4	9772518	9772519	+	0.416667	mod_ratio	60	71	A	AAACA	ok	True
chr4	9773108	9773109	+	0.689655	mod_ratio	87	98	A	AAACC	ok	True
chr4	9773168	9773169	+	0.591398	mod_ratio	93	103	A	GGACG	ok	False
chr4	9773209	9773210	+	0.443299	mod_ratio	97	106	A	AAACC	ok	True
chr4	9773351	9773352	+	0.342857	mod_ratio	70	94	A	GGACT	ok	True
chr4	9773562	9773563	-	0.433962	mod_ratio	106	136	T	AGTTT	ok	True
chr4	9773662	9773663	-	0.547009	mod_ratio	117	143	T	TGTTT	ok	True
chr4	9774119	9774120	-	0.92	mod_ratio	125	170	T	TGTCT	ok	True
chr4	9774527	9774528	-	0.198413	mod_ratio	126	160	T	AGTTT	ok	True
chr4	9774548	9774549	-	0.211679	mod_ratio	137	158	T	TGTTC	ok	True
chr4	9774556	9774557	-	0.229358	mod_ratio	109	147	T	TGTTC	ok	True
chr4	9780476	9780477	+	0.429577	mod_ratio	142	158	A	AAACC	ok	True
chr4	9780729	9780730	+	0.375691	mod_ratio	181	199	A	AAACC	ok	True
chr4	9780946	9780947	+	0.31677	mod_ratio	161	210	A	GAACC	ok	True
chr4	9780980	9780981	+	0.421053	mod_ratio	171	212	A	AGACC	ok	True
chr4	9780999	9781000	+	0.369565	mod_ratio	184	212	A	GGACA	ok	True
chr4	9781132	9781133	+	0.267442	mod_ratio	172	208	A	AAACG	ok	False
chr4	9781171	9781172	+	0.655172	mod_ratio	174	216	A	AGACA	ok	True
chr4	9781903	9781904	+	0.150943	mod_ratio	159	205	A	GAACT	ok	True
chr4	9803995	9803996	+	0.34375	mod_ratio	128	147	A	AAACC	ok	True
chr4	9804088	9804089	+	0.335616	mod_ratio	146	161	A	GAACT	ok	True
chr4	9804102	9804103	+	0.95	mod_ratio	140	165	A	AAACA	ok	True
chr4	9804124	9804125	+	0.306667	mod_ratio	75	167	A	AAACC	ok	True
chr4	9804288	9804289	+	0.196203	mod_ratio	158	170	A	AAACA	ok	True
chr4	9804305	9804306	+	0.220779	mod_ratio	154	176	A	GAACC	ok	True
chr4	9804377	9804378	+	0.1375	mod_ratio	160	178	A	GAACT	ok	True
chr4	9804614	9804615	+	0.468927	mod_ratio	177	198	A	AAACT	ok	True
chr4	9804636	9804637	+	0.134146	mod_ratio	164	190	A	AGACT	ok	True
chr4	9804765	9804766	+	0.187919	mod_ratio	149	189	A	GAACT	ok	True
chr4	9804795	9804796	+	0.452055	mod_ratio	146	195	A	GAACA	ok	True
chr4	9826546	9826547	+	0.923077	mod_ratio	26	34	A	AGACA	ok	True
chr4	9829444	9829445	+	0.818182	mod_ratio	33	34	A	AGACA	ok	True
chr4	9865646	9865647	+	0.785714	mod_ratio	28	31	A	AGACA	ok	True
chr4	9866809	9866810	+	0.709677	mod_ratio	31	35	A	GGACT	ok	True
chr4	9868383	9868384	-	0.88	mod_ratio	25	28	T	CGTTT	ok	False
chr4	9869333	9869334	-	1	mod_ratio	23	24	T	TGTCT	ok	True
chr4	9918204	9918205	-	0.518519	mod_ratio	54	118	T	GTTTT	ok	False
chr4	9918247	9918248	-	0.738095	mod_ratio	84	96	T	AGTTT	ok	True
chr4	9918370	9918371	-	0.858824	mod_ratio	85	98	T	TGTCT	ok	True
chr4	9918643	9918644	-	0.554054	mod_ratio	74	95	T	CGTCT	ok	False
chr4	9919956	9919957	-	0.491803	mod_ratio	61	73	T	TGTCC	ok	True
chr4	9920007	9920008	-	0.378788	mod_ratio	66	72	T	AGTCC	ok	True
chr4	9920011	9920012	-	0.983871	mod_ratio	62	69	T	CGTTT	ok	False
chr4	9928952	9928953	+	0.446429	mod_ratio	56	68	A	AAACC	ok	True
chr4	9928999	9929000	+	0.591837	mod_ratio	49	62	A	AAACT	ok	True
chr4	9929096	9929097	+	0.560606	mod_ratio	66	72	A	GAACG	ok	False
chr4	9939132	9939133	+	0.705882	mod_ratio	34	38	A	AGACA	ok	True
chr4	10012554	10012555	-	0.744186	mod_ratio	43	46	T	CGTCT	ok	False
chr4	10016721	10016722	-	0.468354	mod_ratio	79	103	T	GGTTT	ok	True
chr4	10017035	10017036	-	0.827586	mod_ratio	58	100	T	CGTTT	ok	False
chr4	10017345	10017346	-	0.325581	mod_ratio	86	96	T	TGTTT	ok	True
chr4	10017913	10017914	-	0.359551	mod_ratio	89	97	T	GGTTT	ok	True
chr4	10017917	10017918	-	0.541667	mod_ratio	72	92	T	TGTTT	ok	True
chr4	10017962	10017963	-	0.313953	mod_ratio	86	94	T	TGTTC	ok	True
chr4	10031949	10031950	+	0.884615	mod_ratio	26	28	A	AAACG	ok	False
chr4	10035567	10035568	-	0.663244	mod_ratio	487	564	T	GGTCT	ok	True
chr4	10035582	10035583	-	0.844633	mod_ratio	354	484	T	TGTTT	ok	True
chr4	10035583	10035584	-	0.264706	mod_ratio	238	689	T	GTTTC	ok	False
chr4	10035607	10035608	-	0.22766	mod_ratio	470	695	T	TGTTT	ok	True
chr4	10035649	10035650	-	0.327103	mod_ratio	642	793	T	CGTCT	ok	False
chr4	10035766	10035767	-	0.182104	mod_ratio	637	786	T	CGTCT	ok	False
chr4	10036415	10036416	-	0.370192	mod_ratio	624	724	T	GGTCT	ok	True
chr4	10149644	10149645	+	0.674419	mod_ratio	43	51	A	AAACG	ok	False
chr4	10150139	10150140	+	0.522727	mod_ratio	44	51	A	AAACT	ok	True
chr4	10151027	10151028	+	0.634146	mod_ratio	41	55	A	GAACA	ok	True
chr4	10151130	10151131	+	0.534884	mod_ratio	43	58	A	AGACT	ok	True
chr4	10201745	10201746	-	0.394737	mod_ratio	76	95	T	AGTCT	ok	True
chr4	10201759	10201760	-	0.54023	mod_ratio	87	116	T	AGTTT	ok	True
chr4	10201818	10201819	-	0.695385	mod_ratio	325	404	T	TGTTT	ok	True
chr4	10201825	10201826	-	0.248366	mod_ratio	153	199	T	AGTTT	ok	True
chr4	10201826	10201827	-	0.497854	mod_ratio	233	442	T	GTTTT	ok	False
chr4	10201831	10201832	-	0.125	mod_ratio	352	443	T	GGTTC	ok	True
chr4	10202188	10202189	-	0.316602	mod_ratio	259	418	T	GGTCT	ok	True
chr4	10202200	10202201	-	0.542169	mod_ratio	332	411	T	TGTCC	ok	True
chr4	10202210	10202211	-	0.212454	mod_ratio	273	364	T	GGTTT	ok	True
chr4	10202300	10202301	-	0.200581	mod_ratio	344	400	T	CGTCC	ok	False
chr4	10202588	10202589	-	0.244514	mod_ratio	319	358	T	GGTTC	ok	True
chr4	10202916	10202917	-	0.596226	mod_ratio	265	313	T	GGTCT	ok	True
chr4	10203064	10203065	-	0.164835	mod_ratio	273	292	T	TGTTC	ok	True
chr4	10203122	10203123	-	0.12963	mod_ratio	270	294	T	TGTTC	ok	True
chr4	10203289	10203290	-	0.114679	mod_ratio	218	260	T	GGTTT	ok	True
chr4	10203342	10203343	-	0.253333	mod_ratio	225	270	T	TGTTC	ok	True
chr4	10236757	10236758	+	0.8	mod_ratio	40	54	A	GGACC	ok	True
chr4	10289232	10289233	-	0.561404	mod_ratio	57	66	T	GGTTT	ok	True
chr4	10289267	10289268	-	0.707317	mod_ratio	41	52	T	TGTTT	ok	True
chr4	10290129	10290130	-	0.780488	mod_ratio	41	45	T	GGTTT	ok	True
chr4	10290363	10290364	-	0.942857	mod_ratio	35	41	T	CGTTT	ok	False
chr4	10290507	10290508	-	0.666667	mod_ratio	36	41	T	CGTCC	ok	False
chr4	10297166	10297167	+	0.708333	mod_ratio	48	49	A	AAACA	ok	True
chr4	10297533	10297534	+	0.816327	mod_ratio	49	54	A	AAACA	ok	True
chr4	10297904	10297905	+	0.833333	mod_ratio	42	52	A	AAACA	ok	True
chr4	10298761	10298762	+	0.714286	mod_ratio	56	62	A	AAACG	ok	False
chr4	10298780	10298781	+	0.703704	mod_ratio	54	62	A	GGACG	ok	False
chr4	10299038	10299039	+	0.612245	mod_ratio	49	60	A	AGACA	ok	True
chr4	10302222	10302223	+	0.174242	mod_ratio	264	305	A	GAACC	ok	True
chr4	10302341	10302342	+	0.188732	mod_ratio	355	417	A	GAACC	ok	True
chr4	10302592	10302593	+	0.56383	mod_ratio	376	430	A	GAACA	ok	True
chr4	10303058	10303059	+	0.351415	mod_ratio	424	487	A	GAACG	ok	False
chr4	10303192	10303193	+	0.164835	mod_ratio	455	501	A	GAACA	ok	True
chr4	10303261	10303262	+	0.52	mod_ratio	50	470	A	GGATA	ok	False
chr4	10303338	10303339	+	0.757062	mod_ratio	177	223	A	AAACC	ok	True
chr4	10303474	10303475	-	0.733333	mod_ratio	30	42	T	TGTCT	ok	True
chr4	10304050	10304051	-	0.766667	mod_ratio	30	39	T	CGTTT	ok	False
chr4	10322642	10322643	-	0.516667	mod_ratio	60	66	T	TGTTC	ok	True
chr4	10322700	10322701	-	0.390625	mod_ratio	64	69	T	AGTCT	ok	True
chr4	10324958	10324959	-	0.52381	mod_ratio	42	43	T	GGTCC	ok	True
chr4	10389419	10389420	-	0.545455	mod_ratio	121	137	T	CGTCC	ok	False
chr4	10389437	10389438	-	0.482759	mod_ratio	116	137	T	CGTCC	ok	False
chr4	10389515	10389516	-	0.722222	mod_ratio	108	128	T	CGTTT	ok	False
chr4	10389790	10389791	-	0.796875	mod_ratio	64	95	T	TGTTT	ok	True
chr4	10390017	10390018	-	0.247423	mod_ratio	97	112	T	GGTTT	ok	True
chr4	10390591	10390592	-	0.702703	mod_ratio	37	49	T	GGTTT	ok	True
chr4	10407786	10407787	-	0.6875	mod_ratio	32	33	T	TGTTC	ok	True
chr4	10409421	10409422	-	0.918367	mod_ratio	49	54	T	TGTCT	ok	True
chr4	10409494	10409495	-	0.608696	mod_ratio	46	49	T	TGTTC	ok	True
chr4	10409738	10409739	-	0.666667	mod_ratio	42	45	T	AGTTT	ok	True
chr4	10409773	10409774	-	0.744186	mod_ratio	43	49	T	GGTCC	ok	True
chr4	10410842	10410843	-	0.666667	mod_ratio	36	39	T	CGTCT	ok	False
chr4	10453926	10453927	+	0.9375	mod_ratio	32	38	A	GGACC	ok	True
chr4	10454348	10454349	+	0.628571	mod_ratio	35	44	A	AGACA	ok	True
chr4	10454817	10454818	-	0.675676	mod_ratio	37	41	T	GGTCT	ok	True
chr4	10454837	10454838	-	0.638889	mod_ratio	36	41	T	TGTTT	ok	True
chr4	10454889	10454890	-	0.933333	mod_ratio	30	40	T	TGTCC	ok	True
chr4	10455304	10455305	-	0.958333	mod_ratio	24	33	T	CGTTT	ok	False
chr4	10477694	10477695	+	0.348485	mod_ratio	66	75	A	AAACT	ok	True
chr4	10477721	10477722	+	0.892308	mod_ratio	65	79	A	AAACG	ok	False
chr4	10478657	10478658	+	0.876712	mod_ratio	73	90	A	AGACA	ok	True
chr4	10478853	10478854	+	0.549296	mod_ratio	71	92	A	AGACC	ok	True
chr4	10479082	10479083	+	0.611765	mod_ratio	85	97	A	AAACG	ok	False
chr4	10479120	10479121	+	0.607595	mod_ratio	79	96	A	GGACA	ok	True
chr4	10479182	10479183	+	0.418605	mod_ratio	86	99	A	AGACT	ok	True
chr4	10480070	10480071	+	0.5	mod_ratio	72	84	A	AGACT	ok	True
chr4	10482511	10482512	+	0.729167	mod_ratio	48	53	A	GGACA	ok	True
chr4	10482641	10482642	+	0.685185	mod_ratio	54	57	A	AAACG	ok	False
chr4	10482859	10482860	+	0.561404	mod_ratio	57	63	A	AAACG	ok	False
chr4	10483195	10483196	+	0.90625	mod_ratio	64	81	A	AGACG	ok	False
chr4	10483512	10483513	+	0.536585	mod_ratio	82	101	A	GGACG	ok	False
chr4	10483724	10483725	+	0.630952	mod_ratio	84	102	A	AAACT	ok	True
chr4	10483765	10483766	+	0.411765	mod_ratio	68	89	A	AAACA	ok	True
chr4	10500110	10500111	+	0.126374	mod_ratio	182	202	A	GGACA	ok	True
chr4	10500227	10500228	+	0.191617	mod_ratio	167	208	A	GGACA	ok	True
chr4	10500398	10500399	+	0.477124	mod_ratio	153	207	A	AAACC	ok	True
chr4	10500469	10500470	+	0.431818	mod_ratio	132	211	A	AAACA	ok	True
chr4	10500597	10500598	+	0.380117	mod_ratio	171	218	A	AAACT	ok	True
chr4	10502004	10502005	+	0.611111	mod_ratio	36	42	A	AGACA	ok	True
chr4	10502686	10502687	+	0.756098	mod_ratio	41	44	A	AAACC	ok	True
chr4	10503962	10503963	+	0.912281	mod_ratio	57	60	A	AAACC	ok	True
chr4	10503967	10503968	+	0.872727	mod_ratio	55	59	A	AGACG	ok	False
chr4	10503985	10503986	+	0.94	mod_ratio	50	60	A	AGACA	ok	True
chr4	10504124	10504125	+	0.685185	mod_ratio	54	61	A	AAACC	ok	True
chr4	10504663	10504664	+	0.365079	mod_ratio	63	72	A	GAACA	ok	True
chr4	10504676	10504677	+	0.625	mod_ratio	64	71	A	AGACG	ok	False
chr4	10504697	10504698	+	0.552239	mod_ratio	67	72	A	AGACC	ok	True
chr4	10504777	10504778	+	0.610169	mod_ratio	59	71	A	GGACA	ok	True
chr4	10582637	10582638	-	0.709677	mod_ratio	31	117	T	GTTTT	ok	False
chr4	10583021	10583022	-	0.813333	mod_ratio	75	102	T	GGTTT	ok	True
chr4	10583436	10583437	-	0.341176	mod_ratio	85	95	T	TGTTC	ok	True
chr4	10583601	10583602	-	0.574468	mod_ratio	47	73	T	CGTTT	ok	False
chr4	10583888	10583889	-	0.634146	mod_ratio	82	95	T	TGTTC	ok	True
chr4	10584073	10584074	-	0.476744	mod_ratio	86	94	T	AGTCT	ok	True
chr4	10584117	10584118	-	0.301205	mod_ratio	83	91	T	CGTTC	ok	False
chr4	10585653	10585654	-	0.468085	mod_ratio	47	58	T	TGTTT	ok	True
chr4	10587592	10587593	-	0.580247	mod_ratio	81	84	T	TGTTC	ok	True
chr4	10587739	10587740	-	0.512821	mod_ratio	78	84	T	CGTTC	ok	False
chr4	10588026	10588027	-	0.676923	mod_ratio	65	72	T	TGTCT	ok	True
chr4	10588915	10588916	-	0.77551	mod_ratio	49	53	T	CGTTT	ok	False
chr4	10590381	10590382	-	0.625	mod_ratio	40	41	T	AGTTT	ok	True
chr4	10608925	10608926	+	1	mod_ratio	23	24	A	AAACA	ok	True
chr4	10687375	10687376	-	0.707692	mod_ratio	65	94	T	AGTCC	ok	True
chr4	10687483	10687484	-	0.292929	mod_ratio	99	110	T	TGTCT	ok	True
chr4	10688871	10688872	-	0.394737	mod_ratio	76	96	T	CGTTT	ok	False
chr4	10729393	10729394	+	0.741935	mod_ratio	31	34	A	AGACA	ok	True
chr4	10773150	10773151	-	0.793103	mod_ratio	29	35	T	TGTTT	ok	True
chr4	10774346	10774347	+	0.308511	mod_ratio	94	100	A	AAACA	ok	True
chr4	10774384	10774385	+	0.297619	mod_ratio	84	102	A	AAACC	ok	True
chr4	10774498	10774499	+	0.387097	mod_ratio	93	103	A	AGACG	ok	False
chr4	10774568	10774569	+	0.467391	mod_ratio	92	103	A	AAACC	ok	True
chr4	10775089	10775090	+	0.920455	mod_ratio	88	107	A	AAAGT	ok	False
chr4	10775468	10775469	+	0.789474	mod_ratio	95	105	A	GGACA	ok	True
chr4	10775514	10775515	+	0.378378	mod_ratio	111	115	A	AAACC	ok	True
chr4	10775694	10775695	+	0.911504	mod_ratio	113	121	A	AAACA	ok	True
chr4	10775748	10775749	+	0.217822	mod_ratio	101	122	A	GGACC	ok	True
chr4	10775856	10775857	+	0.816327	mod_ratio	49	61	A	AAACG	ok	False
chr4	10777651	10777652	-	0.717391	mod_ratio	46	58	T	CGTTT	ok	False
chr4	10777838	10777839	-	0.609375	mod_ratio	64	75	T	TGTCC	ok	True
chr4	10778515	10778516	-	0.660377	mod_ratio	53	65	T	GGTTT	ok	True
chr4	10778527	10778528	-	0.410714	mod_ratio	56	65	T	GGTCC	ok	True
chr4	10779490	10779491	-	0.571429	mod_ratio	42	49	T	GGTCC	ok	True
chr4	10779814	10779815	-	0.609756	mod_ratio	41	47	T	GGTCT	ok	True
chr4	10784625	10784626	-	0.714286	mod_ratio	63	69	T	GGTCC	ok	True
chr4	10784736	10784737	-	0.492063	mod_ratio	63	69	T	TGTTT	ok	True
chr4	10785043	10785044	-	0.882353	mod_ratio	51	62	T	TGTTT	ok	True
chr4	10785555	10785556	-	0.595238	mod_ratio	42	53	T	AGTTT	ok	True
chr4	10785994	10785995	-	0.795455	mod_ratio	44	51	T	TGTCT	ok	True
chr4	10843918	10843919	+	1	mod_ratio	23	26	A	AAACG	ok	False
chr4	10847268	10847269	+	0.851852	mod_ratio	27	33	A	AAACT	ok	True
chr4	10888306	10888307	-	0.450704	mod_ratio	284	368	T	GGTTT	ok	True
chr4	10888372	10888373	-	0.198556	mod_ratio	277	466	T	GGTTC	ok	True
chr4	10888480	10888481	-	0.337531	mod_ratio	397	471	T	AGTTC	ok	True
chr4	10889260	10889261	-	0.121429	mod_ratio	420	470	T	AGTCC	ok	True
chr4	10889502	10889503	-	0.95	mod_ratio	320	445	T	CGTTT	ok	False
chr4	10941581	10941582	+	0.554348	mod_ratio	92	101	A	AAACA	ok	True
chr4	10942899	10942900	+	0.298077	mod_ratio	104	133	A	GGACC	ok	True
chr4	10942992	10942993	+	0.248175	mod_ratio	137	151	A	GAACC	ok	True
chr4	10943002	10943003	+	0.644928	mod_ratio	138	156	A	AAACT	ok	True
chr4	10943010	10943011	+	0.280303	mod_ratio	132	159	A	GAACC	ok	True
chr4	10943020	10943021	+	0.180451	mod_ratio	133	153	A	AAACC	ok	True
chr4	10943086	10943087	+	0.694444	mod_ratio	144	161	A	AAACC	ok	True
chr4	10943109	10943110	+	0.290323	mod_ratio	124	163	A	AAACC	ok	True
chr4	10943164	10943165	+	0.186567	mod_ratio	134	163	A	AAACT	ok	True
chr4	10943267	10943268	+	0.458333	mod_ratio	48	168	A	AAACA	ok	True
chr4	10990284	10990285	+	0.260234	mod_ratio	342	411	A	GAACC	ok	True
chr4	10990449	10990450	+	0.424318	mod_ratio	403	445	A	AGACT	ok	True
chr4	10990581	10990582	+	0.137079	mod_ratio	445	482	A	AGACT	ok	True
chr4	10990776	10990777	+	0.193684	mod_ratio	475	538	A	AGACT	ok	True
chr4	10990884	10990885	+	0.381526	mod_ratio	498	580	A	AAACT	ok	True
chr4	10990934	10990935	+	0.239583	mod_ratio	480	589	A	GGACG	ok	False
chr4	10991305	10991306	+	0.232759	mod_ratio	696	738	A	GAACG	ok	False
chr4	10991451	10991452	+	0.65123	mod_ratio	691	753	A	GGACG	ok	False
chr4	10991540	10991541	+	0.509554	mod_ratio	628	719	A	AAACT	ok	True
chr4	10991593	10991594	+	0.100346	mod_ratio	578	696	A	GAACT	ok	True
chr4	11035397	11035398	-	0.733333	mod_ratio	45	47	T	CGTTT	ok	False
chr4	11130494	11130495	+	0.814815	mod_ratio	27	28	A	AGACA	ok	True
chr4	11160792	11160793	-	0.6875	mod_ratio	32	40	T	AGTTT	ok	True
chr4	11161070	11161071	-	0.939394	mod_ratio	33	39	T	CGTTT	ok	False
chr4	11173519	11173520	+	0.806452	mod_ratio	31	33	A	GGACC	ok	True
chr4	11173572	11173573	+	0.928571	mod_ratio	28	33	A	AGACG	ok	False
chr4	11173783	11173784	+	0.785714	mod_ratio	28	34	A	GGACA	ok	True
chr4	11174671	11174672	-	0.438596	mod_ratio	57	80	T	TGTCC	ok	True
chr4	11174841	11174842	-	0.333333	mod_ratio	72	77	T	TGTTT	ok	True
chr4	11175129	11175130	-	0.825397	mod_ratio	63	74	T	CGTCT	ok	False
chr4	11182430	11182431	+	0.681818	mod_ratio	44	48	A	GAACT	ok	True
chr4	11183244	11183245	+	0.607843	mod_ratio	51	53	A	AAACT	ok	True
chr4	11212949	11212950	+	0.857143	mod_ratio	28	36	A	AGACA	ok	True
chr4	11217947	11217948	+	0.806452	mod_ratio	31	36	A	AGACA	ok	True
chr4	11218486	11218487	+	0.813953	mod_ratio	43	47	A	GGACA	ok	True
chr4	11218552	11218553	+	0.547619	mod_ratio	42	50	A	AAACT	ok	True
chr4	11219125	11219126	+	0.604167	mod_ratio	48	51	A	AAACA	ok	True
chr4	11266284	11266285	+	0.388158	mod_ratio	304	450	A	AAACT	ok	True
chr4	11266319	11266320	+	0.15942	mod_ratio	345	458	A	AAACA	ok	True
chr4	11266372	11266373	+	0.164524	mod_ratio	389	466	A	GGACA	ok	True
chr4	11266679	11266680	+	0.485437	mod_ratio	412	469	A	GAACA	ok	True
chr4	11266872	11266873	+	0.641026	mod_ratio	117	403	A	AGACA	ok	True
chr4	11267687	11267688	+	0.780488	mod_ratio	82	87	A	AAACT	ok	True
chr4	11267871	11267872	+	0.378378	mod_ratio	74	90	A	AGACT	ok	True
chr4	11267904	11267905	+	0.428571	mod_ratio	77	90	A	AAACT	ok	True
chr4	11268010	11268011	+	0.493827	mod_ratio	81	92	A	GGACC	ok	True
chr4	11268629	11268630	+	0.314607	mod_ratio	89	95	A	GAACG	ok	False
chr4	11268678	11268679	+	0.534091	mod_ratio	88	96	A	GAACA	ok	True
chr4	11268704	11268705	+	0.329412	mod_ratio	85	94	A	AAACA	ok	True
chr4	11268867	11268868	+	0.680851	mod_ratio	47	77	A	AAACC	ok	True
chr4	11279072	11279073	+	0.666667	mod_ratio	33	35	A	AAACG	ok	False
chr4	11279543	11279544	+	0.702703	mod_ratio	37	37	A	GAACT	ok	True
chr4	11280033	11280034	+	0.805556	mod_ratio	36	38	A	AAACG	ok	False
chr4	11280606	11280607	+	0.722222	mod_ratio	36	37	A	GGACA	ok	True
chr4	11283544	11283545	+	0.72973	mod_ratio	37	56	A	GGACA	ok	True
chr4	11283579	11283580	+	0.396552	mod_ratio	58	60	A	AAACA	ok	True
chr4	11286637	11286638	+	0.578947	mod_ratio	38	43	A	AAACT	ok	True
chr4	11307033	11307034	+	0.641509	mod_ratio	53	68	A	GGACG	ok	False
chr4	11307104	11307105	+	0.451613	mod_ratio	62	67	A	AAACG	ok	False
chr4	11307126	11307127	+	0.338462	mod_ratio	65	69	A	GAACG	ok	False
chr4	11307167	11307168	+	0.738462	mod_ratio	65	70	A	GAACA	ok	True
chr4	11307203	11307204	+	0.745763	mod_ratio	59	68	A	GGACA	ok	True
chr4	11307290	11307291	+	0.75	mod_ratio	56	68	A	GGACA	ok	True
chr4	11307908	11307909	+	0.733333	mod_ratio	75	78	A	AGACA	ok	True
chr4	11307918	11307919	+	0.631579	mod_ratio	57	78	A	GGACC	ok	True
chr4	11308044	11308045	+	0.403509	mod_ratio	57	72	A	AAACA	ok	True
chr4	11308111	11308112	+	0.466667	mod_ratio	75	84	A	GGACA	ok	True
chr4	11334595	11334596	+	0.143678	mod_ratio	174	2027	A	AGACT	ok	True
chr4	11335099	11335100	+	0.31296	mod_ratio	1767	2173	A	GGACA	ok	True
chr4	11335112	11335113	+	0.287741	mod_ratio	1974	2186	A	AGACC	ok	True
chr4	11335124	11335125	+	0.267866	mod_ratio	2001	2150	A	AGACT	ok	True
chr4	11335265	11335266	+	0.80543	mod_ratio	1989	2263	A	AAACG	ok	False
chr4	11335545	11335546	+	0.928285	mod_ratio	1743	2346	A	AGACA	ok	True
chr4	11335561	11335562	+	0.250356	mod_ratio	2105	2349	A	GAACG	ok	False
chr4	11335652	11335653	+	0.267925	mod_ratio	1855	2209	A	AGACT	ok	True
chr4	11424951	11424952	+	0.293333	mod_ratio	75	93	A	AGACC	ok	True
chr4	11425723	11425724	+	0.769231	mod_ratio	39	45	A	AAACG	ok	False
chr4	11426226	11426227	+	0.723404	mod_ratio	47	52	A	AAACG	ok	False
chr4	11426449	11426450	+	0.878049	mod_ratio	41	56	A	AAACG	ok	False
chr4	11427918	11427919	+	0.389831	mod_ratio	59	64	A	AAACC	ok	True
chr4	11428148	11428149	+	0.5	mod_ratio	54	65	A	GGACA	ok	True
chr4	11471090	11471091	-	0.526316	mod_ratio	57	65	T	GGTTT	ok	True
chr4	11471315	11471316	-	0.630435	mod_ratio	46	60	T	TGTCT	ok	True
chr4	11472251	11472252	-	0.774194	mod_ratio	31	40	T	AGTTT	ok	True
chr4	11472261	11472262	-	0.685714	mod_ratio	35	40	T	GGTCC	ok	True
chr4	11477414	11477415	+	0.644444	mod_ratio	45	61	A	AAACC	ok	True
chr4	11477668	11477669	+	0.488889	mod_ratio	45	59	A	GAACA	ok	True
chr4	11491748	11491749	+	0.647059	mod_ratio	136	142	A	AGACC	ok	True
chr4	11571662	11571663	+	0.403226	mod_ratio	62	71	A	AAACT	ok	True
chr4	11591340	11591341	-	0.84058	mod_ratio	69	89	T	GGTCC	ok	True
chr4	11591639	11591640	-	0.742424	mod_ratio	66	80	T	CGTTT	ok	False
chr4	11591766	11591767	-	0.712121	mod_ratio	66	79	T	AGTTT	ok	True
chr4	11600140	11600141	-	0.484076	mod_ratio	157	227	T	AGTCT	ok	True
chr4	11600214	11600215	-	0.39726	mod_ratio	219	269	T	CGTCT	ok	False
chr4	11600501	11600502	-	0.142857	mod_ratio	196	260	T	AGTCC	ok	True
chr4	11600566	11600567	-	0.166667	mod_ratio	210	252	T	AGTTC	ok	True
chr4	11601228	11601229	-	0.678261	mod_ratio	230	246	T	TGTCT	ok	True
chr4	11601246	11601247	-	0.138889	mod_ratio	216	241	T	TGTTC	ok	True
chr4	11601420	11601421	-	0.57672	mod_ratio	189	203	T	GGTTT	ok	True
chr4	11601510	11601511	-	0.486486	mod_ratio	148	170	T	TGTTT	ok	True
chr4	11646552	11646553	-	0.314381	mod_ratio	598	678	T	GGTTC	ok	True
chr4	11646619	11646620	-	0.14876	mod_ratio	605	669	T	GGTTC	ok	True
chr4	11646625	11646626	-	0.459016	mod_ratio	61	666	T	TGTTT	ok	True
chr4	11646733	11646734	-	0.548501	mod_ratio	567	648	T	GGTCC	ok	True
chr4	11646759	11646760	-	0.304965	mod_ratio	564	634	T	GGTCT	ok	True
chr4	11646764	11646765	-	0.35041	mod_ratio	488	617	T	GGTTC	ok	True
chr4	11646768	11646769	-	0.436893	mod_ratio	515	614	T	CGTTT	ok	False
chr4	11646814	11646815	-	0.617216	mod_ratio	546	614	T	TGTCT	ok	True
chr4	11646841	11646842	-	0.754647	mod_ratio	538	611	T	TGTCT	ok	True
chr4	11646940	11646941	-	0.161351	mod_ratio	533	574	T	GGTCC	ok	True
chr4	11646946	11646947	-	0.724	mod_ratio	500	563	T	GGTTT	ok	True
chr4	11647615	11647616	-	0.396588	mod_ratio	469	534	T	CGTCC	ok	False
chr4	11647880	11647881	-	0.269585	mod_ratio	434	498	T	AGTTT	ok	True
chr4	11648144	11648145	-	0.56743	mod_ratio	393	462	T	CGTTT	ok	False
chr4	11648156	11648157	-	0.129353	mod_ratio	402	457	T	AGTTT	ok	True
chr4	11656386	11656387	+	0.493151	mod_ratio	73	82	A	GGACA	ok	True
chr4	11656528	11656529	+	0.360656	mod_ratio	61	86	A	GGACA	ok	True
chr4	11656953	11656954	+	0.539683	mod_ratio	63	78	A	AAACT	ok	True
chr4	11657046	11657047	-	0.25	mod_ratio	108	117	T	TGTTC	ok	True
chr4	11657203	11657204	-	0.4375	mod_ratio	112	133	T	TGTTC	ok	True
chr4	11657352	11657353	-	0.371901	mod_ratio	121	130	T	GGTCT	ok	True
chr4	11657654	11657655	-	0.784314	mod_ratio	102	120	T	TGTCC	ok	True
chr4	11658057	11658058	-	0.692308	mod_ratio	78	89	T	GGTCT	ok	True
chr4	11658186	11658187	-	0.644737	mod_ratio	76	82	T	TGTTT	ok	True
chr4	11658215	11658216	-	0.296296	mod_ratio	81	85	T	TGTTT	ok	True
chr4	11746760	11746761	-	0.928571	mod_ratio	28	34	T	CGTCT	ok	False
chr4	11747268	11747269	-	0.827586	mod_ratio	29	30	T	TGTTT	ok	True
chr4	11759299	11759300	-	0.507937	mod_ratio	189	216	T	CGTTT	ok	False
chr4	11759314	11759315	-	0.172414	mod_ratio	145	167	T	AGTTT	ok	True
chr4	11759397	11759398	-	0.521739	mod_ratio	69	215	T	GTTTT	ok	False
chr4	11759457	11759458	-	0.497561	mod_ratio	205	217	T	GGTTT	ok	True
chr4	11759507	11759508	-	0.365591	mod_ratio	186	217	T	AGTCT	ok	True
chr4	11760143	11760144	-	0.40678	mod_ratio	59	66	T	TGTTT	ok	True
chr4	11760799	11760800	-	0.177143	mod_ratio	175	189	T	GGTTC	ok	True
chr4	11766042	11766043	-	0.78392	mod_ratio	199	265	T	TGTCT	ok	True
chr4	11766088	11766089	-	0.230159	mod_ratio	252	273	T	AGTTC	ok	True
chr4	11766165	11766166	-	0.115538	mod_ratio	251	275	T	TGTCT	ok	True
chr4	11766171	11766172	-	0.697248	mod_ratio	218	275	T	TGTCT	ok	True
chr4	11766250	11766251	-	0.180672	mod_ratio	238	265	T	GGTTC	ok	True
chr4	11766376	11766377	-	0.774359	mod_ratio	195	250	T	CGTCC	ok	False
chr4	11766498	11766499	-	0.78392	mod_ratio	199	238	T	CGTTT	ok	False
chr4	11766541	11766542	-	0.136585	mod_ratio	205	234	T	AGTTT	ok	True
chr4	11766605	11766606	-	0.420091	mod_ratio	219	235	T	GGTTT	ok	True
chr4	11766862	11766863	-	0.221053	mod_ratio	190	219	T	GGTTC	ok	True
chr4	11766908	11766909	-	0.515924	mod_ratio	157	215	T	GGTTT	ok	True
chr4	11766938	11766939	-	0.231959	mod_ratio	194	217	T	TGTTC	ok	True
chr4	11767165	11767166	-	0.319277	mod_ratio	166	181	T	AGTTC	ok	True
chr4	11767187	11767188	-	0.655738	mod_ratio	122	176	T	GGTTT	ok	True
chr4	11771677	11771678	-	0.92	mod_ratio	25	33	T	TGTCT	ok	True
chr4	11791486	11791487	+	0.192593	mod_ratio	135	174	A	GGACC	ok	True
chr4	11791493	11791494	+	0.433962	mod_ratio	159	174	A	AAACC	ok	True
chr4	11791961	11791962	+	0.348993	mod_ratio	149	173	A	AAACC	ok	True
chr4	11791973	11791974	+	0.150327	mod_ratio	153	180	A	AAACT	ok	True
chr4	11792386	11792387	+	0.282353	mod_ratio	170	187	A	GAACC	ok	True
chr4	11792751	11792752	+	0.392405	mod_ratio	79	187	A	GGATC	ok	False
chr4	11849787	11849788	-	0.103846	mod_ratio	260	299	T	AGTCC	ok	True
chr4	11849801	11849802	-	0.236434	mod_ratio	258	302	T	CGTTC	ok	False
chr4	11850176	11850177	-	0.504386	mod_ratio	228	268	T	GGTTT	ok	True
chr4	11855350	11855351	+	0.177083	mod_ratio	192	223	A	AAACT	ok	True
chr4	11859143	11859144	+	0.489362	mod_ratio	47	58	A	AAACT	ok	True
chr4	11882177	11882178	-	0.419355	mod_ratio	93	117	T	TGTTC	ok	True
chr4	11882790	11882791	-	0.381944	mod_ratio	144	152	T	TGTTT	ok	True
chr4	11882870	11882871	-	0.544715	mod_ratio	123	149	T	AGTTT	ok	True
chr4	11885202	11885203	-	0.536585	mod_ratio	41	150	T	GTTTT	ok	False
chr4	11885321	11885322	-	0.684932	mod_ratio	73	91	T	TGTTT	ok	True
chr4	11949388	11949389	-	0.75	mod_ratio	40	44	T	TGTCT	ok	True
chr4	11949637	11949638	-	0.657143	mod_ratio	35	42	T	TGTTC	ok	True
chr4	11949648	11949649	-	0.806452	mod_ratio	31	43	T	TGTCT	ok	True
chr4	11987930	11987931	-	0.530864	mod_ratio	81	95	T	CGTCC	ok	False
chr4	11988061	11988062	-	0.290698	mod_ratio	86	88	T	GGTTC	ok	True
chr4	11988247	11988248	-	0.632353	mod_ratio	68	83	T	TGTTT	ok	True
chr4	11988300	11988301	-	0.362319	mod_ratio	69	81	T	TGTTT	ok	True
chr4	11988384	11988385	-	0.964286	mod_ratio	56	69	T	CGTTT	ok	False
chr4	11988865	11988866	-	0.666667	mod_ratio	42	66	T	AGTTT	ok	True
chr4	12007113	12007114	+	0.23301	mod_ratio	103	251	A	AAACA	ok	True
chr4	12007218	12007219	+	0.531915	mod_ratio	47	533	A	AAACC	ok	True
chr4	12007869	12007870	+	0.355903	mod_ratio	576	606	A	GAACA	ok	True
chr4	12008269	12008270	+	0.504318	mod_ratio	579	634	A	AAACT	ok	True
chr4	12008275	12008276	+	0.62963	mod_ratio	567	641	A	AAACT	ok	True
chr4	12008592	12008593	+	0.110744	mod_ratio	605	663	A	GGACT	ok	True
chr4	12008702	12008703	+	0.482375	mod_ratio	539	679	A	GGACG	ok	False
chr4	12008815	12008816	+	0.72093	mod_ratio	43	658	A	TCACC	ok	False
chr4	12008951	12008952	+	0.819876	mod_ratio	644	717	A	GAACG	ok	False
chr4	12008975	12008976	+	0.308756	mod_ratio	651	719	A	GAACA	ok	True
chr4	12009005	12009006	+	0.17103	mod_ratio	573	719	A	AAACC	ok	True
chr4	12009112	12009113	+	0.193103	mod_ratio	580	726	A	GAACC	ok	True
chr4	12009175	12009176	+	0.49696	mod_ratio	658	737	A	AAACC	ok	True
chr4	12020379	12020380	+	0.972973	mod_ratio	37	41	A	AGACA	ok	True
chr4	12021173	12021174	+	0.604651	mod_ratio	43	50	A	AAACC	ok	True
chr4	12103279	12103280	-	0.981132	mod_ratio	53	87	T	CGTTT	ok	False
chr4	12103339	12103340	-	0.588235	mod_ratio	51	69	T	AGTTT	ok	True
chr4	12103340	12103341	-	0.594595	mod_ratio	37	105	T	GTTTT	ok	False
chr4	12103424	12103425	-	0.45	mod_ratio	120	130	T	GGTTT	ok	True
chr4	12103447	12103448	-	0.735043	mod_ratio	117	135	T	CGTCC	ok	False
chr4	12103637	12103638	-	0.344538	mod_ratio	119	123	T	TGTTC	ok	True
chr4	12103660	12103661	-	0.393162	mod_ratio	117	122	T	CGTTC	ok	False
chr4	12103811	12103812	-	0.304762	mod_ratio	105	118	T	AGTTT	ok	True
chr4	12105066	12105067	-	0.794872	mod_ratio	78	87	T	CGTTT	ok	False
chr4	12105408	12105409	-	0.705128	mod_ratio	78	86	T	CGTTC	ok	False
chr4	12106681	12106682	-	0.651515	mod_ratio	66	70	T	AGTTC	ok	True
chr4	12107206	12107207	-	0.861111	mod_ratio	36	41	T	CGTTT	ok	False
chr4	12220869	12220870	+	0.417722	mod_ratio	158	167	A	AGACG	ok	False
chr4	12220882	12220883	+	0.245033	mod_ratio	151	166	A	GGACT	ok	True
chr4	12220892	12220893	+	0.329545	mod_ratio	88	120	A	GAACC	ok	True
chr4	12220916	12220917	+	0.181208	mod_ratio	149	170	A	GAACC	ok	True
chr4	12221544	12221545	+	0.438596	mod_ratio	171	195	A	AGACG	ok	False
chr4	12221619	12221620	+	0.180851	mod_ratio	188	198	A	GAACT	ok	True
chr4	12221677	12221678	+	0.299435	mod_ratio	177	189	A	AGACT	ok	True
chr4	12221854	12221855	+	0.284974	mod_ratio	193	209	A	GAACT	ok	True
chr4	12222149	12222150	+	0.153005	mod_ratio	183	210	A	AGACA	ok	True
chr4	12230787	12230788	+	0.6	mod_ratio	40	43	A	AAACT	ok	True
chr4	12250345	12250346	+	0.921053	mod_ratio	38	46	A	AAACG	ok	False
chr4	12301049	12301050	+	0.571429	mod_ratio	42	47	A	AAACA	ok	True
chr4	12302080	12302081	+	0.73913	mod_ratio	46	57	A	GGACA	ok	True
chr4	12302400	12302401	+	0.722222	mod_ratio	54	61	A	GGACA	ok	True
chr4	12302416	12302417	+	0.653061	mod_ratio	49	60	A	AAACT	ok	True
chr4	12302439	12302440	+	0.842105	mod_ratio	57	61	A	AGACA	ok	True
chr4	12302565	12302566	+	0.714286	mod_ratio	49	61	A	AAACC	ok	True
chr4	12311653	12311654	+	1	mod_ratio	22	25	A	AAACA	ok	True
chr4	12318066	12318067	+	0.662921	mod_ratio	178	216	A	AAACG	ok	False
chr4	12318293	12318294	+	0.251309	mod_ratio	191	234	A	GGACG	ok	False
chr4	12319042	12319043	+	0.111111	mod_ratio	225	247	A	GAACC	ok	True
chr4	12319606	12319607	+	0.825175	mod_ratio	143	286	A	AAACG	ok	False
chr4	12324917	12324918	-	0.565217	mod_ratio	69	82	T	AGTTT	ok	True
chr4	12324982	12324983	-	0.42623	mod_ratio	61	84	T	GGTTT	ok	True
chr4	12325822	12325823	-	0.592593	mod_ratio	54	71	T	AGTTT	ok	True
chr4	12325843	12325844	-	0.333333	mod_ratio	66	72	T	TGTTT	ok	True
chr4	12325880	12325881	-	0.873016	mod_ratio	63	70	T	TGTCT	ok	True
chr4	12326151	12326152	-	0.607843	mod_ratio	51	64	T	CGTTT	ok	False
chr4	12326336	12326337	-	0.529412	mod_ratio	51	55	T	CGTTT	ok	False
chr4	12327325	12327326	-	0.609756	mod_ratio	41	49	T	GGTTT	ok	True
chr4	12332914	12332915	-	0.22215	mod_ratio	1544	1710	T	GGTTC	ok	True
chr4	12333060	12333061	-	0.588624	mod_ratio	756	934	T	TGTTT	ok	True
chr4	12333061	12333062	-	0.376605	mod_ratio	701	1615	T	GTTTT	ok	False
chr4	12333480	12333481	-	0.273052	mod_ratio	1399	1549	T	AGTCC	ok	True
chr4	12333599	12333600	-	0.214179	mod_ratio	1340	1492	T	TGTTT	ok	True
chr4	12333640	12333641	-	0.502857	mod_ratio	175	1506	T	CGTTC	ok	False
chr4	12333674	12333675	-	0.64922	mod_ratio	898	1121	T	CGTTT	ok	False
chr4	12333675	12333676	-	0.821678	mod_ratio	286	1459	T	GTTTT	ok	False
chr4	12333682	12333683	-	0.213759	mod_ratio	407	1437	T	AGTTT	ok	True
chr4	12336630	12336631	-	0.710145	mod_ratio	69	92	T	CGTTT	ok	False
chr4	12336631	12336632	-	0.72	mod_ratio	75	181	T	GTTTT	ok	False
chr4	12336636	12336637	-	0.716049	mod_ratio	162	181	T	GGTCT	ok	True
chr4	12337241	12337242	-	0.272109	mod_ratio	147	170	T	AGTTC	ok	True
chr4	12337436	12337437	-	0.545455	mod_ratio	99	115	T	CGTTT	ok	False
chr4	12337437	12337438	-	0.757576	mod_ratio	33	154	T	GTTTT	ok	False
chr4	12350648	12350649	+	0.564516	mod_ratio	62	76	A	GGACC	ok	True
chr4	12351012	12351013	+	0.453125	mod_ratio	64	81	A	AGACT	ok	True
chr4	12351040	12351041	+	0.73913	mod_ratio	69	84	A	AAACA	ok	True
chr4	12351061	12351062	+	0.471429	mod_ratio	70	84	A	AAACC	ok	True
chr4	12363023	12363024	+	0.866667	mod_ratio	30	31	A	GAACG	ok	False
chr4	12397556	12397557	-	0.757576	mod_ratio	33	38	T	CGTCT	ok	False
chr4	12397602	12397603	-	0.793103	mod_ratio	29	37	T	TGTCT	ok	True
chr4	12403923	12403924	-	0.506173	mod_ratio	81	86	T	CGTTC	ok	False
chr4	12404433	12404434	-	0.484848	mod_ratio	66	72	T	AGTTT	ok	True
chr4	12404763	12404764	-	0.745455	mod_ratio	55	62	T	CGTTT	ok	False
chr4	12405961	12405962	-	0.74	mod_ratio	50	51	T	GGTTT	ok	True
chr4	12407437	12407438	-	0.75	mod_ratio	44	45	T	CGTCC	ok	False
chr4	12407638	12407639	-	0.864865	mod_ratio	37	44	T	CGTCC	ok	False
chr4	12420015	12420016	+	0.76	mod_ratio	50	62	A	AAACG	ok	False
chr4	12420368	12420369	+	0.628571	mod_ratio	35	53	A	AAACT	ok	True
chr4	12420465	12420466	-	0.393443	mod_ratio	61	91	T	CGTTT	ok	False
chr4	12420622	12420623	-	0.6	mod_ratio	90	124	T	TGTTC	ok	True
chr4	12420685	12420686	-	0.286957	mod_ratio	115	126	T	CGTTC	ok	False
chr4	12420719	12420720	-	0.435644	mod_ratio	101	125	T	GGTCC	ok	True
chr4	12420803	12420804	-	0.306122	mod_ratio	98	117	T	TGTTC	ok	True
chr4	12420955	12420956	-	0.76087	mod_ratio	46	109	T	GTTTT	ok	False
chr4	12421068	12421069	-	0.804348	mod_ratio	92	107	T	TGTCT	ok	True
chr4	12421228	12421229	-	0.403226	mod_ratio	62	71	T	TGTTT	ok	True
chr4	12513754	12513755	+	0.717949	mod_ratio	39	43	A	GGACC	ok	True
chr4	12514445	12514446	+	0.846154	mod_ratio	39	48	A	AGACC	ok	True
chr4	12528389	12528390	+	0.671875	mod_ratio	64	70	A	AAACG	ok	False
chr4	12528418	12528419	+	0.448276	mod_ratio	58	70	A	AAACT	ok	True
chr4	12528423	12528424	+	0.65	mod_ratio	60	69	A	AAACC	ok	True
chr4	12551751	12551752	-	0.701493	mod_ratio	67	82	T	AGTTT	ok	True
chr4	12551757	12551758	-	0.303371	mod_ratio	89	106	T	GGTTC	ok	True
chr4	12551848	12551849	-	0.263158	mod_ratio	95	101	T	TGTTC	ok	True
chr4	12551907	12551908	-	0.24	mod_ratio	125	133	T	AGTTC	ok	True
chr4	12551911	12551912	-	0.456693	mod_ratio	127	134	T	CGTCC	ok	False
chr4	12551956	12551957	-	0.652174	mod_ratio	115	125	T	TGTTT	ok	True
chr4	12551987	12551988	-	0.737288	mod_ratio	118	131	T	CGTCT	ok	False
chr4	12552103	12552104	-	0.237288	mod_ratio	118	125	T	AGTCT	ok	True
chr4	12552146	12552147	-	0.817308	mod_ratio	104	125	T	TGTCT	ok	True
chr4	12552382	12552383	-	0.506173	mod_ratio	81	109	T	AGTTT	ok	True
chr4	12552987	12552988	-	0.736842	mod_ratio	76	84	T	CGTCT	ok	False
chr4	12553048	12553049	-	0.347826	mod_ratio	69	81	T	AGTTT	ok	True
chr4	12553070	12553071	-	0.428571	mod_ratio	77	83	T	CGTTC	ok	False
chr4	12553992	12553993	-	0.729167	mod_ratio	48	58	T	GGTTT	ok	True
chr4	12554501	12554502	-	0.756098	mod_ratio	41	44	T	CGTCC	ok	False
chr4	12554744	12554745	-	0.83871	mod_ratio	31	41	T	TGTCC	ok	True
chr4	12554977	12554978	-	0.941176	mod_ratio	34	39	T	TGTCT	ok	True
chr4	12565736	12565737	+	0.54	mod_ratio	50	62	A	AGACA	ok	True
chr4	12566481	12566482	+	0.333333	mod_ratio	66	75	A	AAACA	ok	True
chr4	12591044	12591045	+	0.378788	mod_ratio	66	75	A	GAACG	ok	False
chr4	12591710	12591711	+	0.835821	mod_ratio	67	89	A	AGACA	ok	True
chr4	12591837	12591838	+	0.761194	mod_ratio	67	91	A	GGACC	ok	True
chr4	12591853	12591854	+	0.539474	mod_ratio	76	90	A	AAACC	ok	True
chr4	12592731	12592732	+	0.211538	mod_ratio	104	119	A	AGACA	ok	True
chr4	12593102	12593103	+	0.586207	mod_ratio	58	150	A	AAACC	ok	True
chr4	12593128	12593129	+	0.878788	mod_ratio	132	155	A	AGACA	ok	True
chr4	12593426	12593427	+	0.411765	mod_ratio	153	174	A	AGACA	ok	True
chr4	12593445	12593446	+	0.189542	mod_ratio	153	176	A	AAACT	ok	True
chr4	12604006	12604007	-	0.870968	mod_ratio	31	38	T	TGTCT	ok	True
chr4	12661816	12661817	+	0.611111	mod_ratio	36	46	A	GGACA	ok	True
chr4	12661870	12661871	+	0.756098	mod_ratio	41	46	A	GAACT	ok	True
chr4	12662635	12662636	+	0.5	mod_ratio	48	53	A	GAACT	ok	True
chr4	12678123	12678124	+	0.638889	mod_ratio	36	43	A	AGACA	ok	True
chr4	12678720	12678721	+	0.578947	mod_ratio	38	44	A	AAACT	ok	True
chr4	12708942	12708943	-	0.481481	mod_ratio	54	75	T	AGTTT	ok	True
chr4	12709834	12709835	-	0.660377	mod_ratio	53	64	T	TGTCC	ok	True
chr4	12711806	12711807	-	0.837209	mod_ratio	43	49	T	GGTCC	ok	True
chr4	12712565	12712566	-	0.878788	mod_ratio	33	35	T	GGTTT	ok	True
chr4	12742869	12742870	+	1	mod_ratio	25	31	A	AGACA	ok	True
chr4	12743656	12743657	+	0.585366	mod_ratio	41	45	A	AAACA	ok	True
chr4	12744367	12744368	+	0.605263	mod_ratio	38	45	A	AGACA	ok	True
chr4	12744780	12744781	-	0.52	mod_ratio	50	63	T	AGTTT	ok	True
chr4	12744919	12744920	-	0.660377	mod_ratio	53	63	T	GGTTT	ok	True
chr4	12744944	12744945	-	0.421053	mod_ratio	57	65	T	CGTTC	ok	False
chr4	12744995	12744996	-	0.791667	mod_ratio	48	63	T	TGTCC	ok	True
chr4	12745048	12745049	-	0.891892	mod_ratio	37	50	T	CGTTT	ok	False
chr4	12745126	12745127	-	0.588235	mod_ratio	51	61	T	GGTTT	ok	True
chr4	12758661	12758662	-	0.731959	mod_ratio	97	120	T	TGTCC	ok	True
chr4	12759035	12759036	-	0.34375	mod_ratio	96	116	T	CGTCT	ok	False
chr4	12760215	12760216	-	0.686747	mod_ratio	83	101	T	GGTTT	ok	True
chr4	12760684	12760685	-	0.544304	mod_ratio	79	101	T	GGTTT	ok	True
chr4	12760750	12760751	-	0.457627	mod_ratio	59	82	T	TGTTT	ok	True
chr4	12766130	12766131	-	0.313821	mod_ratio	615	694	T	AGTTC	ok	True
chr4	12766169	12766170	-	0.669951	mod_ratio	609	792	T	CGTCT	ok	False
chr4	12766286	12766287	-	0.149254	mod_ratio	737	782	T	AGTTC	ok	True
chr4	12766468	12766469	-	0.639794	mod_ratio	583	745	T	TGTCT	ok	True
chr4	12766526	12766527	-	0.292975	mod_ratio	669	764	T	TGTTC	ok	True
chr4	12766607	12766608	-	0.11646	mod_ratio	644	739	T	CGTTC	ok	False
chr4	12766655	12766656	-	0.681373	mod_ratio	612	725	T	CGTCC	ok	False
chr4	12767020	12767021	-	0.949686	mod_ratio	636	703	T	TGTCT	ok	True
chr4	12767031	12767032	-	0.493151	mod_ratio	73	709	T	CGTCC	ok	False
chr4	12767759	12767760	-	0.405858	mod_ratio	239	299	T	GGTTT	ok	True
chr4	12767808	12767809	-	0.448113	mod_ratio	212	273	T	CGTCC	ok	False
chr4	12770440	12770441	-	0.736364	mod_ratio	110	133	T	GGTCC	ok	True
chr4	12770684	12770685	-	0.616162	mod_ratio	99	132	T	GGTCC	ok	True
chr4	12770702	12770703	-	0.231481	mod_ratio	108	120	T	GGTTT	ok	True
chr4	12770775	12770776	-	0.936364	mod_ratio	110	121	T	CGTTT	ok	False
chr4	12771331	12771332	-	0.395833	mod_ratio	96	104	T	CGTCC	ok	False
chr4	12771547	12771548	-	0.258427	mod_ratio	89	100	T	TGTCT	ok	True
chr4	12771577	12771578	-	0.451613	mod_ratio	93	100	T	CGTCT	ok	False
chr4	12771594	12771595	-	0.511111	mod_ratio	90	99	T	TGTCT	ok	True
chr4	12771682	12771683	-	0.75	mod_ratio	36	49	T	CGTTT	ok	False
chr4	12771683	12771684	-	0.647059	mod_ratio	34	93	T	GTTTT	ok	False
chr4	12790411	12790412	-	0.489796	mod_ratio	98	110	T	CGTTC	ok	False
chr4	12790507	12790508	-	0.521739	mod_ratio	69	106	T	GGTTT	ok	True
chr4	12790570	12790571	-	0.366667	mod_ratio	90	105	T	GGTTT	ok	True
chr4	12790860	12790861	-	0.365591	mod_ratio	93	100	T	TGTTC	ok	True
chr4	12791301	12791302	-	0.810127	mod_ratio	79	91	T	TGTCC	ok	True
chr4	12791344	12791345	-	0.541176	mod_ratio	85	89	T	GGTCT	ok	True
chr4	12791670	12791671	-	0.733333	mod_ratio	75	80	T	CGTCC	ok	False
chr4	12791681	12791682	-	0.516667	mod_ratio	60	81	T	TGTCC	ok	True
chr4	12793284	12793285	-	0.442857	mod_ratio	70	78	T	TGTCT	ok	True
chr4	12793310	12793311	-	0.5	mod_ratio	66	76	T	CGTCC	ok	False
chr4	12793406	12793407	-	0.898305	mod_ratio	59	71	T	TGTCT	ok	True
chr4	12794210	12794211	-	0.625	mod_ratio	48	56	T	TGTCC	ok	True
chr4	12795134	12795135	-	0.533333	mod_ratio	45	49	T	TGTCT	ok	True
chr4	12820627	12820628	-	0.300699	mod_ratio	143	162	T	AGTCT	ok	True
chr4	12820660	12820661	-	0.785714	mod_ratio	140	164	T	CGTCC	ok	False
chr4	12820696	12820697	-	0.198347	mod_ratio	121	139	T	TGTTT	ok	True
chr4	12820702	12820703	-	0.6	mod_ratio	65	148	T	GTTTT	ok	False
chr4	12821441	12821442	-	0.623188	mod_ratio	69	92	T	TGTCT	ok	True
chr4	12821870	12821871	-	0.311828	mod_ratio	93	99	T	AGTTT	ok	True
chr4	12822020	12822021	-	0.283951	mod_ratio	81	94	T	GGTTC	ok	True
chr4	12822305	12822306	-	0.755556	mod_ratio	45	51	T	TGTTT	ok	True
chr4	12822306	12822307	-	0.709677	mod_ratio	31	83	T	GTTTT	ok	False
chr4	12828615	12828616	+	0.57971	mod_ratio	69	81	A	AAACA	ok	True
chr4	12850699	12850700	-	0.822222	mod_ratio	45	46	T	TGTTT	ok	True
chr4	12850861	12850862	-	0.925	mod_ratio	40	45	T	TGTTT	ok	True
chr4	12866035	12866036	+	0.587302	mod_ratio	63	68	A	AAACA	ok	True
chr4	12866374	12866375	+	0.848485	mod_ratio	66	74	A	AAACA	ok	True
chr4	12866412	12866413	+	0.603175	mod_ratio	63	77	A	GGACA	ok	True
chr4	12870101	12870102	+	0.380282	mod_ratio	71	139	A	AAACC	ok	True
chr4	12870946	12870947	+	0.916667	mod_ratio	36	956	A	AAAAC	ok	False
chr4	12870947	12870948	+	0.408333	mod_ratio	840	955	A	AAACA	ok	True
chr4	12871002	12871003	+	0.427033	mod_ratio	836	984	A	AAACC	ok	True
chr4	12871015	12871016	+	0.622449	mod_ratio	98	955	A	AAACT	ok	True
chr4	12871024	12871025	+	0.21697	mod_ratio	825	976	A	GAACC	ok	True
chr4	12871087	12871088	+	0.706549	mod_ratio	794	974	A	AGACC	ok	True
chr4	12871141	12871142	+	0.765306	mod_ratio	588	897	A	AGACA	ok	True
chr4	12877347	12877348	+	0.425	mod_ratio	280	376	A	AGACT	ok	True
chr4	12877398	12877399	+	0.572674	mod_ratio	344	383	A	AGACG	ok	False
chr4	12877476	12877477	+	0.461059	mod_ratio	321	393	A	GAACC	ok	True
chr4	12877936	12877937	+	0.343066	mod_ratio	411	433	A	AGACT	ok	True
chr4	12878140	12878141	+	0.191304	mod_ratio	115	450	A	AAACT	ok	True
chr4	12878208	12878209	+	0.339869	mod_ratio	153	172	A	AAACT	ok	True
chr4	12878371	12878372	+	0.261194	mod_ratio	134	142	A	GAACT	ok	True
chr4	12878465	12878466	+	0.425926	mod_ratio	270	291	A	AAACT	ok	True
chr4	12878500	12878501	+	0.236842	mod_ratio	228	292	A	AAACT	ok	True
chr4	12878590	12878591	+	0.477124	mod_ratio	153	204	A	AAACA	ok	True
chr4	12884371	12884372	-	0.661538	mod_ratio	65	89	T	TGTCC	ok	True
chr4	12884431	12884432	-	0.490164	mod_ratio	610	1244	T	AGTTT	ok	True
chr4	12884497	12884498	-	0.490178	mod_ratio	2189	2704	T	TGTTT	ok	True
chr4	12884505	12884506	-	0.129146	mod_ratio	1990	2745	T	TGTTC	ok	True
chr4	12884562	12884563	-	0.388757	mod_ratio	2526	2893	T	TGTCC	ok	True
chr4	12884635	12884636	-	0.126412	mod_ratio	2302	2877	T	TGTTC	ok	True
chr4	12884722	12884723	-	0.123466	mod_ratio	2689	2907	T	TGTCT	ok	True
chr4	12884738	12884739	-	0.244898	mod_ratio	245	2859	T	GGTCT	ok	True
chr4	12884745	12884746	-	0.19828	mod_ratio	2093	2735	T	GGTTC	ok	True
chr4	12885126	12885127	-	0.233861	mod_ratio	821	2773	T	GTTTT	ok	False
chr4	12885141	12885142	-	0.132645	mod_ratio	1259	1722	T	AGTTT	ok	True
chr4	12885143	12885144	-	0.4	mod_ratio	105	2768	T	TTTTT	ok	False
chr4	12885366	12885367	-	0.407468	mod_ratio	2437	2673	T	GGTTT	ok	True
chr4	12885394	12885395	-	0.286148	mod_ratio	1978	2564	T	GGTTC	ok	True
chr4	12885578	12885579	-	0.478711	mod_ratio	1738	2458	T	GGTTC	ok	True
chr4	12885604	12885605	-	0.36	mod_ratio	375	2527	T	TGTCC	ok	True
chr4	12885647	12885648	-	0.248179	mod_ratio	2196	2485	T	AGTTT	ok	True
chr4	12886472	12886473	-	0.615	mod_ratio	200	2311	T	AGTTT	ok	True
chr4	12886523	12886524	-	0.352113	mod_ratio	71	198	T	CATTT	ok	False
chr4	12886723	12886724	-	0.220913	mod_ratio	679	1321	T	AGTTT	ok	True
chr4	12898797	12898798	-	0.216814	mod_ratio	226	246	T	AGTTT	ok	True
chr4	12898849	12898850	-	0.776316	mod_ratio	228	254	T	TGTCT	ok	True
chr4	12898949	12898950	-	0.191489	mod_ratio	235	245	T	TGTTC	ok	True
chr4	12898966	12898967	-	0.150235	mod_ratio	213	232	T	TGTTT	ok	True
chr4	12899649	12899650	-	0.417989	mod_ratio	189	222	T	GGTCT	ok	True
chr4	12899755	12899756	-	0.248619	mod_ratio	181	210	T	GGTCC	ok	True
chr4	12899874	12899875	-	0.536313	mod_ratio	179	198	T	GGTTT	ok	True
chr4	12899944	12899945	-	0.175439	mod_ratio	171	191	T	GGTTT	ok	True
chr4	12918652	12918653	+	0.897959	mod_ratio	49	53	A	AGACG	ok	False
chr4	12918886	12918887	+	0.85	mod_ratio	40	55	A	AGACG	ok	False
chr4	12919026	12919027	+	0.607843	mod_ratio	51	54	A	AAACT	ok	True
chr4	12919516	12919517	+	0.490566	mod_ratio	53	56	A	AAACT	ok	True
chr4	12935974	12935975	-	0.690476	mod_ratio	42	47	T	TGTCC	ok	True
chr4	12972811	12972812	+	0.952381	mod_ratio	105	128	A	AGACA	ok	True
chr4	12972951	12972952	+	0.594828	mod_ratio	116	134	A	AAACG	ok	False
chr4	12973272	12973273	+	0.536842	mod_ratio	95	130	A	GGACC	ok	True
chr4	12974120	12974121	+	0.792308	mod_ratio	130	141	A	AGACG	ok	False
chr4	12974145	12974146	+	0.636364	mod_ratio	132	143	A	AGACA	ok	True
chr4	12974567	12974568	+	0.224	mod_ratio	125	150	A	AAACA	ok	True
chr4	12974652	12974653	+	0.357143	mod_ratio	126	146	A	AGACT	ok	True
chr4	12974664	12974665	+	0.811881	mod_ratio	101	139	A	AGACC	ok	True
chr4	13048448	13048449	+	0.72973	mod_ratio	37	40	A	AAACA	ok	True
chr4	13050479	13050480	+	0.68	mod_ratio	50	52	A	AAACC	ok	True
chr4	13053834	13053835	-	0.179688	mod_ratio	128	179	T	AGTTT	ok	True
chr4	13053835	13053836	-	0.24	mod_ratio	100	260	T	GTTTT	ok	False
chr4	13053884	13053885	-	0.28169	mod_ratio	142	175	T	TGTTT	ok	True
chr4	13054603	13054604	-	0.232456	mod_ratio	228	245	T	GGTTC	ok	True
chr4	13054686	13054687	-	0.70936	mod_ratio	203	235	T	GGTTT	ok	True
chr4	13055501	13055502	-	0.542105	mod_ratio	190	211	T	CGTTT	ok	False
chr4	13055542	13055543	-	0.309091	mod_ratio	165	199	T	TGTTT	ok	True
chr4	13055586	13055587	-	0.369048	mod_ratio	84	173	T	TGTCC	ok	True
chr4	13074945	13074946	+	0.438356	mod_ratio	73	83	A	GAACC	ok	True
chr4	13074951	13074952	+	0.478873	mod_ratio	71	83	A	AGACT	ok	True
chr4	13075115	13075116	+	0.487179	mod_ratio	78	88	A	AAACC	ok	True
chr4	13076102	13076103	+	0.333333	mod_ratio	90	102	A	AAACC	ok	True
chr4	13076978	13076979	-	0.917647	mod_ratio	85	92	T	CGTCT	ok	False
chr4	13077006	13077007	-	0.535714	mod_ratio	84	92	T	CGTTC	ok	False
chr4	13077125	13077126	-	0.676056	mod_ratio	71	90	T	TGTCT	ok	True
chr4	13077155	13077156	-	0.701299	mod_ratio	77	89	T	CGTTT	ok	False
chr4	13077167	13077168	-	0.547945	mod_ratio	73	88	T	TGTCC	ok	True
chr4	13078365	13078366	-	1	mod_ratio	55	66	T	TGTCC	ok	True
chr4	13078538	13078539	-	0.689655	mod_ratio	58	63	T	TGTTT	ok	True
chr4	13078881	13078882	-	0.58	mod_ratio	50	62	T	CGTTT	ok	False
chr4	13078892	13078893	-	0.723404	mod_ratio	47	62	T	GGTCC	ok	True
chr4	13080934	13080935	-	0.742857	mod_ratio	35	43	T	AGTTT	ok	True
chr4	13081473	13081474	-	0.625	mod_ratio	40	46	T	CGTCT	ok	False
chr4	13081744	13081745	-	0.657895	mod_ratio	38	42	T	CGTCC	ok	False
chr4	13082035	13082036	-	0.806452	mod_ratio	31	39	T	TGTCT	ok	True
chr4	13082437	13082438	-	0.966667	mod_ratio	30	33	T	TGTTT	ok	True
chr4	13085296	13085297	-	0.73913	mod_ratio	46	56	T	CGTCT	ok	False
chr4	13085390	13085391	-	0.52381	mod_ratio	42	43	T	TGTTT	ok	True
chr4	13085910	13085911	-	0.478261	mod_ratio	46	51	T	TGTTT	ok	True
chr4	13086194	13086195	-	0.590909	mod_ratio	44	48	T	CGTCC	ok	False
chr4	13094078	13094079	-	0.839695	mod_ratio	131	166	T	CGTCT	ok	False
chr4	13094134	13094135	-	0.328671	mod_ratio	143	156	T	TGTTT	ok	True
chr4	13094338	13094339	-	0.869565	mod_ratio	138	161	T	GGTCC	ok	True
chr4	13094375	13094376	-	0.219512	mod_ratio	123	158	T	TGTCT	ok	True
chr4	13095091	13095092	-	0.983871	mod_ratio	124	146	T	CGTTT	ok	False
chr4	13095117	13095118	-	0.301587	mod_ratio	126	150	T	GGTTT	ok	True
chr4	13095648	13095649	-	0.448598	mod_ratio	107	129	T	CGTTT	ok	False
chr4	13095737	13095738	-	0.484211	mod_ratio	95	118	T	CGTTT	ok	False
chr4	13095830	13095831	-	0.854369	mod_ratio	103	113	T	GGTTT	ok	True
chr4	13107366	13107367	-	0.177515	mod_ratio	169	241	T	TGTTC	ok	True
chr4	13107370	13107371	-	0.853846	mod_ratio	130	302	T	CGTTT	ok	False
chr4	13107454	13107455	-	0.415254	mod_ratio	236	323	T	TGTCC	ok	True
chr4	13108753	13108754	-	0.325	mod_ratio	240	277	T	CGTCT	ok	False
chr4	13134535	13134536	+	0.605263	mod_ratio	38	42	A	AGACG	ok	False
chr4	13134683	13134684	+	1	mod_ratio	22	35	A	AAACT	ok	True
chr4	13134759	13134760	+	0.735294	mod_ratio	34	43	A	AAACG	ok	False
chr4	13162631	13162632	+	0.666667	mod_ratio	33	36	A	GGACA	ok	True
chr4	13164148	13164149	+	0.72093	mod_ratio	43	47	A	AAACC	ok	True
chr4	13164567	13164568	+	0.787234	mod_ratio	47	52	A	AGACG	ok	False
chr4	13164720	13164721	+	0.627907	mod_ratio	43	58	A	AGACA	ok	True
chr4	13164767	13164768	+	0.666667	mod_ratio	51	58	A	AGACA	ok	True
chr4	13164786	13164787	+	0.553571	mod_ratio	56	58	A	GAACG	ok	False
chr4	13165045	13165046	+	0.403509	mod_ratio	57	60	A	AAACT	ok	True
chr4	13232888	13232889	+	0.714286	mod_ratio	35	40	A	GGACG	ok	False
chr4	13233440	13233441	+	0.756098	mod_ratio	41	42	A	AAACG	ok	False
chr4	13234034	13234035	+	0.65	mod_ratio	40	42	A	AAACT	ok	True
chr4	13286018	13286019	+	0.283828	mod_ratio	303	339	A	AAACA	ok	True
chr4	13286090	13286091	+	0.218519	mod_ratio	270	350	A	AGACG	ok	False
chr4	13286340	13286341	+	0.47	mod_ratio	100	371	A	GGACA	ok	True
chr4	13286371	13286372	+	0.197059	mod_ratio	340	374	A	GAACA	ok	True
chr4	13286553	13286554	+	0.771523	mod_ratio	302	376	A	AAACT	ok	True
chr4	13286624	13286625	+	0.471698	mod_ratio	53	368	A	GAACA	ok	True
chr4	13286674	13286675	+	0.920904	mod_ratio	177	232	A	AGACA	ok	True
chr4	13308721	13308722	-	0.828571	mod_ratio	35	41	T	CGTCT	ok	False
chr4	13309724	13309725	-	0.90625	mod_ratio	32	34	T	TGTTT	ok	True
chr4	13310026	13310027	-	0.833333	mod_ratio	30	32	T	TGTCT	ok	True
chr4	13311143	13311144	-	0.958333	mod_ratio	24	24	T	TGTCT	ok	True
chr4	13348192	13348193	+	0.6	mod_ratio	60	72	A	AAACA	ok	True
chr4	13348268	13348269	+	0.793651	mod_ratio	63	75	A	AAACG	ok	False
chr4	13348727	13348728	+	0.742857	mod_ratio	70	77	A	AGACA	ok	True
chr4	13348771	13348772	+	0.774648	mod_ratio	71	77	A	GGACC	ok	True
chr4	13348885	13348886	+	0.461538	mod_ratio	52	79	A	GAACA	ok	True
chr4	13348904	13348905	+	0.535714	mod_ratio	56	80	A	AAACC	ok	True
chr4	13348923	13348924	+	0.738095	mod_ratio	42	80	A	AGACA	ok	True
chr4	13389493	13389494	+	0.75	mod_ratio	32	37	A	AGACG	ok	False
chr4	13389949	13389950	+	0.705882	mod_ratio	34	40	A	AAACG	ok	False
chr4	13389984	13389985	+	0.647059	mod_ratio	34	40	A	GGACG	ok	False
chr4	13390105	13390106	+	0.594595	mod_ratio	37	41	A	GGACG	ok	False
chr4	13391890	13391891	+	0.54	mod_ratio	50	243	A	AAACC	ok	True
chr4	13392111	13392112	+	0.316239	mod_ratio	234	258	A	AGACC	ok	True
chr4	13392366	13392367	+	0.313559	mod_ratio	236	271	A	AGACC	ok	True
chr4	13392397	13392398	+	0.590361	mod_ratio	249	275	A	GAACG	ok	False
chr4	13392434	13392435	+	0.276699	mod_ratio	206	277	A	AAACC	ok	True
chr4	13392439	13392440	+	0.295964	mod_ratio	223	267	A	GAACA	ok	True
chr4	13392695	13392696	+	0.5	mod_ratio	266	302	A	GAACG	ok	False
chr4	13392793	13392794	+	0.548043	mod_ratio	281	309	A	AGACA	ok	True
chr4	13392851	13392852	+	0.528986	mod_ratio	276	311	A	GGACG	ok	False
chr4	13393055	13393056	+	0.388646	mod_ratio	229	273	A	AAACT	ok	True
chr4	13404693	13404694	-	0.708333	mod_ratio	48	63	T	GGTCC	ok	True
chr4	13404811	13404812	-	0.457627	mod_ratio	59	64	T	TGTCT	ok	True
chr4	13404816	13404817	-	0.518519	mod_ratio	54	62	T	CGTTT	ok	False
chr4	13406008	13406009	-	0.458333	mod_ratio	48	53	T	TGTTC	ok	True
chr4	13409020	13409021	-	0.826087	mod_ratio	46	52	T	CGTCT	ok	False
chr4	13409473	13409474	-	0.75	mod_ratio	40	46	T	TGTCT	ok	True
chr4	13468702	13468703	+	0.227723	mod_ratio	101	123	A	AGACA	ok	True
chr4	13469670	13469671	+	0.341667	mod_ratio	120	134	A	AAACC	ok	True
chr4	13469684	13469685	+	0.254717	mod_ratio	106	126	A	AAACT	ok	True
chr4	13469746	13469747	+	0.58209	mod_ratio	67	122	A	AAACA	ok	True
chr4	13469788	13469789	+	0.397436	mod_ratio	78	129	A	GAACA	ok	True
chr4	13469796	13469797	+	0.345794	mod_ratio	107	131	A	AAACT	ok	True
chr4	13469817	13469818	+	0.666667	mod_ratio	36	108	A	AAACA	ok	True
chr4	13469846	13469847	+	0.648148	mod_ratio	54	114	A	GAACA	ok	True
chr4	13469906	13469907	+	0.438356	mod_ratio	73	96	A	AAACA	ok	True
chr4	13497448	13497449	+	0.341085	mod_ratio	129	154	A	GGACG	ok	False
chr4	13498562	13498563	+	0.386364	mod_ratio	132	169	A	AAACT	ok	True
chr4	13498593	13498594	+	0.284314	mod_ratio	102	170	A	GAACC	ok	True
chr4	13498633	13498634	+	0.526882	mod_ratio	93	162	A	GGATC	ok	False
chr4	13499290	13499291	-	0.491054	mod_ratio	503	627	T	CGTCC	ok	False
chr4	13499352	13499353	-	0.134146	mod_ratio	246	284	T	AGTTT	ok	True
chr4	13499371	13499372	-	0.126316	mod_ratio	570	618	T	GGTTC	ok	True
chr4	13499606	13499607	-	0.114286	mod_ratio	490	551	T	TGTTT	ok	True
chr4	13499768	13499769	-	0.195833	mod_ratio	240	287	T	TGTTT	ok	True
chr4	13499769	13499770	-	0.253219	mod_ratio	233	521	T	GTTTT	ok	False
chr4	13499789	13499790	-	0.134737	mod_ratio	475	517	T	AGTCT	ok	True
chr4	13500689	13500690	-	0.156695	mod_ratio	351	392	T	GGTTT	ok	True
chr4	13501107	13501108	-	0.238908	mod_ratio	293	364	T	AGTTC	ok	True
chr4	13501375	13501376	-	0.484321	mod_ratio	287	328	T	AGTTT	ok	True
chr4	13501578	13501579	-	0.525	mod_ratio	80	111	T	GGTTT	ok	True
chr4	13501580	13501581	-	0.518519	mod_ratio	162	319	T	TTTTT	ok	False
chr4	13503227	13503228	-	0.423729	mod_ratio	59	89	T	TGTTT	ok	True
chr4	13503276	13503277	-	0.2875	mod_ratio	80	99	T	TGTTT	ok	True
chr4	13503320	13503321	-	0.583333	mod_ratio	96	107	T	GGTCC	ok	True
chr4	13503781	13503782	-	0.402299	mod_ratio	87	101	T	TGTTT	ok	True
chr4	13504234	13504235	-	0.543478	mod_ratio	46	53	T	CGTTT	ok	False
chr4	13504235	13504236	-	0.815789	mod_ratio	38	97	T	GTTTT	ok	False
chr4	13507105	13507106	+	0.851852	mod_ratio	27	29	A	AGACG	ok	False
chr4	13546397	13546398	+	0.821429	mod_ratio	28	29	A	AGACA	ok	True
chr4	13548202	13548203	+	0.565217	mod_ratio	46	51	A	AGACC	ok	True
chr4	13548213	13548214	+	0.521739	mod_ratio	46	50	A	AGACG	ok	False
chr4	13557040	13557041	-	0.878788	mod_ratio	33	43	T	CGTCC	ok	False
chr4	13557102	13557103	-	0.685714	mod_ratio	35	44	T	CGTTT	ok	False
chr4	13572492	13572493	+	0.666667	mod_ratio	54	67	A	AGACG	ok	False
chr4	13572729	13572730	+	0.343284	mod_ratio	67	79	A	GAACA	ok	True
chr4	13572782	13572783	+	0.309859	mod_ratio	71	81	A	GAACA	ok	True
chr4	13572852	13572853	+	0.457143	mod_ratio	70	83	A	AGACC	ok	True
chr4	13572875	13572876	+	0.297297	mod_ratio	74	85	A	AAACT	ok	True
chr4	13572895	13572896	+	0.328571	mod_ratio	70	89	A	AAACC	ok	True
chr4	13573032	13573033	+	0.622222	mod_ratio	45	95	A	AAACA	ok	True
chr4	13593970	13593971	-	0.307018	mod_ratio	114	485	T	AGTTT	ok	True
chr4	13593984	13593985	-	0.669221	mod_ratio	783	1060	T	GGTTT	ok	True
chr4	13594002	13594003	-	0.735695	mod_ratio	734	1113	T	TGTCT	ok	True
chr4	13594034	13594035	-	0.557414	mod_ratio	897	1171	T	AGTTC	ok	True
chr4	13594035	13594036	-	0.576923	mod_ratio	52	1204	T	GTTCC	ok	False
chr4	13594057	13594058	-	0.223602	mod_ratio	322	1223	T	AATCC	ok	False
chr4	13594127	13594128	-	0.24575	mod_ratio	647	861	T	AGTTT	ok	True
chr4	13594294	13594295	-	0.8	mod_ratio	30	1238	T	CGTTA	ok	False
chr4	13594311	13594312	-	0.217666	mod_ratio	951	1149	T	CGTTT	ok	False
chr4	13594861	13594862	-	0.302998	mod_ratio	934	1151	T	TGTTC	ok	True
chr4	13594915	13594916	-	0.380952	mod_ratio	63	1128	T	AGTTC	ok	True
chr4	13595211	13595212	-	0.62605	mod_ratio	714	933	T	GGTCT	ok	True
chr4	13678708	13678709	-	0.935484	mod_ratio	31	42	T	CGTTT	ok	False
chr4	13702215	13702216	+	0.608696	mod_ratio	46	53	A	AAACT	ok	True
chr4	13702269	13702270	+	0.5	mod_ratio	44	54	A	AAACT	ok	True
chr4	13707947	13707948	-	0.756757	mod_ratio	37	41	T	TGTTT	ok	True
chr4	13722787	13722788	+	0.857143	mod_ratio	28	30	A	AGACG	ok	False
chr4	13726577	13726578	+	0.956522	mod_ratio	23	26	A	AAACG	ok	False
chr4	13726831	13726832	+	0.862069	mod_ratio	29	30	A	AAACA	ok	True
chr4	13728211	13728212	-	0.621359	mod_ratio	103	115	T	CGTCT	ok	False
chr4	13728295	13728296	-	0.494118	mod_ratio	85	109	T	CGTTT	ok	False
chr4	13728302	13728303	-	0.306122	mod_ratio	98	108	T	TGTCT	ok	True
chr4	13728325	13728326	-	0.2875	mod_ratio	80	99	T	TGTTT	ok	True
chr4	13728527	13728528	-	0.649351	mod_ratio	77	97	T	TGTCC	ok	True
chr4	13728583	13728584	-	0.333333	mod_ratio	84	96	T	GGTTT	ok	True
chr4	13728605	13728606	-	0.247191	mod_ratio	89	92	T	TGTTT	ok	True
chr4	13728826	13728827	-	0.366667	mod_ratio	60	64	T	TGTTT	ok	True
chr4	13745905	13745906	+	0.714286	mod_ratio	42	50	A	GAACG	ok	False
chr4	13750513	13750514	-	0.565217	mod_ratio	46	136	T	TGTTT	ok	True
chr4	13750523	13750524	-	0.262712	mod_ratio	118	174	T	TGTCT	ok	True
chr4	13750899	13750900	-	0.438849	mod_ratio	139	181	T	AGTTT	ok	True
chr4	13751694	13751695	-	0.352941	mod_ratio	136	147	T	GGTTT	ok	True
chr4	13767043	13767044	-	0.805556	mod_ratio	36	42	T	GGTTT	ok	True
chr4	13767135	13767136	-	0.88	mod_ratio	25	40	T	TGTTT	ok	True
chr4	13782747	13782748	-	0.490196	mod_ratio	51	57	T	GGTTT	ok	True
chr4	13782769	13782770	-	0.815789	mod_ratio	38	41	T	TGTTC	ok	True
chr4	13783982	13783983	-	0.648649	mod_ratio	37	43	T	AGTTT	ok	True
chr4	13821817	13821818	+	0.85	mod_ratio	40	42	A	GGACC	ok	True
chr4	13821927	13821928	+	0.621622	mod_ratio	37	44	A	AAACC	ok	True
chr4	13822220	13822221	+	0.675676	mod_ratio	37	43	A	AAACT	ok	True
chr4	13822663	13822664	+	0.659574	mod_ratio	47	48	A	AGACA	ok	True
chr4	13822841	13822842	+	0.73913	mod_ratio	46	51	A	GGACC	ok	True
chr4	13826429	13826430	-	0.2	mod_ratio	135	149	T	AGTCT	ok	True
chr4	13826557	13826558	-	0.370861	mod_ratio	151	172	T	TGTTT	ok	True
chr4	13826616	13826617	-	0.2	mod_ratio	160	176	T	CGTTC	ok	False
chr4	13826824	13826825	-	0.226277	mod_ratio	137	155	T	AGTTT	ok	True
chr4	13827005	13827006	-	0.448	mod_ratio	125	158	T	TGTCC	ok	True
chr4	13827015	13827016	-	0.286765	mod_ratio	136	161	T	CGTCC	ok	False
chr4	13827031	13827032	-	0.308725	mod_ratio	149	157	T	AGTCT	ok	True
chr4	13827193	13827194	-	0.542169	mod_ratio	83	157	T	GGTCT	ok	True
chr4	13827508	13827509	-	0.233333	mod_ratio	120	135	T	GGTTT	ok	True
chr4	13827517	13827518	-	0.349206	mod_ratio	126	135	T	GGTTT	ok	True
chr4	13827546	13827547	-	0.640449	mod_ratio	89	100	T	CGTTT	ok	False
chr4	13851971	13851972	-	0.793103	mod_ratio	29	36	T	GGTTT	ok	True
chr4	13852094	13852095	-	0.813953	mod_ratio	43	54	T	CGTTT	ok	False
chr4	13853017	13853018	-	0.517241	mod_ratio	58	63	T	TGTCT	ok	True
chr4	13862192	13862193	-	0.821429	mod_ratio	28	39	T	CGTCC	ok	False
chr4	13915915	13915916	-	0.979592	mod_ratio	49	66	T	CGTTT	ok	False
chr4	13915963	13915964	-	0.576271	mod_ratio	59	192	T	TGTCT	ok	True
chr4	13915991	13915992	-	0.176829	mod_ratio	164	189	T	AGTCT	ok	True
chr4	13916025	13916026	-	0.398438	mod_ratio	128	138	T	AGTTT	ok	True
chr4	13916093	13916094	-	0.680723	mod_ratio	166	198	T	GGTCC	ok	True
chr4	13916126	13916127	-	0.650602	mod_ratio	166	194	T	TGTCT	ok	True
chr4	13916374	13916375	-	0.375723	mod_ratio	173	187	T	TGTTT	ok	True
chr4	13916393	13916394	-	0.454545	mod_ratio	165	190	T	CGTCC	ok	False
chr4	13917191	13917192	-	0.907285	mod_ratio	151	166	T	CGTTT	ok	False
chr4	13935652	13935653	-	0.522388	mod_ratio	67	103	T	TGTTT	ok	True
chr4	13935752	13935753	-	0.490566	mod_ratio	106	153	T	TGTTT	ok	True
chr4	13935994	13935995	-	0.551136	mod_ratio	176	198	T	CGTTT	ok	False
chr4	13938221	13938222	-	0.371429	mod_ratio	70	77	T	TGTTC	ok	True
chr4	13943882	13943883	-	0.441558	mod_ratio	77	101	T	TGTCT	ok	True
chr4	13943887	13943888	-	0.55102	mod_ratio	98	129	T	TGTTC	ok	True
chr4	13943978	13943979	-	0.617647	mod_ratio	102	141	T	GGTCT	ok	True
chr4	13944037	13944038	-	0.545455	mod_ratio	132	143	T	TGTTC	ok	True
chr4	13944353	13944354	-	0.93617	mod_ratio	94	138	T	CGTTT	ok	False
chr4	13944358	13944359	-	0.321101	mod_ratio	109	138	T	GGTTT	ok	True
chr4	13944393	13944394	-	0.510204	mod_ratio	49	137	T	GTTTT	ok	False
chr4	13944399	13944400	-	0.210084	mod_ratio	119	132	T	AGTTC	ok	True
chr4	13948777	13948778	-	0.571429	mod_ratio	49	108	T	GTTTT	ok	False
chr4	13949147	13949148	-	0.268817	mod_ratio	93	100	T	AGTTT	ok	True
chr4	13949154	13949155	-	0.810127	mod_ratio	79	100	T	TGTCC	ok	True
chr4	13949508	13949509	-	0.34375	mod_ratio	64	78	T	GGTTT	ok	True
chr4	13949852	13949853	-	0.537313	mod_ratio	67	71	T	GGTTT	ok	True
chr4	13950032	13950033	-	0.581818	mod_ratio	55	61	T	TGTTT	ok	True
chr4	13950308	13950309	-	0.564103	mod_ratio	39	46	T	CGTTC	ok	False
chr4	13951876	13951877	-	0.827586	mod_ratio	29	33	T	TGTTC	ok	True
chr4	13998183	13998184	-	0.931818	mod_ratio	44	132	T	CGTTT	ok	False
chr4	14000119	14000120	-	0.58209	mod_ratio	67	93	T	TGTCC	ok	True
chr4	14001494	14001495	-	0.529412	mod_ratio	51	60	T	GGTTT	ok	True
chr4	14001562	14001563	-	0.46	mod_ratio	50	70	T	TGTCC	ok	True
chr4	14006009	14006010	+	0.793103	mod_ratio	29	33	A	AGACG	ok	False
chr4	14007931	14007932	-	0.481481	mod_ratio	54	64	T	CGTCC	ok	False
chr4	14011890	14011891	-	0.522727	mod_ratio	44	56	T	TGTCT	ok	True
chr4	14012054	14012055	-	0.4375	mod_ratio	64	79	T	CGTCT	ok	False
chr4	14012501	14012502	-	0.360656	mod_ratio	61	73	T	TGTTT	ok	True
chr4	14060068	14060069	+	0.432836	mod_ratio	67	82	A	GAACT	ok	True
chr4	14060130	14060131	+	0.477612	mod_ratio	67	81	A	GAACA	ok	True
chr4	14060146	14060147	+	0.549296	mod_ratio	71	81	A	GAACG	ok	False
chr4	14060284	14060285	+	0.450704	mod_ratio	71	85	A	AAACT	ok	True
chr4	14061210	14061211	+	0.54	mod_ratio	50	80	A	AGACC	ok	True
chr4	14074697	14074698	+	0.628571	mod_ratio	35	41	A	AAACC	ok	True
chr4	14074995	14074996	+	0.756098	mod_ratio	41	43	A	AGACA	ok	True
chr4	14150546	14150547	+	0.291513	mod_ratio	271	308	A	GAACA	ok	True
chr4	14150557	14150558	+	0.283898	mod_ratio	236	307	A	AGACC	ok	True
chr4	14150566	14150567	+	0.60424	mod_ratio	283	313	A	AAACC	ok	True
chr4	14150865	14150866	+	0.632302	mod_ratio	291	349	A	GGACA	ok	True
chr4	14150898	14150899	+	0.677778	mod_ratio	180	347	A	GGACC	ok	True
chr4	14150960	14150961	+	0.443114	mod_ratio	167	345	A	AAACA	ok	True
chr4	14151099	14151100	+	0.84058	mod_ratio	69	93	A	AAACA	ok	True
chr4	14200669	14200670	+	0.333333	mod_ratio	75	79	A	GAACT	ok	True
chr4	14200724	14200725	+	0.349206	mod_ratio	63	76	A	AAACT	ok	True
chr4	14202039	14202040	+	0.647059	mod_ratio	51	58	A	AAACT	ok	True
chr4	14202887	14202888	-	0.600438	mod_ratio	2738	4046	T	GGTTT	ok	True
chr4	14202933	14202934	-	0.311681	mod_ratio	1832	2705	T	AGTTT	ok	True
chr4	14202934	14202935	-	0.229904	mod_ratio	1244	4011	T	GTTTT	ok	False
chr4	14202935	14202936	-	0.540741	mod_ratio	270	4272	T	TTTTT	ok	False
chr4	14202975	14202976	-	0.566929	mod_ratio	127	4275	T	CATCC	ok	False
chr4	14203008	14203009	-	0.618182	mod_ratio	55	4240	T	CGTAA	ok	False
chr4	14203048	14203049	-	0.105583	mod_ratio	3618	4224	T	AGTCT	ok	True
chr4	14203669	14203670	-	0.150112	mod_ratio	3584	4068	T	GGTTT	ok	True
chr4	14203781	14203782	-	0.883176	mod_ratio	2859	3911	T	CGTTT	ok	False
chr4	14203894	14203895	-	0.469388	mod_ratio	49	3101	T	GGTTT	ok	True
chr4	14203895	14203896	-	0.192926	mod_ratio	311	3804	T	GTTTT	ok	False
chr4	14212399	14212400	-	0.914286	mod_ratio	35	42	T	TGTCT	ok	True
chr4	14252229	14252230	+	0.6875	mod_ratio	32	34	A	AAACC	ok	True
chr4	14253969	14253970	+	0.8	mod_ratio	35	46	A	GGACC	ok	True
chr4	14297786	14297787	-	0.583333	mod_ratio	48	53	T	GGTCC	ok	True
chr4	14299995	14299996	-	0.818182	mod_ratio	33	36	T	GGTTT	ok	True
chr4	14300503	14300504	-	0.896552	mod_ratio	29	31	T	TGTCT	ok	True
chr4	14305514	14305515	+	0.781818	mod_ratio	55	68	A	AAACG	ok	False
chr4	14305547	14305548	+	0.45614	mod_ratio	57	67	A	AAACC	ok	True
chr4	14307397	14307398	+	0.438095	mod_ratio	105	124	A	AAACG	ok	False
chr4	14307778	14307779	+	0.590909	mod_ratio	132	154	A	AAACT	ok	True
chr4	14312373	14312374	+	0.78125	mod_ratio	32	45	A	GGACA	ok	True
chr4	14312574	14312575	+	0.854167	mod_ratio	48	53	A	GAACG	ok	False
chr4	14313120	14313121	+	0.710526	mod_ratio	38	58	A	AAACC	ok	True
chr4	14313798	14313799	+	0.359375	mod_ratio	64	68	A	GAACT	ok	True
chr4	14313806	14313807	+	0.369231	mod_ratio	65	68	A	GAACC	ok	True
chr4	14313900	14313901	+	0.509091	mod_ratio	55	69	A	GGACG	ok	False
chr4	14317388	14317389	+	1	mod_ratio	22	25	A	AAACG	ok	False
chr4	14318724	14318725	+	0.648649	mod_ratio	37	45	A	AAACA	ok	True
chr4	14318952	14318953	+	0.446429	mod_ratio	56	61	A	AAACT	ok	True
chr4	14319994	14319995	+	0.818182	mod_ratio	55	66	A	AGACT	ok	True
chr4	14320236	14320237	+	0.377049	mod_ratio	61	76	A	AAACC	ok	True
chr4	14320471	14320472	+	0.320513	mod_ratio	78	88	A	AAACT	ok	True
chr4	14320878	14320879	+	0.439252	mod_ratio	107	123	A	AGACT	ok	True
chr4	14321119	14321120	+	0.338235	mod_ratio	68	147	A	AAACC	ok	True
chr4	14321319	14321320	+	0.95935	mod_ratio	123	154	A	AGACA	ok	True
chr4	14321446	14321447	+	0.306122	mod_ratio	98	138	A	AAACC	ok	True
chr4	14322212	14322213	+	0.742857	mod_ratio	35	45	A	GAACA	ok	True
chr4	14322251	14322252	+	0.6875	mod_ratio	32	44	A	AAACA	ok	True
chr4	14322446	14322447	+	0.510638	mod_ratio	47	49	A	AGACC	ok	True
chr4	14322480	14322481	+	0.510638	mod_ratio	47	50	A	GGACG	ok	False
chr4	14323036	14323037	+	0.566038	mod_ratio	53	56	A	AGACA	ok	True
chr4	14351394	14351395	+	0.888889	mod_ratio	27	29	A	AAACC	ok	True
chr4	14352335	14352336	-	0.78	mod_ratio	50	53	T	GGTTT	ok	True
chr4	14353225	14353226	-	0.71875	mod_ratio	32	39	T	TGTCC	ok	True
chr4	14354697	14354698	-	0.892857	mod_ratio	28	32	T	TGTCT	ok	True
chr4	14380870	14380871	+	0.709091	mod_ratio	55	63	A	GGACA	ok	True
chr4	14381069	14381070	+	0.447761	mod_ratio	67	72	A	AAACT	ok	True
chr4	14381076	14381077	+	0.935484	mod_ratio	62	73	A	AGACA	ok	True
chr4	14381435	14381436	+	0.455882	mod_ratio	68	76	A	AAACG	ok	False
chr4	14381727	14381728	+	0.75	mod_ratio	68	79	A	AAACT	ok	True
chr4	14381975	14381976	+	0.575	mod_ratio	80	84	A	AGACC	ok	True
chr4	14381982	14381983	+	0.36	mod_ratio	75	84	A	GGACG	ok	False
chr4	14382013	14382014	+	0.821918	mod_ratio	73	85	A	AAACA	ok	True
chr4	14382489	14382490	+	0.407895	mod_ratio	76	85	A	GAACA	ok	True
chr4	14403657	14403658	-	0.526316	mod_ratio	57	62	T	GGTTT	ok	True
chr4	14403973	14403974	-	0.509804	mod_ratio	51	55	T	TGTCT	ok	True
chr4	14404602	14404603	-	0.571429	mod_ratio	42	49	T	CGTCC	ok	False
chr4	14406105	14406106	-	0.666667	mod_ratio	33	38	T	TGTCC	ok	True
chr4	14422254	14422255	-	0.85	mod_ratio	40	51	T	CGTCT	ok	False
chr4	14422429	14422430	-	0.897436	mod_ratio	39	45	T	AGTTT	ok	True
chr4	14423098	14423099	-	0.488889	mod_ratio	45	51	T	CGTCC	ok	False
chr4	14424691	14424692	-	0.774194	mod_ratio	31	34	T	GGTCT	ok	True
chr4	14450219	14450220	+	0.172043	mod_ratio	651	794	A	AGACG	ok	False
chr4	14450769	14450770	+	0.548128	mod_ratio	748	803	A	AGACT	ok	True
chr4	14451046	14451047	+	0.128012	mod_ratio	664	841	A	GAACC	ok	True
chr4	14451139	14451140	+	0.39823	mod_ratio	791	855	A	AAACA	ok	True
chr4	14451223	14451224	+	0.222772	mod_ratio	606	845	A	AAACA	ok	True
chr4	14451257	14451258	+	0.136304	mod_ratio	763	841	A	AAACA	ok	True
chr4	14465100	14465101	-	0.433333	mod_ratio	210	264	T	CGTCT	ok	False
chr4	14465727	14465728	-	0.10917	mod_ratio	229	269	T	TGTCT	ok	True
chr4	14468289	14468290	-	0.57	mod_ratio	100	149	T	AGTTT	ok	True
chr4	14468290	14468291	-	0.675926	mod_ratio	108	263	T	GTTTT	ok	False
chr4	14468338	14468339	-	0.521277	mod_ratio	94	223	T	TGTTC	ok	True
chr4	14468451	14468452	-	0.405405	mod_ratio	259	310	T	TGTTT	ok	True
chr4	14469494	14469495	-	0.231293	mod_ratio	147	188	T	TGTTT	ok	True
chr4	14469507	14469508	-	0.202206	mod_ratio	272	301	T	AGTCT	ok	True
chr4	14469516	14469517	-	0.210526	mod_ratio	247	301	T	GGTTC	ok	True
chr4	14469917	14469918	-	0.129278	mod_ratio	263	286	T	TGTTT	ok	True
chr4	14469946	14469947	-	0.708696	mod_ratio	230	279	T	TGTCC	ok	True
chr4	14486097	14486098	-	0.216418	mod_ratio	134	154	T	TGTTC	ok	True
chr4	14486166	14486167	-	0.805556	mod_ratio	108	143	T	CGTTT	ok	False
chr4	14486400	14486401	-	0.221429	mod_ratio	140	163	T	GGTTC	ok	True
chr4	14486431	14486432	-	0.555556	mod_ratio	135	160	T	GGTTT	ok	True
chr4	14487137	14487138	-	0.20155	mod_ratio	129	155	T	GGTTC	ok	True
chr4	14487670	14487671	-	0.247312	mod_ratio	93	105	T	AGTTT	ok	True
chr4	14492711	14492712	+	0.88	mod_ratio	25	30	A	GGACA	ok	True
chr4	14493034	14493035	+	0.821429	mod_ratio	28	32	A	GAACA	ok	True
chr4	14493623	14493624	+	1	mod_ratio	23	34	A	AGACA	ok	True
chr4	14493635	14493636	+	0.6875	mod_ratio	32	34	A	GAACT	ok	True
chr4	14493728	14493729	+	0.733333	mod_ratio	30	34	A	GGACC	ok	True
chr4	14512734	14512735	-	0.75	mod_ratio	32	34	T	GGTTT	ok	True
chr4	14536240	14536241	-	0.428571	mod_ratio	56	64	T	TGTTC	ok	True
chr4	14536251	14536252	-	0.686275	mod_ratio	51	68	T	TGTCT	ok	True
chr4	14536533	14536534	-	0.734694	mod_ratio	49	59	T	TGTCT	ok	True
chr4	14536886	14536887	-	0.916667	mod_ratio	48	58	T	CGTCT	ok	False
chr4	14562868	14562869	-	0.343137	mod_ratio	102	124	T	AGTCT	ok	True
chr4	14562923	14562924	-	0.418033	mod_ratio	122	137	T	TGTCT	ok	True
chr4	14564151	14564152	-	0.575342	mod_ratio	73	119	T	GGTTT	ok	True
chr4	14599384	14599385	-	0.860465	mod_ratio	43	50	T	CGTCT	ok	False
chr4	14627043	14627044	-	0.778706	mod_ratio	479	592	T	CGTTT	ok	False
chr4	14627145	14627146	-	0.370301	mod_ratio	532	626	T	AGTTT	ok	True
chr4	14627156	14627157	-	0.154286	mod_ratio	525	638	T	TGTTT	ok	True
chr4	14627178	14627179	-	0.645946	mod_ratio	370	479	T	TGTTT	ok	True
chr4	14627179	14627180	-	0.81295	mod_ratio	139	632	T	GTTTT	ok	False
chr4	14627184	14627185	-	0.463964	mod_ratio	444	553	T	GGTTT	ok	True
chr4	14627221	14627222	-	0.399606	mod_ratio	508	606	T	TGTTT	ok	True
chr4	14627277	14627278	-	0.926531	mod_ratio	490	611	T	CGTTT	ok	False
chr4	14627461	14627462	-	0.598726	mod_ratio	471	560	T	TGTCT	ok	True
chr4	14627477	14627478	-	0.228261	mod_ratio	460	528	T	TGTTT	ok	True
chr4	14659681	14659682	+	0.933333	mod_ratio	30	35	A	AAACA	ok	True
chr4	14659944	14659945	+	0.69697	mod_ratio	33	38	A	GGACG	ok	False
chr4	14660261	14660262	+	0.648649	mod_ratio	37	41	A	GGACT	ok	True
chr4	14673090	14673091	+	0.604575	mod_ratio	306	384	A	AGACC	ok	True
chr4	14673986	14673987	+	0.470588	mod_ratio	68	378	A	GGATA	ok	False
chr4	14674078	14674079	+	0.46875	mod_ratio	288	313	A	AAACT	ok	True
chr4	14738463	14738464	-	0.792453	mod_ratio	53	73	T	CGTTT	ok	False
chr4	14738518	14738519	-	0.614583	mod_ratio	96	103	T	TGTCT	ok	True
chr4	14738530	14738531	-	0.721649	mod_ratio	97	103	T	GGTTT	ok	True
chr4	14738644	14738645	-	0.292135	mod_ratio	89	103	T	GGTCC	ok	True
chr4	14738726	14738727	-	0.433735	mod_ratio	83	99	T	TGTCT	ok	True
chr4	14738976	14738977	-	0.539683	mod_ratio	63	77	T	AGTTT	ok	True
chr4	14739449	14739450	-	0.930556	mod_ratio	72	81	T	TGTCT	ok	True
chr4	14739554	14739555	-	0.691176	mod_ratio	68	79	T	GGTTT	ok	True
chr4	14740306	14740307	-	0.310811	mod_ratio	74	78	T	CGTCT	ok	False
chr4	14762942	14762943	+	0.684211	mod_ratio	57	62	A	AAACC	ok	True
chr4	14763033	14763034	+	0.392857	mod_ratio	56	67	A	GAACG	ok	False
chr4	14763921	14763922	+	0.482143	mod_ratio	56	70	A	AAACC	ok	True
chr4	14763962	14763963	+	0.45614	mod_ratio	57	70	A	AAACC	ok	True
chr4	14764385	14764386	+	0.354839	mod_ratio	62	84	A	AGACA	ok	True
chr4	14764585	14764586	+	0.661017	mod_ratio	59	71	A	AAACA	ok	True
chr4	14770621	14770622	-	0.240741	mod_ratio	108	163	T	TGTTT	ok	True
chr4	14770685	14770686	-	0.289256	mod_ratio	121	177	T	GGTTT	ok	True
chr4	14770809	14770810	-	0.662162	mod_ratio	148	164	T	TGTTT	ok	True
chr4	14770814	14770815	-	0.485507	mod_ratio	138	166	T	GGTTT	ok	True
chr4	14770842	14770843	-	0.161765	mod_ratio	136	182	T	AGTTT	ok	True
chr4	14770850	14770851	-	0.630872	mod_ratio	149	185	T	TGTCC	ok	True
chr4	14771185	14771186	-	0.794326	mod_ratio	141	164	T	CGTCT	ok	False
chr4	14771253	14771254	-	0.418033	mod_ratio	122	155	T	CGTCC	ok	False
chr4	14771510	14771511	-	0.482456	mod_ratio	114	135	T	CGTTC	ok	False
chr4	14771637	14771638	-	0.594595	mod_ratio	111	130	T	TGTCC	ok	True
chr4	14771749	14771750	-	0.298246	mod_ratio	114	127	T	AGTCT	ok	True
chr4	14772961	14772962	-	0.3875	mod_ratio	80	85	T	TGTCT	ok	True
chr4	14773998	14773999	-	0.777778	mod_ratio	45	59	T	TGTCC	ok	True
chr4	14775988	14775989	-	0.627907	mod_ratio	43	49	T	CGTTT	ok	False
chr4	14787067	14787068	-	0.967742	mod_ratio	31	33	T	TGTCT	ok	True
chr4	14787269	14787270	-	1	mod_ratio	27	31	T	TGTTT	ok	True
chr4	14787324	14787325	-	0.785714	mod_ratio	28	32	T	CGTCT	ok	False
chr4	14800169	14800170	+	0.683333	mod_ratio	60	63	A	GGACC	ok	True
chr4	14800204	14800205	+	0.518519	mod_ratio	54	63	A	GGACA	ok	True
chr4	14800582	14800583	+	0.567164	mod_ratio	67	69	A	AAACT	ok	True
chr4	14803852	14803853	-	0.320755	mod_ratio	106	128	T	GGTTT	ok	True
chr4	14819589	14819590	-	0.333333	mod_ratio	75	86	T	AGTTT	ok	True
chr4	14819594	14819595	-	0.310811	mod_ratio	74	87	T	GGTTT	ok	True
chr4	14819613	14819614	-	0.441558	mod_ratio	77	88	T	TGTTT	ok	True
chr4	14819653	14819654	-	0.537037	mod_ratio	54	61	T	AGTTT	ok	True
chr4	14819691	14819692	-	0.472973	mod_ratio	74	86	T	CGTTC	ok	False
chr4	14819757	14819758	-	0.657143	mod_ratio	35	44	T	AGTTT	ok	True
chr4	14819758	14819759	-	0.647059	mod_ratio	34	80	T	GTTTT	ok	False
chr4	14819913	14819914	-	0.380952	mod_ratio	63	74	T	GGTTC	ok	True
chr4	14820264	14820265	-	0.756757	mod_ratio	37	42	T	TGTTT	ok	True
chr4	14820296	14820297	-	0.926829	mod_ratio	41	65	T	TGTCT	ok	True
chr4	14826060	14826061	-	0.710526	mod_ratio	38	47	T	CGTTT	ok	False
chr4	14826733	14826734	-	0.774194	mod_ratio	31	37	T	TGTTC	ok	True
chr4	14835046	14835047	+	0.666667	mod_ratio	36	40	A	GAACA	ok	True
chr4	14882068	14882069	-	0.323529	mod_ratio	68	92	T	GGTTT	ok	True
chr4	14882261	14882262	-	0.78125	mod_ratio	32	83	T	GTTTT	ok	False
chr4	14882571	14882572	-	0.348485	mod_ratio	66	83	T	CGTCC	ok	False
chr4	14882819	14882820	-	0.880597	mod_ratio	67	75	T	CGTTT	ok	False
chr4	14882878	14882879	-	0.862069	mod_ratio	58	74	T	CGTTT	ok	False
chr4	14883200	14883201	-	0.567164	mod_ratio	67	73	T	GGTTT	ok	True
chr4	14886247	14886248	-	0.460784	mod_ratio	102	112	T	TGTTT	ok	True
chr4	14889627	14889628	-	0.730769	mod_ratio	52	61	T	GGTCC	ok	True
chr4	14894633	14894634	+	0.961538	mod_ratio	26	37	A	AGACA	ok	True
chr4	14900095	14900096	-	0.758621	mod_ratio	29	31	T	TGTTT	ok	True
chr4	14901877	14901878	-	1	mod_ratio	22	27	T	GGTCT	ok	True
chr4	14920647	14920648	+	0.180952	mod_ratio	210	258	A	GGACT	ok	True
chr4	14920728	14920729	+	0.190476	mod_ratio	189	266	A	GGACT	ok	True
chr4	14921523	14921524	+	0.106838	mod_ratio	234	287	A	GAACA	ok	True
chr4	14921546	14921547	+	0.233333	mod_ratio	180	288	A	GGACC	ok	True
chr4	14921558	14921559	+	0.532567	mod_ratio	261	291	A	AAACT	ok	True
chr4	14921566	14921567	+	0.622222	mod_ratio	45	295	A	AGACA	ok	True
chr4	14921656	14921657	+	0.318996	mod_ratio	279	310	A	GGACG	ok	False
chr4	14921679	14921680	+	0.386473	mod_ratio	207	310	A	AAACT	ok	True
chr4	14922327	14922328	+	0.327586	mod_ratio	290	322	A	AAACA	ok	True
chr4	14922435	14922436	+	0.156118	mod_ratio	237	268	A	GAACC	ok	True
chr4	14925798	14925799	+	0.8125	mod_ratio	32	35	A	AGACA	ok	True
chr4	14932376	14932377	-	0.789474	mod_ratio	38	48	T	AGTTT	ok	True
chr4	14932893	14932894	-	0.490566	mod_ratio	53	60	T	CGTTT	ok	False
chr4	14933009	14933010	-	0.66	mod_ratio	50	63	T	GGTCC	ok	True
chr4	14933150	14933151	-	0.589286	mod_ratio	56	60	T	GGTTT	ok	True
chr4	14933174	14933175	-	0.54386	mod_ratio	57	60	T	TGTCT	ok	True
chr4	14933248	14933249	-	0.489796	mod_ratio	49	56	T	AGTTT	ok	True
chr4	14933689	14933690	-	0.543478	mod_ratio	46	52	T	CGTCT	ok	False
chr4	14949485	14949486	-	0.6	mod_ratio	55	64	T	TGTCT	ok	True
chr4	14949744	14949745	-	0.535714	mod_ratio	56	58	T	TGTTC	ok	True
chr4	14983384	14983385	+	0.717391	mod_ratio	46	83	A	GGACA	ok	True
chr4	15002098	15002099	+	0.758621	mod_ratio	29	33	A	AAACA	ok	True
chr4	15046526	15046527	-	0.821429	mod_ratio	28	40	T	TGTCC	ok	True
chr4	15046817	15046818	-	0.9	mod_ratio	40	42	T	TGTTT	ok	True
chr4	15047441	15047442	-	0.727273	mod_ratio	33	35	T	GGTCT	ok	True
chr4	15057062	15057063	-	0.873016	mod_ratio	63	90	T	TGTTC	ok	True
chr4	15057125	15057126	-	0.390845	mod_ratio	284	335	T	AGTTT	ok	True
chr4	15057260	15057261	-	0.23565	mod_ratio	331	372	T	AGTTT	ok	True
chr4	15057419	15057420	-	0.381766	mod_ratio	351	375	T	AGTTC	ok	True
chr4	15057434	15057435	-	0.125	mod_ratio	328	367	T	AGTTT	ok	True
chr4	15057809	15057810	-	0.35	mod_ratio	340	361	T	AGTTC	ok	True
chr4	15057835	15057836	-	0.451807	mod_ratio	332	361	T	CGTTC	ok	False
chr4	15058295	15058296	-	0.603279	mod_ratio	305	333	T	GGTCT	ok	True
chr4	15058484	15058485	-	0.144068	mod_ratio	236	268	T	GGTTT	ok	True
chr4	15058716	15058717	-	0.136719	mod_ratio	256	297	T	AGTTC	ok	True
chr4	15058722	15058723	-	0.101215	mod_ratio	247	301	T	TGTCC	ok	True
chr4	15058990	15058991	-	0.966292	mod_ratio	267	292	T	TGTCT	ok	True
chr4	15059127	15059128	-	0.364754	mod_ratio	244	271	T	AGTTC	ok	True
chr4	15059131	15059132	-	0.412698	mod_ratio	252	279	T	CGTCC	ok	False
chr4	15059714	15059715	-	0.175182	mod_ratio	137	196	T	AGTTT	ok	True
chr4	15059730	15059731	-	0.635036	mod_ratio	137	169	T	TGTCT	ok	True
chr4	15067091	15067092	+	0.952381	mod_ratio	105	120	A	AAACG	ok	False
chr4	15067295	15067296	+	0.555556	mod_ratio	117	126	A	AAACT	ok	True
chr4	15067331	15067332	+	0.432836	mod_ratio	67	126	A	AAACT	ok	True
chr4	15067396	15067397	+	0.336207	mod_ratio	116	128	A	AAACC	ok	True
chr4	15067498	15067499	+	0.435897	mod_ratio	117	130	A	GAACA	ok	True
chr4	15067608	15067609	+	0.841121	mod_ratio	107	132	A	AAACG	ok	False
chr4	15067638	15067639	+	0.605769	mod_ratio	104	130	A	AAACA	ok	True
chr4	15067646	15067647	+	0.363636	mod_ratio	121	129	A	AAACA	ok	True
chr4	15067842	15067843	+	0.621849	mod_ratio	119	142	A	AAACC	ok	True
chr4	15067923	15067924	+	0.542636	mod_ratio	129	145	A	AAACA	ok	True
chr4	15067928	15067929	+	0.854839	mod_ratio	124	145	A	AGACG	ok	False
chr4	15067954	15067955	+	0.213115	mod_ratio	122	146	A	GAACT	ok	True
chr4	15068154	15068155	+	0.747748	mod_ratio	111	153	A	AGACG	ok	False
chr4	15068238	15068239	+	0.204082	mod_ratio	147	158	A	AAACA	ok	True
chr4	15068258	15068259	+	0.308219	mod_ratio	146	159	A	AAACG	ok	False
chr4	15068262	15068263	+	0.164179	mod_ratio	134	159	A	GAACC	ok	True
chr4	15068345	15068346	+	0.89726	mod_ratio	146	167	A	AAACG	ok	False
chr4	15068682	15068683	+	0.741935	mod_ratio	186	243	A	AGACC	ok	True
chr4	15068696	15068697	+	0.213974	mod_ratio	229	245	A	GGACA	ok	True
chr4	15068707	15068708	+	0.362319	mod_ratio	207	237	A	GGACC	ok	True
chr4	15098380	15098381	+	0.621622	mod_ratio	37	53	A	AAACT	ok	True
chr4	15098768	15098769	+	0.48	mod_ratio	50	51	A	AAACT	ok	True
chr4	15099968	15099969	+	0.675	mod_ratio	40	78	A	AAACA	ok	True
chr4	15111819	15111820	-	0.857143	mod_ratio	28	29	T	CGTTT	ok	False
chr4	15122964	15122965	+	0.851852	mod_ratio	27	30	A	AGACC	ok	True
chr4	15153298	15153299	-	0.774194	mod_ratio	31	38	T	AGTCT	ok	True
chr4	15154192	15154193	-	0.939394	mod_ratio	33	36	T	TGTCT	ok	True
chr4	15157968	15157969	+	0.630435	mod_ratio	46	55	A	AAACT	ok	True
chr4	15159117	15159118	+	0.516667	mod_ratio	60	70	A	AGACA	ok	True
chr4	15159306	15159307	+	0.509091	mod_ratio	55	67	A	GAACA	ok	True
chr4	15186110	15186111	+	0.947368	mod_ratio	38	44	A	AAACG	ok	False
chr4	15186942	15186943	+	0.694444	mod_ratio	36	48	A	AAACG	ok	False
chr4	15187409	15187410	+	0.44898	mod_ratio	49	53	A	GAACG	ok	False
chr4	15187749	15187750	+	0.860465	mod_ratio	43	53	A	GGACC	ok	True
chr4	15187872	15187873	+	0.702128	mod_ratio	47	54	A	AGACA	ok	True
chr4	15190209	15190210	+	0.681818	mod_ratio	66	116	A	AAACT	ok	True
chr4	15190278	15190279	+	0.366972	mod_ratio	109	128	A	GAACT	ok	True
chr4	15190828	15190829	+	0.336134	mod_ratio	119	132	A	AAACT	ok	True
chr4	15190882	15190883	+	0.216981	mod_ratio	106	129	A	AAACT	ok	True
chr4	15190894	15190895	+	0.5	mod_ratio	114	133	A	AGACA	ok	True
chr4	15190903	15190904	+	0.294118	mod_ratio	119	133	A	GAACG	ok	False
chr4	15190919	15190920	+	0.333333	mod_ratio	111	132	A	GAACC	ok	True
chr4	15191013	15191014	+	0.32381	mod_ratio	105	125	A	AGACT	ok	True
chr4	15191070	15191071	+	1	mod_ratio	66	126	A	AAACG	ok	False
chr4	15191579	15191580	+	0.626866	mod_ratio	67	74	A	GGACG	ok	False
chr4	15192046	15192047	+	0.315789	mod_ratio	76	88	A	AAACA	ok	True
chr4	15192329	15192330	+	0.25	mod_ratio	88	99	A	GGACT	ok	True
chr4	15192397	15192398	+	0.329268	mod_ratio	82	102	A	GAACA	ok	True
chr4	15192450	15192451	+	0.853333	mod_ratio	75	84	A	AAACT	ok	True
chr4	15192495	15192496	+	0.738095	mod_ratio	84	94	A	AGACG	ok	False
chr4	15192499	15192500	+	0.3375	mod_ratio	80	93	A	GAACT	ok	True
chr4	15205659	15205660	+	0.595745	mod_ratio	47	52	A	AGACA	ok	True
chr4	15206478	15206479	+	0.675676	mod_ratio	37	57	A	AAACA	ok	True
chr4	15207861	15207862	+	0.431034	mod_ratio	58	65	A	GAACC	ok	True
chr4	15208364	15208365	+	0.483871	mod_ratio	62	68	A	AAACC	ok	True
chr4	15208886	15208887	+	0.405797	mod_ratio	69	74	A	AAACC	ok	True
chr4	15209259	15209260	+	0.842105	mod_ratio	76	79	A	AAACG	ok	False
chr4	15209303	15209304	+	0.582278	mod_ratio	79	81	A	GGACA	ok	True
chr4	15209416	15209417	+	0.625	mod_ratio	40	71	A	GGACA	ok	True
chr4	15209451	15209452	+	0.862745	mod_ratio	51	69	A	AGACA	ok	True
chr4	15234040	15234041	+	0.958333	mod_ratio	24	25	A	AAACG	ok	False
chr4	15236985	15236986	+	0.958333	mod_ratio	24	29	A	GGACG	ok	False
chr4	15246272	15246273	-	0.83871	mod_ratio	31	33	T	TGTCT	ok	True
chr4	15266814	15266815	+	0.8	mod_ratio	30	33	A	AAACG	ok	False
chr4	15267703	15267704	+	0.714286	mod_ratio	35	42	A	AGACG	ok	False
chr4	15273656	15273657	-	0.365854	mod_ratio	82	93	T	CGTCC	ok	False
chr4	15273743	15273744	-	0.746835	mod_ratio	79	92	T	CGTCC	ok	False
chr4	15273763	15273764	-	0.704225	mod_ratio	71	87	T	GGTTT	ok	True
chr4	15274062	15274063	-	0.434211	mod_ratio	76	78	T	AGTTT	ok	True
chr4	15274196	15274197	-	0.466667	mod_ratio	60	71	T	CGTCT	ok	False
chr4	15274488	15274489	-	0.44898	mod_ratio	49	54	T	TGTTT	ok	True
chr4	15274516	15274517	-	0.830189	mod_ratio	53	58	T	CGTCT	ok	False
chr4	15274842	15274843	-	0.692308	mod_ratio	39	49	T	GGTCT	ok	True
chr4	15274923	15274924	-	0.809524	mod_ratio	42	50	T	TGTCC	ok	True
chr4	15282356	15282357	+	0.522727	mod_ratio	44	47	A	AAACC	ok	True
chr4	15283543	15283544	+	0.40625	mod_ratio	64	68	A	AGACC	ok	True
chr4	15296015	15296016	+	0.533333	mod_ratio	75	86	A	AAACG	ok	False
chr4	15296030	15296031	+	0.75	mod_ratio	84	92	A	AAACG	ok	False
chr4	15296205	15296206	+	0.719298	mod_ratio	57	74	A	AAACC	ok	True
chr4	15307010	15307011	+	0.707692	mod_ratio	65	69	A	GGACC	ok	True
chr4	15307459	15307460	+	0.681818	mod_ratio	66	73	A	GAACA	ok	True
chr4	15308225	15308226	+	0.885714	mod_ratio	70	80	A	AAACG	ok	False
chr4	15346129	15346130	-	0.42246	mod_ratio	374	495	T	AGTTT	ok	True
chr4	15346139	15346140	-	0.680233	mod_ratio	172	649	T	GGTCT	ok	True
chr4	15346194	15346195	-	0.196755	mod_ratio	493	633	T	TGTCT	ok	True
chr4	15346717	15346718	-	0.69697	mod_ratio	33	705	T	AGTTT	ok	True
chr4	15346817	15346818	-	0.148377	mod_ratio	647	731	T	GGTTC	ok	True
chr4	15346911	15346912	-	0.116129	mod_ratio	620	695	T	AGTTC	ok	True
chr4	15347559	15347560	-	0.284539	mod_ratio	608	645	T	AGTTT	ok	True
chr4	15354785	15354786	-	0.8125	mod_ratio	32	40	T	GGTCT	ok	True
chr4	15375901	15375902	+	0.553191	mod_ratio	47	53	A	AAACA	ok	True
chr4	15375951	15375952	+	0.625	mod_ratio	48	54	A	AAACC	ok	True
chr4	15376625	15376626	+	0.857143	mod_ratio	49	61	A	AAACG	ok	False
chr4	15377022	15377023	+	0.783784	mod_ratio	37	63	A	AGACA	ok	True
chr4	15377037	15377038	+	0.479167	mod_ratio	48	63	A	AAACA	ok	True
chr4	15402228	15402229	+	0.509091	mod_ratio	55	61	A	GAACA	ok	True
chr4	15411024	15411025	+	0.480769	mod_ratio	52	59	A	AAACC	ok	True
chr4	15470137	15470138	+	0.435946	mod_ratio	523	604	A	AGACA	ok	True
chr4	15470142	15470143	+	0.203358	mod_ratio	536	606	A	GAACA	ok	True
chr4	15470348	15470349	+	0.348643	mod_ratio	479	606	A	GAACC	ok	True
chr4	15470466	15470467	+	0.225728	mod_ratio	412	579	A	AGACT	ok	True
chr4	15470951	15470952	-	0.867347	mod_ratio	98	140	T	TGTCT	ok	True
chr4	15470997	15470998	-	0.538462	mod_ratio	78	137	T	GGTTT	ok	True
chr4	15471309	15471310	-	0.358974	mod_ratio	117	130	T	TGTTT	ok	True
chr4	15471407	15471408	-	0.841121	mod_ratio	107	136	T	TGTCT	ok	True
chr4	15472030	15472031	-	0.247423	mod_ratio	97	103	T	TGTTC	ok	True
chr4	15473069	15473070	-	0.441176	mod_ratio	68	79	T	AGTTT	ok	True
chr4	15488134	15488135	+	0.444444	mod_ratio	63	69	A	AAACA	ok	True
chr4	15488437	15488438	+	0.859375	mod_ratio	64	97	A	GGACC	ok	True
chr4	15488760	15488761	+	0.345238	mod_ratio	84	112	A	AGACG	ok	False
chr4	15488787	15488788	+	0.252632	mod_ratio	95	106	A	AAACA	ok	True
chr4	15488919	15488920	+	0.164474	mod_ratio	152	170	A	AGACT	ok	True
chr4	15489055	15489056	+	0.95302	mod_ratio	149	180	A	AGACA	ok	True
chr4	15501917	15501918	+	0.725	mod_ratio	40	46	A	GAACA	ok	True
chr4	15502536	15502537	+	0.836066	mod_ratio	61	68	A	AGACA	ok	True
chr4	15502599	15502600	+	0.323529	mod_ratio	68	72	A	GAACA	ok	True
chr4	15502676	15502677	+	0.358209	mod_ratio	67	74	A	AAACT	ok	True
chr4	15502682	15502683	+	0.540984	mod_ratio	61	68	A	AAACA	ok	True
chr4	15503005	15503006	+	0.907895	mod_ratio	76	79	A	AAACA	ok	True
chr4	15503035	15503036	+	0.65625	mod_ratio	64	77	A	GGACC	ok	True
chr4	15503101	15503102	+	0.881579	mod_ratio	76	84	A	AAACG	ok	False
chr4	15503139	15503140	+	0.88	mod_ratio	75	84	A	AGACA	ok	True
chr4	15503238	15503239	+	0.594203	mod_ratio	69	85	A	GGACG	ok	False
chr4	15503355	15503356	+	0.43038	mod_ratio	79	85	A	AAACT	ok	True
chr4	15526430	15526431	-	0.663158	mod_ratio	95	107	T	GGTCC	ok	True
chr4	15526786	15526787	-	0.459016	mod_ratio	61	85	T	GGTTT	ok	True
chr4	15527443	15527444	-	0.415584	mod_ratio	77	87	T	GGTTT	ok	True
chr4	15527483	15527484	-	0.758621	mod_ratio	58	80	T	CGTTT	ok	False
chr4	15527561	15527562	-	0.702703	mod_ratio	74	85	T	TGTTT	ok	True
chr4	15556544	15556545	-	0.734694	mod_ratio	49	93	T	GGTCT	ok	True
chr4	15557067	15557068	-	0.981818	mod_ratio	55	88	T	CGTTT	ok	False
chr4	15568952	15568953	+	0.391304	mod_ratio	69	87	A	AAACT	ok	True
chr4	15569001	15569002	+	0.298701	mod_ratio	77	86	A	AAACA	ok	True
chr4	15569040	15569041	+	0.352941	mod_ratio	68	87	A	AAACT	ok	True
chr4	15569107	15569108	+	0.625	mod_ratio	48	68	A	AGACA	ok	True
chr4	15573754	15573755	-	0.141935	mod_ratio	155	921	T	AATCC	ok	False
chr4	15573811	15573812	-	0.138277	mod_ratio	499	746	T	AGTTT	ok	True
chr4	15573812	15573813	-	0.398058	mod_ratio	515	1143	T	GTTTT	ok	False
chr4	15573929	15573930	-	0.272045	mod_ratio	1066	1171	T	GGTTT	ok	True
chr4	15574490	15574491	-	0.557878	mod_ratio	622	884	T	AGTTT	ok	True
chr4	15574518	15574519	-	0.29078	mod_ratio	564	925	T	GGTTT	ok	True
chr4	15637580	15637581	+	0.931034	mod_ratio	29	37	A	AAACG	ok	False
chr4	15640713	15640714	-	0.603175	mod_ratio	63	69	T	AGTTC	ok	True
chr4	15640736	15640737	-	0.609375	mod_ratio	64	73	T	AGTCT	ok	True
chr4	15641007	15641008	-	0.732394	mod_ratio	71	78	T	GGTCT	ok	True
chr4	15641139	15641140	-	0.492537	mod_ratio	67	72	T	TGTTC	ok	True
chr4	15643889	15643890	-	0.884615	mod_ratio	26	29	T	CGTCT	ok	False
chr4	15669556	15669557	-	0.349794	mod_ratio	243	327	T	TGTTC	ok	True
chr4	15669688	15669689	-	0.157182	mod_ratio	369	424	T	CGTTC	ok	False
chr4	15670083	15670084	-	0.196629	mod_ratio	356	411	T	TGTCC	ok	True
chr4	15670772	15670773	-	0.545455	mod_ratio	374	403	T	GGTCC	ok	True
chr4	15670829	15670830	-	0.20303	mod_ratio	330	396	T	TGTTC	ok	True
chr4	15676819	15676820	+	0.451613	mod_ratio	62	77	A	GGACA	ok	True
chr4	15676834	15676835	+	0.596774	mod_ratio	62	77	A	AGACA	ok	True
chr4	15676845	15676846	+	0.877193	mod_ratio	57	75	A	AGACA	ok	True
chr4	15677671	15677672	+	0.774194	mod_ratio	93	108	A	AAACT	ok	True
chr4	15677777	15677778	+	0.655914	mod_ratio	93	107	A	AAACA	ok	True
chr4	15677887	15677888	+	0.338028	mod_ratio	71	80	A	AAACA	ok	True
chr4	15690198	15690199	-	0.805556	mod_ratio	36	39	T	TGTCT	ok	True
chr4	15690346	15690347	-	0.727273	mod_ratio	33	37	T	GGTCT	ok	True
chr4	15693174	15693175	-	0.545455	mod_ratio	44	58	T	TGTCT	ok	True
chr4	15693233	15693234	-	0.509434	mod_ratio	53	67	T	AGTTT	ok	True
chr4	15693297	15693298	-	0.764706	mod_ratio	85	100	T	CGTCT	ok	False
chr4	15695025	15695026	-	0.87931	mod_ratio	58	76	T	CGTCT	ok	False
chr4	15722054	15722055	+	0.258824	mod_ratio	85	103	A	GAACT	ok	True
chr4	15788447	15788448	+	0.75	mod_ratio	36	37	A	AAACC	ok	True
chr4	15788872	15788873	+	0.742857	mod_ratio	35	40	A	AGACA	ok	True
chr4	15789205	15789206	+	0.705882	mod_ratio	34	42	A	AGACG	ok	False
chr4	15805148	15805149	+	0.851852	mod_ratio	27	34	A	AAACT	ok	True
chr4	15806489	15806490	+	0.735294	mod_ratio	34	40	A	AAACA	ok	True
chr4	15807032	15807033	+	0.6	mod_ratio	45	46	A	AGACC	ok	True
chr4	15807361	15807362	+	0.488889	mod_ratio	45	49	A	GAACT	ok	True
chr4	15807673	15807674	+	0.692308	mod_ratio	52	54	A	GGACA	ok	True
chr4	15885681	15885682	+	0.666667	mod_ratio	45	52	A	AAACC	ok	True
chr4	15886922	15886923	+	0.714286	mod_ratio	42	47	A	AAACT	ok	True
chr4	15900068	15900069	+	0.365079	mod_ratio	63	70	A	GAACC	ok	True
chr4	15900553	15900554	-	0.489796	mod_ratio	49	58	T	GGTTT	ok	True
chr4	15901063	15901064	-	0.808511	mod_ratio	47	50	T	AGTTC	ok	True
chr4	15926915	15926916	-	0.453608	mod_ratio	97	810	T	TGTCT	ok	True
chr4	15927270	15927271	-	0.299223	mod_ratio	772	806	T	TGTTC	ok	True
chr4	15927345	15927346	-	0.871287	mod_ratio	707	786	T	TGTCT	ok	True
chr4	15927478	15927479	-	0.429379	mod_ratio	708	761	T	AGTTC	ok	True
chr4	15927506	15927507	-	0.508955	mod_ratio	670	758	T	GGTCC	ok	True
chr4	15927522	15927523	-	0.118012	mod_ratio	644	720	T	AGTCC	ok	True
chr4	15927533	15927534	-	0.831699	mod_ratio	612	711	T	CGTTT	ok	False
chr4	15927551	15927552	-	0.284895	mod_ratio	523	739	T	GGTTC	ok	True
chr4	15927691	15927692	-	0.221529	mod_ratio	641	702	T	TGTTC	ok	True
chr4	15927725	15927726	-	0.380306	mod_ratio	589	651	T	TGTTT	ok	True
chr4	15927833	15927834	-	0.432099	mod_ratio	81	542	T	TGTAA	ok	False
chr4	15928521	15928522	-	0.259023	mod_ratio	471	524	T	AGTTC	ok	True
chr4	15928568	15928569	-	0.512987	mod_ratio	462	515	T	GGTTT	ok	True
chr4	15928949	15928950	-	0.452685	mod_ratio	391	464	T	TGTTC	ok	True
chr4	15929024	15929025	-	0.267677	mod_ratio	396	441	T	AGTTT	ok	True
chr4	15929434	15929435	-	0.161202	mod_ratio	366	398	T	AGTTT	ok	True
chr4	15929460	15929461	-	0.545741	mod_ratio	317	354	T	TGTTT	ok	True
chr4	15929703	15929704	-	0.294304	mod_ratio	316	370	T	TGTTC	ok	True
chr4	15929771	15929772	-	0.254072	mod_ratio	307	378	T	GGTCC	ok	True
chr4	15929966	15929967	-	0.391705	mod_ratio	217	293	T	TGTCC	ok	True
chr4	15929970	15929971	-	0.816901	mod_ratio	71	346	T	CCTCC	ok	False
chr4	15930181	15930182	-	0.532308	mod_ratio	325	346	T	GGTTT	ok	True
chr4	15930387	15930388	-	0.126531	mod_ratio	245	313	T	AGTCT	ok	True
chr4	15930405	15930406	-	0.158076	mod_ratio	291	313	T	AGTCT	ok	True
chr4	15930555	15930556	-	0.243243	mod_ratio	259	295	T	GGTCT	ok	True
chr4	15930876	15930877	-	0.285106	mod_ratio	235	261	T	GGTTT	ok	True
chr4	15930884	15930885	-	0.634855	mod_ratio	241	260	T	CGTCT	ok	False
chr4	15930928	15930929	-	0.383333	mod_ratio	240	256	T	GGTTT	ok	True
chr4	15931068	15931069	-	0.425837	mod_ratio	209	233	T	TGTTT	ok	True
chr4	15931087	15931088	-	0.877419	mod_ratio	155	186	T	CGTTT	ok	False
chr4	15931108	15931109	-	0.892019	mod_ratio	213	244	T	CGTTT	ok	False
chr4	15931196	15931197	-	0.395349	mod_ratio	129	138	T	TGTTT	ok	True
chr4	15931197	15931198	-	0.285714	mod_ratio	91	235	T	GTTTT	ok	False
chr4	15931224	15931225	-	0.270833	mod_ratio	96	111	T	AGTTT	ok	True
chr4	15935520	15935521	+	0.644068	mod_ratio	59	65	A	AAACA	ok	True
chr4	15936041	15936042	+	0.629032	mod_ratio	62	69	A	AAACC	ok	True
chr4	15936272	15936273	+	0.491525	mod_ratio	59	71	A	AAACA	ok	True
chr4	15936406	15936407	+	0.80303	mod_ratio	66	79	A	AGACG	ok	False
chr4	15936731	15936732	+	0.421687	mod_ratio	83	90	A	GGACG	ok	False
chr4	15936803	15936804	+	0.297619	mod_ratio	84	92	A	GAACT	ok	True
chr4	15936956	15936957	+	0.797468	mod_ratio	79	95	A	AGACA	ok	True
chr4	15937164	15937165	+	0.47191	mod_ratio	89	101	A	AGACG	ok	False
chr4	15937330	15937331	+	0.413043	mod_ratio	92	112	A	AGACG	ok	False
chr4	15937412	15937413	+	0.443396	mod_ratio	106	116	A	GAACT	ok	True
chr4	15937502	15937503	+	0.538462	mod_ratio	104	120	A	AAACA	ok	True
chr4	15937633	15937634	+	0.5	mod_ratio	90	111	A	AAACT	ok	True
chr4	15965792	15965793	-	0.621622	mod_ratio	37	43	T	AGTTC	ok	True
chr4	15965918	15965919	-	0.52381	mod_ratio	42	43	T	AGTTT	ok	True
chr4	15966684	15966685	-	0.945946	mod_ratio	37	40	T	TGTCT	ok	True
chr4	15967123	15967124	-	0.705882	mod_ratio	34	36	T	TGTTT	ok	True
chr4	15972802	15972803	-	0.278481	mod_ratio	79	89	T	CGTCC	ok	False
chr4	15973106	15973107	-	0.323944	mod_ratio	71	84	T	TGTCT	ok	True
chr4	15973507	15973508	-	0.723404	mod_ratio	47	56	T	CGTTT	ok	False
chr4	15973683	15973684	-	0.926471	mod_ratio	68	72	T	CGTTT	ok	False
chr4	15974390	15974391	-	0.777778	mod_ratio	45	68	T	GGTTT	ok	True
chr4	16038997	16038998	-	0.75	mod_ratio	88	121	T	TGTCT	ok	True
chr4	16039064	16039065	-	0.326531	mod_ratio	98	132	T	GGTTC	ok	True
chr4	16039098	16039099	-	0.242991	mod_ratio	107	134	T	TGTTC	ok	True
chr4	16039231	16039232	-	0.895238	mod_ratio	105	133	T	TGTCT	ok	True
chr4	16066471	16066472	-	0.55	mod_ratio	40	51	T	CGTCC	ok	False
chr4	16066607	16066608	-	0.966667	mod_ratio	30	45	T	CGTTT	ok	False
chr4	16066697	16066698	-	0.775	mod_ratio	40	46	T	GGTTT	ok	True
chr4	16072551	16072552	+	0.590909	mod_ratio	44	48	A	AAACT	ok	True
chr4	16073979	16073980	+	0.627907	mod_ratio	43	51	A	AAACC	ok	True
chr4	16074253	16074254	+	0.857143	mod_ratio	49	53	A	AGACC	ok	True
chr4	16074508	16074509	+	0.75	mod_ratio	52	55	A	AAACA	ok	True
chr4	16074536	16074537	+	0.75	mod_ratio	48	51	A	AGACA	ok	True
chr4	16085587	16085588	+	0.628571	mod_ratio	35	40	A	AAACT	ok	True
chr4	16112950	16112951	-	0.846154	mod_ratio	26	27	T	TGTCT	ok	True
chr4	16116508	16116509	+	0.787879	mod_ratio	33	34	A	AAACG	ok	False
chr4	16117532	16117533	+	0.825	mod_ratio	40	48	A	GGACA	ok	True
chr4	16118364	16118365	+	0.540984	mod_ratio	61	71	A	AAACG	ok	False
chr4	16119803	16119804	+	0.793103	mod_ratio	58	73	A	AGACG	ok	False
chr4	16119869	16119870	+	0.492754	mod_ratio	69	76	A	AGACG	ok	False
chr4	16120836	16120837	+	0.468085	mod_ratio	47	74	A	GAACC	ok	True
chr4	16120841	16120842	+	0.927273	mod_ratio	55	73	A	AGACA	ok	True
chr4	16133716	16133717	+	0.666667	mod_ratio	33	50	A	AAACC	ok	True
chr4	16133721	16133722	+	0.6	mod_ratio	45	50	A	AGACC	ok	True
chr4	16133815	16133816	+	0.604651	mod_ratio	43	51	A	AAACG	ok	False
chr4	16133832	16133833	+	0.852941	mod_ratio	34	51	A	AAACG	ok	False
chr4	16134784	16134785	+	0.44	mod_ratio	50	58	A	GAACT	ok	True
chr4	16135012	16135013	+	0.773585	mod_ratio	53	58	A	AAACG	ok	False
chr4	16140068	16140069	+	0.895522	mod_ratio	67	76	A	AAACA	ok	True
chr4	16140569	16140570	+	0.493333	mod_ratio	75	84	A	AAACC	ok	True
chr4	16141047	16141048	+	0.27907	mod_ratio	86	90	A	AAACC	ok	True
chr4	16141504	16141505	+	0.710145	mod_ratio	69	83	A	GGACT	ok	True
chr4	16157914	16157915	+	0.923077	mod_ratio	26	34	A	AGACG	ok	False
chr4	16158220	16158221	+	0.885714	mod_ratio	35	37	A	AAACG	ok	False
chr4	16159497	16159498	+	0.842105	mod_ratio	38	44	A	AAACG	ok	False
chr4	16159673	16159674	-	0.352381	mod_ratio	105	142	T	AGTTT	ok	True
chr4	16159849	16159850	-	0.669903	mod_ratio	103	145	T	CGTTT	ok	False
chr4	16160147	16160148	-	0.366337	mod_ratio	101	140	T	GGTCT	ok	True
chr4	16160184	16160185	-	0.381356	mod_ratio	118	134	T	AGTTT	ok	True
chr4	16160238	16160239	-	0.418182	mod_ratio	55	75	T	GGTCT	ok	True
chr4	16167666	16167667	-	0.241758	mod_ratio	91	105	T	AGTCC	ok	True
chr4	16169227	16169228	+	0.215017	mod_ratio	293	336	A	AAACA	ok	True
chr4	16169258	16169259	+	0.170492	mod_ratio	305	345	A	GAACC	ok	True
chr4	16169299	16169300	+	0.225	mod_ratio	280	341	A	AAACT	ok	True
chr4	16169455	16169456	+	0.342561	mod_ratio	289	353	A	GGACA	ok	True
chr4	16171939	16171940	-	0.638095	mod_ratio	105	124	T	GGTCC	ok	True
chr4	16172015	16172016	-	0.316832	mod_ratio	101	118	T	GGTTC	ok	True
chr4	16172321	16172322	-	0.259615	mod_ratio	104	113	T	AGTCT	ok	True
chr4	16172342	16172343	-	0.814433	mod_ratio	97	113	T	CGTCT	ok	False
chr4	16172697	16172698	-	0.694118	mod_ratio	85	100	T	TGTCC	ok	True
chr4	16174073	16174074	-	0.333333	mod_ratio	69	83	T	AGTTT	ok	True
chr4	16174083	16174084	-	0.423529	mod_ratio	85	87	T	TGTTT	ok	True
chr4	16174105	16174106	-	0.481481	mod_ratio	81	86	T	GGTCT	ok	True
chr4	16174278	16174279	-	0.916667	mod_ratio	48	74	T	CGTTT	ok	False
chr4	16202310	16202311	-	0.605263	mod_ratio	38	43	T	AGTTC	ok	True
chr4	16203326	16203327	-	0.657895	mod_ratio	38	41	T	GGTTT	ok	True
chr4	16233309	16233310	-	0.568	mod_ratio	625	851	T	AGTTC	ok	True
chr4	16233335	16233336	-	0.265734	mod_ratio	715	1027	T	AGTTC	ok	True
chr4	16233347	16233348	-	0.665653	mod_ratio	658	942	T	AGTTT	ok	True
chr4	16233544	16233545	-	0.378531	mod_ratio	177	1031	T	TGTCT	ok	True
chr4	16296708	16296709	+	0.886364	mod_ratio	44	48	A	AGACA	ok	True
chr4	16296831	16296832	+	0.638298	mod_ratio	47	50	A	AAACA	ok	True
chr4	16297128	16297129	+	0.45283	mod_ratio	53	55	A	AAACA	ok	True
chr4	16298119	16298120	+	0.6	mod_ratio	45	56	A	AAACA	ok	True
chr4	16310819	16310820	+	0.140787	mod_ratio	483	537	A	AAACA	ok	True
chr4	16311067	16311068	+	0.25641	mod_ratio	117	593	A	AGACA	ok	True
chr4	16311126	16311127	+	0.122762	mod_ratio	391	606	A	AAACA	ok	True
chr4	16311137	16311138	+	0.439791	mod_ratio	573	605	A	GAACA	ok	True
chr4	16311176	16311177	+	0.506667	mod_ratio	450	606	A	AAACA	ok	True
chr4	16311686	16311687	+	0.158249	mod_ratio	594	657	A	GAACC	ok	True
chr4	16311694	16311695	+	0.483254	mod_ratio	627	661	A	GAACA	ok	True
chr4	16311869	16311870	+	0.191564	mod_ratio	569	664	A	AGACT	ok	True
chr4	16312065	16312066	+	0.180103	mod_ratio	583	675	A	GGACC	ok	True
chr4	16312125	16312126	+	0.222222	mod_ratio	594	676	A	GAACA	ok	True
chr4	16328120	16328121	-	0.540984	mod_ratio	61	65	T	GGTTT	ok	True
chr4	16328603	16328604	-	0.603448	mod_ratio	58	72	T	CGTCC	ok	False
chr4	16329522	16329523	-	0.94	mod_ratio	50	58	T	TGTCT	ok	True
chr4	16336552	16336553	+	0.44186	mod_ratio	86	100	A	AAACG	ok	False
chr4	16336996	16336997	+	0.302752	mod_ratio	109	118	A	AGACG	ok	False
chr4	16337545	16337546	+	0.697248	mod_ratio	109	127	A	GGACG	ok	False
chr4	16337699	16337700	+	0.204918	mod_ratio	122	136	A	AAACT	ok	True
chr4	16337704	16337705	+	0.346154	mod_ratio	130	135	A	GAACG	ok	False
chr4	16337767	16337768	+	0.473684	mod_ratio	133	137	A	AGACT	ok	True
chr4	16337784	16337785	+	0.557377	mod_ratio	122	142	A	AAACG	ok	False
chr4	16338065	16338066	+	0.149068	mod_ratio	161	169	A	GAACA	ok	True
chr4	16338106	16338107	+	0.192053	mod_ratio	151	167	A	AAACT	ok	True
chr4	16338305	16338306	+	0.475904	mod_ratio	166	177	A	GAACA	ok	True
chr4	16338883	16338884	+	0.339623	mod_ratio	159	185	A	GGACA	ok	True
chr4	16339207	16339208	+	0.301136	mod_ratio	176	204	A	AGACC	ok	True
chr4	16339758	16339759	+	0.233577	mod_ratio	137	225	A	GGACC	ok	True
chr4	16339763	16339764	+	0.125	mod_ratio	200	227	A	AGACT	ok	True
chr4	16339881	16339882	+	0.263682	mod_ratio	201	222	A	GAACC	ok	True
chr4	16339982	16339983	+	0.452174	mod_ratio	115	217	A	GGATT	ok	False
chr4	16340016	16340017	+	0.557692	mod_ratio	104	190	A	AAACC	ok	True
chr4	16340030	16340031	+	0.707692	mod_ratio	65	151	A	AAACC	ok	True
chr4	16341550	16341551	+	0.891089	mod_ratio	101	113	A	AGACA	ok	True
chr4	16341741	16341742	+	0.604167	mod_ratio	96	109	A	GGACA	ok	True
chr4	16341969	16341970	+	0.322917	mod_ratio	96	111	A	GGACT	ok	True
chr4	16342265	16342266	+	0.237624	mod_ratio	101	112	A	AAACT	ok	True
chr4	16342441	16342442	+	0.346154	mod_ratio	104	120	A	AAACT	ok	True
chr4	16342454	16342455	+	0.326733	mod_ratio	101	122	A	AGACA	ok	True
chr4	16342868	16342869	+	0.9	mod_ratio	100	124	A	AAACG	ok	False
chr4	16343046	16343047	+	0.226804	mod_ratio	97	114	A	AGACT	ok	True
chr4	16343053	16343054	+	0.512195	mod_ratio	82	114	A	GAACT	ok	True
chr4	16356615	16356616	+	0.489796	mod_ratio	49	62	A	GGACC	ok	True
chr4	16356930	16356931	+	0.568966	mod_ratio	58	67	A	GGACA	ok	True
chr4	16369851	16369852	-	0.72973	mod_ratio	37	44	T	AGTCT	ok	True
chr4	16369915	16369916	-	0.557692	mod_ratio	52	73	T	CGTTT	ok	False
chr4	16370011	16370012	-	0.771429	mod_ratio	70	79	T	AGTTT	ok	True
chr4	16370554	16370555	-	0.619048	mod_ratio	63	70	T	AGTTT	ok	True
chr4	16371134	16371135	-	0.75	mod_ratio	52	62	T	AGTTT	ok	True
chr4	16372609	16372610	-	0.337662	mod_ratio	231	330	T	AGTTT	ok	True
chr4	16372610	16372611	-	0.252252	mod_ratio	111	459	T	GTTTT	ok	False
chr4	16372825	16372826	-	0.129956	mod_ratio	454	491	T	AGTCC	ok	True
chr4	16373330	16373331	-	0.527536	mod_ratio	345	457	T	GGTTT	ok	True
chr4	16374694	16374695	-	0.583333	mod_ratio	48	54	T	GGTTT	ok	True
chr4	16375472	16375473	-	0.973684	mod_ratio	38	39	T	CGTTT	ok	False
chr4	16387529	16387530	-	0.711538	mod_ratio	52	56	T	TGTTT	ok	True
chr4	16388150	16388151	-	0.64	mod_ratio	50	57	T	TGTTC	ok	True
chr4	16391177	16391178	+	0.508772	mod_ratio	57	64	A	AAACC	ok	True
chr4	16391239	16391240	+	0.741379	mod_ratio	58	64	A	GGACA	ok	True
chr4	16391280	16391281	+	0.440678	mod_ratio	59	63	A	AAACA	ok	True
chr4	16391308	16391309	+	0.64	mod_ratio	50	65	A	GGACA	ok	True
chr4	16391851	16391852	+	0.553191	mod_ratio	47	75	A	AAACG	ok	False
chr4	16392136	16392137	+	0.592105	mod_ratio	76	80	A	GGACC	ok	True
chr4	16392264	16392265	+	0.630769	mod_ratio	65	80	A	GGACG	ok	False
chr4	16392468	16392469	+	0.757143	mod_ratio	70	86	A	AGACG	ok	False
chr4	16392514	16392515	+	0.8125	mod_ratio	48	85	A	GGACG	ok	False
chr4	16392583	16392584	+	0.507246	mod_ratio	69	81	A	AAACA	ok	True
chr4	16392625	16392626	+	0.365854	mod_ratio	82	87	A	AGACT	ok	True
chr4	16392653	16392654	+	0.474576	mod_ratio	59	83	A	GAACT	ok	True
chr4	16392701	16392702	+	0.469697	mod_ratio	66	75	A	AAACT	ok	True
chr4	16392716	16392717	+	0.625	mod_ratio	56	68	A	AAACT	ok	True
chr4	16403569	16403570	+	0.394737	mod_ratio	114	143	A	AAACT	ok	True
chr4	16411163	16411164	+	0.709677	mod_ratio	62	69	A	AAACG	ok	False
chr4	16412015	16412016	+	0.435484	mod_ratio	62	67	A	AAACA	ok	True
chr4	16428707	16428708	-	0.853383	mod_ratio	532	580	T	CGTTT	ok	False
chr4	16429023	16429024	-	0.715931	mod_ratio	521	586	T	GGTCC	ok	True
chr4	16429032	16429033	-	0.171026	mod_ratio	497	582	T	CGTTT	ok	False
chr4	16429168	16429169	-	0.344468	mod_ratio	479	558	T	CGTCT	ok	False
chr4	16429347	16429348	-	0.497065	mod_ratio	511	541	T	TGTCT	ok	True
chr4	16429468	16429469	-	0.165939	mod_ratio	458	531	T	TGTTT	ok	True
chr4	16429489	16429490	-	0.350305	mod_ratio	491	527	T	TGTTT	ok	True
chr4	16429916	16429917	-	0.333333	mod_ratio	456	482	T	TGTTC	ok	True
chr4	16430435	16430436	-	0.453333	mod_ratio	375	430	T	AGTTT	ok	True
chr4	16430477	16430478	-	0.263736	mod_ratio	91	434	T	GTTTT	ok	False
chr4	16431046	16431047	-	0.198529	mod_ratio	272	346	T	AGTTC	ok	True
chr4	16472310	16472311	+	0.9	mod_ratio	30	30	A	AGACG	ok	False
chr4	16472960	16472961	+	0.766667	mod_ratio	30	37	A	AGACA	ok	True
chr4	16475921	16475922	+	0.641509	mod_ratio	53	58	A	AAACT	ok	True
chr4	16476796	16476797	+	0.310811	mod_ratio	74	87	A	AAACC	ok	True
chr4	16476847	16476848	+	0.659091	mod_ratio	44	85	A	AAACC	ok	True
chr4	16477904	16477905	-	0.821429	mod_ratio	28	31	T	CGTCT	ok	False
chr4	16478572	16478573	-	0.92	mod_ratio	25	28	T	TGTCT	ok	True
chr4	16484924	16484925	-	0.763158	mod_ratio	38	41	T	TGTCT	ok	True
chr4	16485773	16485774	-	0.939394	mod_ratio	33	33	T	TGTTT	ok	True
chr4	16529915	16529916	+	0.472727	mod_ratio	55	67	A	AAACC	ok	True
chr4	16529930	16529931	+	0.481481	mod_ratio	54	67	A	AGACC	ok	True
chr4	16534920	16534921	-	0.27156	mod_ratio	1090	1450	T	AGTCT	ok	True
chr4	16534966	16534967	-	0.218938	mod_ratio	1827	2197	T	AGTCT	ok	True
chr4	16535010	16535011	-	0.170075	mod_ratio	2005	2270	T	AGTCT	ok	True
chr4	16535087	16535088	-	0.215428	mod_ratio	2126	2316	T	AGTTC	ok	True
chr4	16536003	16536004	-	0.143567	mod_ratio	1811	2183	T	CGTCC	ok	False
chr4	16537710	16537711	-	0.557377	mod_ratio	61	74	T	TGTTT	ok	True
chr4	16539478	16539479	+	0.44898	mod_ratio	49	50	A	GAACT	ok	True
chr4	16540797	16540798	+	0.366667	mod_ratio	60	60	A	GAACA	ok	True
chr4	16540847	16540848	+	0.555556	mod_ratio	63	65	A	AAACT	ok	True
chr4	16541292	16541293	+	0.571429	mod_ratio	63	65	A	AAACA	ok	True
chr4	16541494	16541495	+	0.84127	mod_ratio	63	67	A	AAACA	ok	True
chr4	16541853	16541854	+	0.953488	mod_ratio	43	51	A	AAACG	ok	False
chr4	16549056	16549057	+	0.212996	mod_ratio	277	308	A	GAACA	ok	True
chr4	16549360	16549361	+	0.540146	mod_ratio	274	301	A	AAACA	ok	True
chr4	16549629	16549630	+	0.520408	mod_ratio	98	342	A	AAACC	ok	True
chr4	16549636	16549637	+	0.151613	mod_ratio	310	348	A	AGACG	ok	False
chr4	16550183	16550184	+	0.920354	mod_ratio	339	377	A	AGACA	ok	True
chr4	16550268	16550269	+	0.154639	mod_ratio	291	380	A	GAACC	ok	True
chr4	16550306	16550307	+	0.689266	mod_ratio	177	305	A	GGACT	ok	True
chr4	16550321	16550322	+	0.423077	mod_ratio	130	374	A	GGATG	ok	False
chr4	16557963	16557964	+	0.584112	mod_ratio	214	239	A	AAACT	ok	True
chr4	16558203	16558204	+	0.283105	mod_ratio	219	248	A	AAACC	ok	True
chr4	16558365	16558366	+	0.516129	mod_ratio	217	249	A	AAACC	ok	True
chr4	16558579	16558580	+	0.706977	mod_ratio	215	252	A	AAACT	ok	True
chr4	16558598	16558599	+	0.372197	mod_ratio	223	253	A	AAACT	ok	True
chr4	16558608	16558609	+	0.292398	mod_ratio	171	242	A	GGACC	ok	True
chr4	16558646	16558647	+	0.703448	mod_ratio	145	239	A	AGACA	ok	True
chr4	16558686	16558687	+	0.571429	mod_ratio	182	219	A	AAACA	ok	True
chr4	16560553	16560554	-	0.418848	mod_ratio	191	207	T	GGTCT	ok	True
chr4	16560774	16560775	-	0.311111	mod_ratio	135	183	T	TGTCC	ok	True
chr4	16561125	16561126	-	0.613636	mod_ratio	44	146	T	GGTCT	ok	True
chr4	16561232	16561233	-	0.408696	mod_ratio	115	136	T	GGTTT	ok	True
chr4	16561316	16561317	-	0.398374	mod_ratio	123	132	T	TGTTT	ok	True
chr4	16562826	16562827	-	0.315068	mod_ratio	73	77	T	TGTTT	ok	True
chr4	16568087	16568088	-	0.383117	mod_ratio	154	220	T	GGTTT	ok	True
chr4	16568205	16568206	-	0.105263	mod_ratio	266	305	T	AGTCT	ok	True
chr4	16568213	16568214	-	0.363636	mod_ratio	264	295	T	GGTTT	ok	True
chr4	16568673	16568674	-	0.404545	mod_ratio	220	252	T	GGTCT	ok	True
chr4	16568717	16568718	-	0.258883	mod_ratio	197	241	T	GGTTC	ok	True
chr4	16569140	16569141	-	0.862245	mod_ratio	196	220	T	TGTTT	ok	True
chr4	16569173	16569174	-	0.287356	mod_ratio	87	233	T	GTTTT	ok	False
chr4	16569765	16569766	-	0.5625	mod_ratio	48	68	T	TGTCC	ok	True
chr4	16570136	16570137	-	0.62963	mod_ratio	54	64	T	TGTCC	ok	True
chr4	16582757	16582758	-	0.75	mod_ratio	32	41	T	TGTTT	ok	True
chr4	16599893	16599894	-	0.5	mod_ratio	44	47	T	AGTTC	ok	True
chr4	16600200	16600201	-	0.903226	mod_ratio	31	44	T	TGTCC	ok	True
chr4	16601173	16601174	-	0.774194	mod_ratio	31	35	T	TGTTT	ok	True
chr4	16601288	16601289	-	0.925926	mod_ratio	27	38	T	TGTCT	ok	True
chr4	16603179	16603180	-	0.956522	mod_ratio	23	29	T	CGTCT	ok	False
chr4	16614457	16614458	+	0.162382	mod_ratio	739	901	A	GAACC	ok	True
chr4	16614503	16614504	+	0.434893	mod_ratio	791	922	A	GGACG	ok	False
chr4	16614541	16614542	+	0.252959	mod_ratio	676	864	A	AAACA	ok	True
chr4	16614543	16614544	+	0.75	mod_ratio	116	912	A	ACACG	ok	False
chr4	16614682	16614683	+	0.182232	mod_ratio	878	966	A	GAACG	ok	False
chr4	16614687	16614688	+	0.117268	mod_ratio	776	967	A	GAACC	ok	True
chr4	16614724	16614725	+	0.344111	mod_ratio	866	979	A	GGACG	ok	False
chr4	16614825	16614826	+	0.325641	mod_ratio	780	1029	A	AGACG	ok	False
chr4	16614860	16614861	+	0.484375	mod_ratio	832	1043	A	GGACA	ok	True
chr4	16614880	16614881	+	0.456818	mod_ratio	880	1055	A	GGACG	ok	False
chr4	16614990	16614991	+	0.341942	mod_ratio	968	1059	A	AGACT	ok	True
chr4	16615103	16615104	+	0.107317	mod_ratio	820	1021	A	AAACC	ok	True
chr4	16617705	16617706	+	0.666667	mod_ratio	51	78	A	GGACG	ok	False
chr4	16618436	16618437	+	0.829787	mod_ratio	47	76	A	AGACA	ok	True
chr4	16635905	16635906	+	0.754098	mod_ratio	61	66	A	AAACT	ok	True
chr4	16635916	16635917	+	0.595745	mod_ratio	47	68	A	AAACA	ok	True
chr4	16636190	16636191	+	0.55814	mod_ratio	43	48	A	GGACA	ok	True
chr4	16636366	16636367	+	0.391892	mod_ratio	74	80	A	GAACT	ok	True
chr4	16636413	16636414	+	0.58209	mod_ratio	67	80	A	GGACG	ok	False
chr4	16636535	16636536	+	0.310811	mod_ratio	74	81	A	AAACC	ok	True
chr4	16636568	16636569	+	0.315068	mod_ratio	73	81	A	AGACT	ok	True
chr4	16636713	16636714	+	0.506173	mod_ratio	81	87	A	GAACG	ok	False
chr4	16636742	16636743	+	0.447368	mod_ratio	76	87	A	GAACC	ok	True
chr4	16636869	16636870	+	0.597015	mod_ratio	67	74	A	AAACA	ok	True
chr4	16664904	16664905	-	0.661765	mod_ratio	136	167	T	AGTTT	ok	True
chr4	16664950	16664951	-	0.486486	mod_ratio	148	163	T	AGTTT	ok	True
chr4	16664988	16664989	-	0.252525	mod_ratio	99	149	T	TGTTT	ok	True
chr4	16665130	16665131	-	0.36646	mod_ratio	161	198	T	AGTTT	ok	True
chr4	16665156	16665157	-	0.133721	mod_ratio	172	201	T	AGTTT	ok	True
chr4	16665178	16665179	-	0.333333	mod_ratio	165	194	T	AGTCT	ok	True
chr4	16665649	16665650	-	0.504	mod_ratio	125	187	T	AGTTT	ok	True
chr4	16665682	16665683	-	0.417219	mod_ratio	151	183	T	AGTTC	ok	True
chr4	16665867	16665868	-	0.611465	mod_ratio	157	183	T	GGTCC	ok	True
chr4	16666038	16666039	-	0.164179	mod_ratio	134	159	T	AGTCC	ok	True
chr4	16666193	16666194	-	0.20915	mod_ratio	153	172	T	TGTTT	ok	True
chr4	16667211	16667212	-	0.210145	mod_ratio	138	162	T	CGTTC	ok	False
chr4	16667260	16667261	-	0.326389	mod_ratio	144	160	T	GGTTC	ok	True
chr4	16667553	16667554	-	0.982301	mod_ratio	113	147	T	CGTTT	ok	False
chr4	16681979	16681980	+	0.846154	mod_ratio	26	30	A	AAACT	ok	True
chr4	16700784	16700785	-	0.211361	mod_ratio	1514	1838	T	GGTTC	ok	True
chr4	16700934	16700935	-	0.703044	mod_ratio	1347	1587	T	CGTTT	ok	False
chr4	16700935	16700936	-	0.942308	mod_ratio	260	1886	T	GTTTT	ok	False
chr4	16700948	16700949	-	0.809613	mod_ratio	1602	1871	T	GGTCT	ok	True
chr4	16700955	16700956	-	0.546926	mod_ratio	1545	1854	T	CGTTC	ok	False
chr4	16700978	16700979	-	0.752628	mod_ratio	1617	1851	T	TGTCC	ok	True
chr4	16701641	16701642	-	0.384918	mod_ratio	1273	1481	T	CGTCC	ok	False
chr4	16701725	16701726	-	0.531915	mod_ratio	987	1404	T	AGTTT	ok	True
chr4	16701730	16701731	-	0.623924	mod_ratio	1162	1428	T	GGTCC	ok	True
chr4	16701742	16701743	-	0.118644	mod_ratio	1239	1354	T	TGTCT	ok	True
chr4	16701744	16701745	-	0.508772	mod_ratio	57	1411	T	TCTCT	ok	False
chr4	16701774	16701775	-	0.446429	mod_ratio	1232	1387	T	GGTTT	ok	True
chr4	16701875	16701876	-	0.214106	mod_ratio	1191	1315	T	TGTTC	ok	True
chr4	16701889	16701890	-	0.866667	mod_ratio	1080	1317	T	CGTCC	ok	False
chr4	16702013	16702014	-	0.647887	mod_ratio	142	1230	T	AGTTT	ok	True
chr4	16702065	16702066	-	0.192593	mod_ratio	810	1184	T	GGTTC	ok	True
chr4	16702250	16702251	-	0.208456	mod_ratio	1017	1101	T	TGTTC	ok	True
chr4	16702319	16702320	-	0.159645	mod_ratio	902	1071	T	GGTTC	ok	True
chr4	16702526	16702527	-	0.140749	mod_ratio	881	932	T	GGTCT	ok	True
chr4	16702528	16702529	-	0.673913	mod_ratio	92	1023	T	TCTCT	ok	False
chr4	16702708	16702709	-	0.199288	mod_ratio	281	965	T	CGTTC	ok	False
chr4	16702850	16702851	-	0.80938	mod_ratio	661	937	T	GGTCC	ok	True
chr4	16702875	16702876	-	0.41314	mod_ratio	898	937	T	TGTTC	ok	True
chr4	16703217	16703218	-	0.357644	mod_ratio	713	793	T	GGTTT	ok	True
chr4	16708717	16708718	+	0.267116	mod_ratio	891	983	A	AGACT	ok	True
chr4	16709186	16709187	+	0.275591	mod_ratio	254	1076	A	AAACT	ok	True
chr4	16709246	16709247	+	0.186335	mod_ratio	805	1124	A	GAACT	ok	True
chr4	16709273	16709274	+	0.103512	mod_ratio	1082	1138	A	GAACT	ok	True
chr4	16709310	16709311	+	0.533333	mod_ratio	45	1138	A	TGACC	ok	True
chr4	16709673	16709674	+	0.255597	mod_ratio	1072	1217	A	GAACT	ok	True
chr4	16709988	16709989	+	0.189974	mod_ratio	1137	1272	A	AAACA	ok	True
chr4	16771209	16771210	-	0.5	mod_ratio	76	99	T	GGTTT	ok	True
chr4	16771353	16771354	-	0.912281	mod_ratio	114	160	T	AGTTT	ok	True
chr4	16771413	16771414	-	0.5	mod_ratio	186	216	T	TGTCT	ok	True
chr4	16771448	16771449	-	0.383333	mod_ratio	180	212	T	AGTTT	ok	True
chr4	16771935	16771936	-	0.141104	mod_ratio	163	196	T	TGTCC	ok	True
chr4	16772121	16772122	-	0.185629	mod_ratio	167	184	T	TGTCC	ok	True
chr4	16772362	16772363	-	0.50625	mod_ratio	160	171	T	GGTTT	ok	True
chr4	16772697	16772698	-	0.826389	mod_ratio	144	174	T	CGTCT	ok	False
chr4	16772719	16772720	-	0.316176	mod_ratio	136	173	T	CGTCC	ok	False
chr4	16772930	16772931	-	0.2	mod_ratio	150	170	T	GGTCT	ok	True
chr4	16773001	16773002	-	0.210884	mod_ratio	147	166	T	AGTTC	ok	True
chr4	16774497	16774498	-	0.8125	mod_ratio	48	56	T	AGTCT	ok	True
chr4	16774600	16774601	-	0.8	mod_ratio	40	51	T	TGTTT	ok	True
chr4	16776166	16776167	-	0.758621	mod_ratio	29	32	T	GGTTT	ok	True
chr4	16797533	16797534	-	0.884615	mod_ratio	26	31	T	CGTTT	ok	False
chr4	16797554	16797555	-	0.758621	mod_ratio	29	30	T	TGTCC	ok	True
chr4	16811683	16811684	+	0.638889	mod_ratio	36	40	A	GAACA	ok	True
chr4	16840001	16840002	+	0.411017	mod_ratio	236	271	A	AAACC	ok	True
chr4	16840386	16840387	+	0.773585	mod_ratio	265	294	A	AGACA	ok	True
chr4	16840400	16840401	+	0.217899	mod_ratio	257	297	A	AAACT	ok	True
chr4	16840561	16840562	+	0.828179	mod_ratio	291	319	A	AAACA	ok	True
chr4	16840569	16840570	+	0.20339	mod_ratio	295	314	A	GAACA	ok	True
chr4	16840617	16840618	+	0.589226	mod_ratio	297	325	A	AAACC	ok	True
chr4	16840831	16840832	+	0.300676	mod_ratio	296	344	A	AGACT	ok	True
chr4	16840894	16840895	+	0.370229	mod_ratio	262	345	A	AAACT	ok	True
chr4	16841479	16841480	+	0.225146	mod_ratio	342	370	A	AAACA	ok	True
chr4	16841676	16841677	+	0.786787	mod_ratio	333	381	A	AGACG	ok	False
chr4	16841828	16841829	+	0.246964	mod_ratio	247	383	A	GAACC	ok	True
chr4	16856252	16856253	+	0.443396	mod_ratio	106	124	A	AGACA	ok	True
chr4	16876452	16876453	-	0.961538	mod_ratio	26	28	T	TGTCT	ok	True
chr4	16887994	16887995	-	0.574074	mod_ratio	54	61	T	GGTTT	ok	True
chr4	16888007	16888008	-	0.59322	mod_ratio	59	61	T	TGTTT	ok	True
chr4	16888168	16888169	-	0.944444	mod_ratio	54	58	T	CGTTT	ok	False
chr4	16904266	16904267	+	0.744186	mod_ratio	43	44	A	AAACC	ok	True
chr4	16940814	16940815	-	0.392473	mod_ratio	186	219	T	GGTTT	ok	True
chr4	16940849	16940850	-	0.253012	mod_ratio	166	194	T	AGTTT	ok	True
chr4	16941286	16941287	-	0.168919	mod_ratio	148	188	T	TGTCT	ok	True
chr4	16941593	16941594	-	0.751634	mod_ratio	153	176	T	CGTTT	ok	False
chr4	16941647	16941648	-	0.257485	mod_ratio	167	180	T	TGTTC	ok	True
chr4	16941676	16941677	-	0.253425	mod_ratio	146	180	T	CGTTT	ok	False
chr4	16941703	16941704	-	0.336134	mod_ratio	119	141	T	TGTTT	ok	True
chr4	16942749	16942750	-	0.888889	mod_ratio	45	52	T	GGTCT	ok	True
chr4	16944268	16944269	-	0.862069	mod_ratio	29	38	T	TGTCT	ok	True
chr4	16945208	16945209	+	0.298969	mod_ratio	97	114	A	AAACT	ok	True
chr4	16945214	16945215	+	0.510638	mod_ratio	94	109	A	AAACT	ok	True
chr4	16945447	16945448	+	0.347826	mod_ratio	115	130	A	AGACG	ok	False
chr4	16945463	16945464	+	0.452174	mod_ratio	115	130	A	GGACA	ok	True
chr4	16945631	16945632	+	0.663636	mod_ratio	110	135	A	AGACA	ok	True
chr4	16945953	16945954	+	0.550459	mod_ratio	109	134	A	GGACA	ok	True
chr4	16972822	16972823	-	0.45614	mod_ratio	57	72	T	TGTTT	ok	True
chr4	16972912	16972913	-	0.336634	mod_ratio	101	126	T	AGTTT	ok	True
chr4	16973012	16973013	-	0.262136	mod_ratio	103	129	T	TGTTT	ok	True
chr4	16973225	16973226	-	0.32	mod_ratio	125	126	T	TGTTT	ok	True
chr4	16973248	16973249	-	0.300885	mod_ratio	113	130	T	TGTCC	ok	True
chr4	16973254	16973255	-	0.720721	mod_ratio	111	129	T	GGTTT	ok	True
chr4	16973273	16973274	-	0.224138	mod_ratio	116	127	T	TGTTT	ok	True
chr4	16973319	16973320	-	0.444444	mod_ratio	117	122	T	GGTCT	ok	True
chr4	16973580	16973581	-	0.642857	mod_ratio	70	117	T	CGTCC	ok	False
chr4	16973587	16973588	-	0.237113	mod_ratio	97	117	T	CGTTC	ok	False
chr4	16973989	16973990	-	0.913978	mod_ratio	93	107	T	TGTTT	ok	True
chr4	16974017	16974018	-	0.266667	mod_ratio	105	113	T	TGTTT	ok	True
chr4	16974119	16974120	-	0.509804	mod_ratio	102	111	T	CGTTC	ok	False
chr4	16974147	16974148	-	0.341463	mod_ratio	82	107	T	TGTCC	ok	True
chr4	16974303	16974304	-	0.881579	mod_ratio	76	95	T	GGTCC	ok	True
chr4	16974539	16974540	-	0.25	mod_ratio	88	93	T	TGTCC	ok	True
chr4	16974573	16974574	-	0.301075	mod_ratio	93	94	T	AGTTC	ok	True
chr4	16974588	16974589	-	0.788235	mod_ratio	85	94	T	TGTCT	ok	True
chr4	16974700	16974701	-	0.482353	mod_ratio	85	88	T	AGTTC	ok	True
chr4	16974773	16974774	-	0.666667	mod_ratio	63	84	T	CGTCC	ok	False
chr4	16975371	16975372	-	0.580645	mod_ratio	62	76	T	TGTCT	ok	True
chr4	16975706	16975707	-	0.641509	mod_ratio	53	72	T	TGTCC	ok	True
chr4	16975910	16975911	-	0.877193	mod_ratio	57	67	T	TGTCT	ok	True
chr4	16976804	16976805	-	0.978723	mod_ratio	47	54	T	TGTCT	ok	True
chr4	16977577	16977578	-	0.658537	mod_ratio	41	47	T	AGTTT	ok	True
chr4	16977702	16977703	-	0.511111	mod_ratio	45	50	T	CGTTC	ok	False
chr4	16986242	16986243	+	0.8125	mod_ratio	32	38	A	AGACC	ok	True
chr4	16986953	16986954	-	0.878788	mod_ratio	33	44	T	CGTTT	ok	False
chr4	16987065	16987066	-	0.723404	mod_ratio	47	50	T	AGTTT	ok	True
chr4	16988543	16988544	-	0.767442	mod_ratio	43	49	T	TGTCC	ok	True
chr4	16988569	16988570	-	0.916667	mod_ratio	36	50	T	CGTCC	ok	False
chr4	17008053	17008054	-	1	mod_ratio	22	26	T	TGTTT	ok	True
chr4	17013367	17013368	-	0.774194	mod_ratio	31	32	T	CGTTC	ok	False
chr4	17023925	17023926	-	0.8125	mod_ratio	32	41	T	CGTTT	ok	False
chr4	17024877	17024878	-	0.642857	mod_ratio	42	54	T	AGTTT	ok	True
chr4	17025456	17025457	-	0.722222	mod_ratio	36	40	T	GGTTT	ok	True
chr4	17049610	17049611	-	0.315789	mod_ratio	95	117	T	CGTCC	ok	False
chr4	17049677	17049678	-	0.366337	mod_ratio	101	117	T	CGTTC	ok	False
chr4	17049737	17049738	-	0.494949	mod_ratio	99	117	T	CGTCC	ok	False
chr4	17049818	17049819	-	0.461538	mod_ratio	78	113	T	CGTTT	ok	False
chr4	17050235	17050236	-	0.875	mod_ratio	48	87	T	CGTTT	ok	False
chr4	17097770	17097771	+	0.192118	mod_ratio	203	239	A	GGACG	ok	False
chr4	17097962	17097963	+	0.285024	mod_ratio	207	245	A	GAACA	ok	True
chr4	17098459	17098460	+	0.326531	mod_ratio	245	272	A	AAACT	ok	True
chr4	17098709	17098710	+	0.627803	mod_ratio	223	274	A	AAACC	ok	True
chr4	17098722	17098723	+	0.607477	mod_ratio	214	256	A	AAACC	ok	True
chr4	17127504	17127505	+	0.666667	mod_ratio	36	39	A	AAACA	ok	True
chr4	17127816	17127817	+	0.589744	mod_ratio	39	45	A	AAACA	ok	True
chr4	17128305	17128306	+	0.645833	mod_ratio	48	54	A	GAACT	ok	True
chr4	17128615	17128616	+	0.44	mod_ratio	50	54	A	AAACT	ok	True
chr4	17129329	17129330	+	0.811321	mod_ratio	53	63	A	AAACA	ok	True
chr4	17129347	17129348	+	0.482143	mod_ratio	56	63	A	GAACG	ok	False
chr4	17129851	17129852	+	0.727273	mod_ratio	33	61	A	AAACC	ok	True
chr4	17129892	17129893	+	0.433962	mod_ratio	53	60	A	GAACT	ok	True
chr4	17129906	17129907	+	0.923077	mod_ratio	26	57	A	GGACC	ok	True
chr4	17133485	17133486	+	0.961538	mod_ratio	26	27	A	AGACA	ok	True
chr4	17137457	17137458	-	0.722222	mod_ratio	54	116	T	GTTTT	ok	False
chr4	17137682	17137683	-	0.644231	mod_ratio	104	116	T	GGTTT	ok	True
chr4	17137841	17137842	-	0.363636	mod_ratio	99	110	T	GGTTC	ok	True
chr4	17137859	17137860	-	0.822917	mod_ratio	96	108	T	GGTCT	ok	True
chr4	17137879	17137880	-	0.43038	mod_ratio	79	104	T	AGTCC	ok	True
chr4	17137898	17137899	-	0.708861	mod_ratio	79	105	T	CGTCC	ok	False
chr4	17138017	17138018	-	0.478261	mod_ratio	92	96	T	GGTTT	ok	True
chr4	17138117	17138118	-	0.608696	mod_ratio	69	83	T	CGTTT	ok	False
chr4	17138202	17138203	-	0.439024	mod_ratio	82	88	T	CGTCC	ok	False
chr4	17138582	17138583	-	0.606557	mod_ratio	61	85	T	AGTTT	ok	True
chr4	17138608	17138609	-	0.95122	mod_ratio	82	89	T	TGTCT	ok	True
chr4	17138697	17138698	-	0.5625	mod_ratio	64	73	T	CGTTT	ok	False
chr4	17138751	17138752	-	0.917808	mod_ratio	73	82	T	CGTCT	ok	False
chr4	17138886	17138887	-	0.605634	mod_ratio	71	74	T	CGTCT	ok	False
chr4	17139317	17139318	-	0.877193	mod_ratio	57	62	T	TGTCT	ok	True
chr4	17151500	17151501	+	0.658537	mod_ratio	41	45	A	GGACG	ok	False
chr4	17151729	17151730	+	0.785714	mod_ratio	42	48	A	AGACA	ok	True
chr4	17151817	17151818	+	0.642857	mod_ratio	42	50	A	GGACA	ok	True
chr4	17152597	17152598	+	0.8	mod_ratio	60	64	A	GGACC	ok	True
chr4	17153295	17153296	+	0.382353	mod_ratio	68	74	A	GAACA	ok	True
chr4	17153418	17153419	+	0.397059	mod_ratio	68	76	A	AAACA	ok	True
chr4	17176458	17176459	-	0.690476	mod_ratio	42	49	T	GGTTT	ok	True
chr4	17176724	17176725	-	0.575	mod_ratio	40	64	T	TGTTC	ok	True
chr4	17176797	17176798	-	0.578947	mod_ratio	38	49	T	TGTTT	ok	True
chr4	17176899	17176900	-	0.698113	mod_ratio	53	65	T	CGTTT	ok	False
chr4	17177209	17177210	-	0.581818	mod_ratio	55	60	T	GGTCT	ok	True
chr4	17177449	17177450	-	0.44898	mod_ratio	49	55	T	GGTTT	ok	True
chr4	17177457	17177458	-	0.44	mod_ratio	50	55	T	TGTTC	ok	True
chr4	17177502	17177503	-	0.5	mod_ratio	48	55	T	TGTCC	ok	True
chr4	17177564	17177565	-	0.5	mod_ratio	46	50	T	TGTCC	ok	True
chr4	17178129	17178130	-	0.642857	mod_ratio	42	44	T	AGTTC	ok	True
chr4	17180750	17180751	-	0.88	mod_ratio	25	25	T	CGTCT	ok	False
chr4	17194674	17194675	-	0.575	mod_ratio	40	50	T	GGTTT	ok	True
chr4	17194993	17194994	-	0.94	mod_ratio	50	58	T	TGTCT	ok	True
chr4	17195010	17195011	-	0.454545	mod_ratio	55	58	T	TGTTT	ok	True
chr4	17195114	17195115	-	0.791667	mod_ratio	48	52	T	TGTTT	ok	True
chr4	17195627	17195628	-	0.648649	mod_ratio	37	46	T	GGTCC	ok	True
chr4	17240255	17240256	-	0.287234	mod_ratio	94	104	T	AGTTC	ok	True
chr4	17240821	17240822	-	0.57377	mod_ratio	61	96	T	TGTCC	ok	True
chr4	17240831	17240832	-	0.244681	mod_ratio	94	96	T	AGTTC	ok	True
chr4	17241045	17241046	-	0.915493	mod_ratio	71	91	T	TGTCC	ok	True
chr4	17241371	17241372	-	0.597015	mod_ratio	67	84	T	GGTTT	ok	True
chr4	17241733	17241734	-	0.820896	mod_ratio	67	80	T	TGTCC	ok	True
chr4	17244080	17244081	+	0.921053	mod_ratio	38	44	A	AGACA	ok	True
chr4	17244122	17244123	+	0.928571	mod_ratio	42	45	A	AAACA	ok	True
chr4	17244214	17244215	+	0.666667	mod_ratio	39	48	A	AGACG	ok	False
chr4	17244549	17244550	+	0.902439	mod_ratio	41	59	A	AAACA	ok	True
chr4	17244755	17244756	+	0.37931	mod_ratio	58	61	A	AGACC	ok	True
chr4	17281686	17281687	-	0.714286	mod_ratio	35	36	T	CGTTC	ok	False
chr4	17281836	17281837	-	0.970588	mod_ratio	34	41	T	GGTTT	ok	True
chr4	17294722	17294723	-	0.868421	mod_ratio	38	39	T	TGTCT	ok	True
chr4	17295046	17295047	-	0.787879	mod_ratio	33	36	T	CGTCT	ok	False
chr4	17295935	17295936	-	0.892857	mod_ratio	28	31	T	TGTCT	ok	True
chr4	17296152	17296153	-	0.96	mod_ratio	25	30	T	TGTCC	ok	True
chr4	17341191	17341192	-	0.222222	mod_ratio	135	161	T	GGTTT	ok	True
chr4	17341196	17341197	-	0.261538	mod_ratio	130	160	T	GGTTC	ok	True
chr4	17341259	17341260	-	0.241611	mod_ratio	149	162	T	GGTCT	ok	True
chr4	17341301	17341302	-	0.496241	mod_ratio	133	163	T	GGTCT	ok	True
chr4	17341348	17341349	-	0.172414	mod_ratio	145	162	T	GGTTC	ok	True
chr4	17341526	17341527	-	0.246479	mod_ratio	142	155	T	TGTTC	ok	True
chr4	17341860	17341861	-	0.443548	mod_ratio	124	144	T	GGTTT	ok	True
chr4	17342150	17342151	-	0.261905	mod_ratio	126	136	T	TGTTT	ok	True
chr4	17343646	17343647	+	0.833333	mod_ratio	60	79	A	AAACG	ok	False
chr4	17343721	17343722	+	0.315068	mod_ratio	73	83	A	GAACC	ok	True
chr4	17343868	17343869	+	0.849315	mod_ratio	73	89	A	AGACC	ok	True
chr4	17344178	17344179	+	0.261364	mod_ratio	88	98	A	GAACA	ok	True
chr4	17344236	17344237	+	0.774194	mod_ratio	93	100	A	AAACG	ok	False
chr4	17344280	17344281	+	0.457143	mod_ratio	70	102	A	AAACG	ok	False
chr4	17344618	17344619	+	0.340909	mod_ratio	88	117	A	AGACA	ok	True
chr4	17344623	17344624	+	0.323232	mod_ratio	99	117	A	GAACT	ok	True
chr4	17344687	17344688	+	0.821782	mod_ratio	101	118	A	GGACA	ok	True
chr4	17353334	17353335	-	0.506024	mod_ratio	83	98	T	GGTTT	ok	True
chr4	17353335	17353336	-	0.547619	mod_ratio	42	146	T	GTTTT	ok	False
chr4	17353428	17353429	-	0.242424	mod_ratio	99	141	T	AGTTT	ok	True
chr4	17353675	17353676	-	0.246377	mod_ratio	138	158	T	GGTTT	ok	True
chr4	17353680	17353681	-	0.544218	mod_ratio	147	161	T	GGTTT	ok	True
chr4	17353690	17353691	-	0.5	mod_ratio	148	159	T	TGTCC	ok	True
chr4	17353703	17353704	-	0.385185	mod_ratio	135	156	T	TGTTC	ok	True
chr4	17354067	17354068	-	0.372727	mod_ratio	110	129	T	TGTCC	ok	True
chr4	17354185	17354186	-	0.810811	mod_ratio	111	116	T	CGTTT	ok	False
chr4	17354273	17354274	-	0.284404	mod_ratio	109	114	T	CGTTC	ok	False
chr4	17354378	17354379	-	0.902174	mod_ratio	92	106	T	TGTCT	ok	True
chr4	17354407	17354408	-	0.402597	mod_ratio	77	89	T	GGTTT	ok	True
chr4	17354440	17354441	-	0.910112	mod_ratio	89	100	T	TGTCT	ok	True
chr4	17354451	17354452	-	0.516129	mod_ratio	93	101	T	CGTCC	ok	False
chr4	17354971	17354972	-	0.785714	mod_ratio	84	90	T	GGTTT	ok	True
chr4	17355138	17355139	-	0.383562	mod_ratio	73	83	T	AGTCT	ok	True
chr4	17355472	17355473	-	0.412698	mod_ratio	63	72	T	GGTTC	ok	True
chr4	17355733	17355734	-	0.808824	mod_ratio	68	73	T	CGTTT	ok	False
chr4	17440451	17440452	+	0.520833	mod_ratio	48	52	A	AAACC	ok	True
chr4	17440456	17440457	+	0.862745	mod_ratio	51	52	A	AAACG	ok	False
chr4	17440762	17440763	+	0.529412	mod_ratio	51	52	A	GAACG	ok	False
chr4	17440773	17440774	+	0.489362	mod_ratio	47	52	A	GAACA	ok	True
chr4	17441342	17441343	+	0.863636	mod_ratio	44	49	A	AAACG	ok	False
chr4	17441435	17441436	+	0.860465	mod_ratio	43	54	A	AGACC	ok	True
chr4	17441477	17441478	+	0.625	mod_ratio	56	57	A	AAACC	ok	True
chr4	17441778	17441779	+	0.509434	mod_ratio	53	62	A	AAACT	ok	True
chr4	17443229	17443230	+	0.631579	mod_ratio	38	42	A	AAACT	ok	True
chr4	17443250	17443251	+	0.625	mod_ratio	40	46	A	AAACT	ok	True
chr4	17443263	17443264	+	0.594595	mod_ratio	37	46	A	GAACT	ok	True
chr4	17455701	17455702	+	0.716981	mod_ratio	53	66	A	AGACC	ok	True
chr4	17456894	17456895	+	0.311688	mod_ratio	77	86	A	GAACA	ok	True
chr4	17456907	17456908	+	0.470588	mod_ratio	68	87	A	GGACG	ok	False
chr4	17456926	17456927	+	0.315789	mod_ratio	76	84	A	AAACC	ok	True
chr4	17456940	17456941	+	0.412698	mod_ratio	63	87	A	GAACC	ok	True
chr4	17456966	17456967	+	0.4125	mod_ratio	80	87	A	AAACC	ok	True
chr4	17457122	17457123	+	0.642857	mod_ratio	70	87	A	AAACC	ok	True
chr4	17478385	17478386	+	0.909091	mod_ratio	33	37	A	AAACG	ok	False
chr4	17504835	17504836	+	0.969697	mod_ratio	33	37	A	AAACG	ok	False
chr4	17506043	17506044	+	0.479167	mod_ratio	48	51	A	GGACG	ok	False
chr4	17509698	17509699	-	0.641026	mod_ratio	78	95	T	AGTTC	ok	True
chr4	17509898	17509899	-	0.890625	mod_ratio	64	103	T	TGTCC	ok	True
chr4	17509970	17509971	-	0.945055	mod_ratio	91	101	T	TGTCT	ok	True
chr4	17510974	17510975	-	0.32	mod_ratio	75	84	T	AGTTT	ok	True
chr4	17511077	17511078	-	0.459459	mod_ratio	74	85	T	TGTTT	ok	True
chr4	17511139	17511140	-	0.626866	mod_ratio	67	80	T	TGTTT	ok	True
chr4	17511204	17511205	-	0.378788	mod_ratio	66	72	T	GGTTT	ok	True
chr4	17554851	17554852	+	0.217949	mod_ratio	156	188	A	GAACA	ok	True
chr4	17554908	17554909	+	0.959064	mod_ratio	171	192	A	AAACG	ok	False
chr4	17555020	17555021	+	0.316384	mod_ratio	177	192	A	AAACT	ok	True
chr4	17555421	17555422	+	0.168421	mod_ratio	190	211	A	GAACG	ok	False
chr4	17555473	17555474	+	0.228571	mod_ratio	175	211	A	AAACC	ok	True
chr4	17555478	17555479	+	0.447059	mod_ratio	170	210	A	AAACC	ok	True
chr4	17555498	17555499	+	0.140625	mod_ratio	192	212	A	GAACT	ok	True
chr4	17556712	17556713	-	0.961538	mod_ratio	26	28	T	TGTCT	ok	True
chr4	17562700	17562701	-	0.666667	mod_ratio	33	38	T	GGTTT	ok	True
chr4	17562801	17562802	-	0.75	mod_ratio	32	38	T	GGTTT	ok	True
chr4	17563024	17563025	-	0.9	mod_ratio	30	35	T	GGTCT	ok	True
chr4	17563299	17563300	-	0.833333	mod_ratio	30	33	T	AGTTT	ok	True
chr4	17563483	17563484	-	0.733333	mod_ratio	30	31	T	AGTTT	ok	True
chr4	17590990	17590991	+	0.508475	mod_ratio	59	63	A	AAACC	ok	True
chr4	17591121	17591122	+	0.810345	mod_ratio	58	67	A	AAACG	ok	False
chr4	17591139	17591140	+	0.9375	mod_ratio	48	66	A	AAACC	ok	True
chr4	17591263	17591264	+	0.555556	mod_ratio	54	69	A	AAACG	ok	False
chr4	17591676	17591677	+	0.771429	mod_ratio	70	79	A	GGACG	ok	False
chr4	17592217	17592218	+	0.507937	mod_ratio	63	81	A	GAACC	ok	True
chr4	17592235	17592236	+	0.64	mod_ratio	75	83	A	GGACA	ok	True
chr4	17592269	17592270	+	0.653333	mod_ratio	75	86	A	GGACA	ok	True
chr4	17592274	17592275	+	0.452055	mod_ratio	73	84	A	AGACC	ok	True
chr4	17592295	17592296	+	0.670886	mod_ratio	79	85	A	AGACA	ok	True
chr4	17592322	17592323	+	0.635135	mod_ratio	74	92	A	AAACG	ok	False
chr4	17592477	17592478	+	0.465116	mod_ratio	86	103	A	GGACC	ok	True
chr4	17592735	17592736	+	0.280374	mod_ratio	107	115	A	AGACT	ok	True
chr4	17617013	17617014	-	0.857143	mod_ratio	70	80	T	CGTTT	ok	False
chr4	17617260	17617261	-	0.671233	mod_ratio	73	86	T	TGTCT	ok	True
chr4	17617438	17617439	-	0.757143	mod_ratio	70	81	T	GGTTT	ok	True
chr4	17618277	17618278	-	0.354839	mod_ratio	62	73	T	GGTCC	ok	True
chr4	17626282	17626283	-	0.318841	mod_ratio	69	73	T	TGTTC	ok	True
chr4	17626535	17626536	-	0.839286	mod_ratio	56	72	T	CGTCC	ok	False
chr4	17626558	17626559	-	0.363636	mod_ratio	66	72	T	CGTTC	ok	False
chr4	17626685	17626686	-	0.785714	mod_ratio	56	69	T	TGTCC	ok	True
chr4	17628561	17628562	-	0.642857	mod_ratio	42	56	T	CGTCT	ok	False
chr4	17628587	17628588	-	0.942308	mod_ratio	52	55	T	CGTTT	ok	False
chr4	17628663	17628664	-	0.931818	mod_ratio	44	53	T	TGTCT	ok	True
chr4	17631836	17631837	+	0.818182	mod_ratio	33	39	A	AAACG	ok	False
chr4	17632815	17632816	+	0.64	mod_ratio	50	55	A	GGACC	ok	True
chr4	17632831	17632832	+	0.727273	mod_ratio	44	55	A	AGACA	ok	True
chr4	17633193	17633194	+	0.8	mod_ratio	40	45	A	AAACT	ok	True
chr4	17639907	17639908	-	0.480769	mod_ratio	52	65	T	AGTCT	ok	True
chr4	17639961	17639962	-	0.42623	mod_ratio	61	66	T	GGTTT	ok	True
chr4	17639973	17639974	-	0.433333	mod_ratio	60	66	T	CGTCT	ok	False
chr4	17640463	17640464	-	0.612245	mod_ratio	49	56	T	TGTTT	ok	True
chr4	17640602	17640603	-	0.634615	mod_ratio	52	55	T	GGTTT	ok	True
chr4	17645032	17645033	+	0.842105	mod_ratio	38	45	A	GGACC	ok	True
chr4	17645641	17645642	+	0.688889	mod_ratio	45	48	A	GGACC	ok	True
chr4	17663323	17663324	-	0.69697	mod_ratio	33	39	T	TGTCC	ok	True
chr4	17663862	17663863	-	0.964286	mod_ratio	28	33	T	TGTCT	ok	True
chr4	17670502	17670503	-	0.76	mod_ratio	75	104	T	GGTTT	ok	True
chr4	17670764	17670765	-	0.258929	mod_ratio	112	129	T	TGTTC	ok	True
chr4	17670869	17670870	-	0.854545	mod_ratio	110	122	T	TGTTT	ok	True
chr4	17672174	17672175	-	0.492063	mod_ratio	63	78	T	AGTTT	ok	True
chr4	17701427	17701428	+	0.923077	mod_ratio	39	43	A	AAACA	ok	True
chr4	17701479	17701480	+	0.722222	mod_ratio	36	44	A	GGACG	ok	False
chr4	17702338	17702339	+	0.777778	mod_ratio	45	55	A	GGACC	ok	True
chr4	17702661	17702662	+	0.822222	mod_ratio	45	58	A	AAACG	ok	False
chr4	17744052	17744053	+	0.827586	mod_ratio	58	64	A	AAACG	ok	False
chr4	17744186	17744187	+	0.396552	mod_ratio	58	68	A	AGACG	ok	False
chr4	17744240	17744241	+	0.507692	mod_ratio	65	68	A	GAACA	ok	True
chr4	17744989	17744990	+	0.727273	mod_ratio	55	65	A	AAACT	ok	True
chr4	17745501	17745502	+	0.366197	mod_ratio	71	80	A	GAACC	ok	True
chr4	17745641	17745642	+	0.375	mod_ratio	80	86	A	AAACA	ok	True
chr4	17745999	17746000	+	0.340206	mod_ratio	97	115	A	AGACG	ok	False
chr4	17746095	17746096	+	0.224138	mod_ratio	116	123	A	GAACC	ok	True
chr4	17746183	17746184	+	0.721649	mod_ratio	97	125	A	AAACG	ok	False
chr4	17746204	17746205	+	0.517241	mod_ratio	116	124	A	AGACT	ok	True
chr4	17746369	17746370	+	0.540541	mod_ratio	111	125	A	GAACT	ok	True
chr4	17746436	17746437	+	0.353448	mod_ratio	116	123	A	AAACA	ok	True
chr4	17746528	17746529	+	0.365217	mod_ratio	115	123	A	GAACT	ok	True
chr4	17746563	17746564	+	0.45	mod_ratio	100	122	A	AGACA	ok	True
chr4	17775441	17775442	-	0.84	mod_ratio	50	61	T	TGTTC	ok	True
chr4	17775674	17775675	-	0.280899	mod_ratio	178	286	T	TGTTT	ok	True
chr4	17775696	17775697	-	0.471751	mod_ratio	354	385	T	TGTTT	ok	True
chr4	17776081	17776082	-	0.581818	mod_ratio	55	345	T	TGTCT	ok	True
chr4	17776725	17776726	-	0.472222	mod_ratio	252	331	T	GGTTC	ok	True
chr4	17776878	17776879	-	0.564912	mod_ratio	285	329	T	CGTCT	ok	False
chr4	17777005	17777006	-	0.251938	mod_ratio	258	322	T	AGTCC	ok	True
chr4	17777030	17777031	-	0.578313	mod_ratio	166	254	T	AGTTT	ok	True
chr4	17777190	17777191	-	0.827715	mod_ratio	267	312	T	GGTCC	ok	True
chr4	17787514	17787515	-	0.491525	mod_ratio	59	78	T	AGTCT	ok	True
chr4	17788679	17788680	-	0.389503	mod_ratio	362	439	T	AGTTT	ok	True
chr4	17802901	17802902	-	0.28	mod_ratio	100	112	T	AGTCT	ok	True
chr4	17802963	17802964	-	0.601942	mod_ratio	103	114	T	AGTTT	ok	True
chr4	17802968	17802969	-	0.533333	mod_ratio	45	59	T	GGTTT	ok	True
chr4	17803214	17803215	-	0.873684	mod_ratio	95	107	T	GGTCC	ok	True
chr4	17804134	17804135	-	0.578125	mod_ratio	64	71	T	TGTTC	ok	True
chr4	17804151	17804152	-	0.447761	mod_ratio	67	71	T	CGTTC	ok	False
chr4	17804217	17804218	-	0.370968	mod_ratio	62	68	T	TGTTC	ok	True
chr4	17804236	17804237	-	0.555556	mod_ratio	54	67	T	AGTCC	ok	True
chr4	17825234	17825235	-	0.568182	mod_ratio	44	48	T	GGTTT	ok	True
chr4	17826164	17826165	-	0.884615	mod_ratio	26	31	T	TGTTT	ok	True
chr4	17828684	17828685	-	0.962963	mod_ratio	27	27	T	TGTTT	ok	True
chr4	17830738	17830739	-	0.231293	mod_ratio	147	173	T	AGTTT	ok	True
chr4	17830742	17830743	-	0.335443	mod_ratio	158	173	T	TGTTT	ok	True
chr4	17830897	17830898	-	0.256944	mod_ratio	144	167	T	TGTTC	ok	True
chr4	17830904	17830905	-	0.516779	mod_ratio	149	170	T	CGTCC	ok	False
chr4	17831131	17831132	-	0.178862	mod_ratio	123	148	T	AGTTT	ok	True
chr4	17831258	17831259	-	0.338129	mod_ratio	139	151	T	CGTTC	ok	False
chr4	17831278	17831279	-	0.611111	mod_ratio	126	153	T	GGTCT	ok	True
chr4	17831363	17831364	-	0.968254	mod_ratio	126	146	T	TGTCT	ok	True
chr4	17831492	17831493	-	0.595745	mod_ratio	47	115	T	TGTCT	ok	True
chr4	17831742	17831743	-	0.8	mod_ratio	30	45	T	TGTCT	ok	True
chr4	17831818	17831819	-	0.408776	mod_ratio	433	707	T	AGTTT	ok	True
chr4	17831889	17831890	-	0.741036	mod_ratio	1255	1351	T	AGTTT	ok	True
chr4	17831894	17831895	-	0.110157	mod_ratio	1398	1494	T	AGTTC	ok	True
chr4	17831910	17831911	-	0.305226	mod_ratio	1435	1509	T	GGTTT	ok	True
chr4	17831971	17831972	-	0.385533	mod_ratio	1341	1480	T	AGTTT	ok	True
chr4	17832364	17832365	-	0.195335	mod_ratio	343	473	T	TGTTT	ok	True
chr4	17832544	17832545	-	0.323359	mod_ratio	1036	1327	T	AGTTC	ok	True
chr4	17832583	17832584	-	0.102819	mod_ratio	1206	1304	T	AGTCT	ok	True
chr4	17832816	17832817	-	0.766187	mod_ratio	1112	1190	T	TGTTT	ok	True
chr4	17832817	17832818	-	0.490909	mod_ratio	55	1251	T	GTTTC	ok	False
chr4	17832834	17832835	-	0.347357	mod_ratio	927	1200	T	AGTCC	ok	True
chr4	17833068	17833069	-	0.806011	mod_ratio	366	1178	T	GGTCC	ok	True
chr4	17833492	17833493	-	0.365579	mod_ratio	889	1087	T	CGTCC	ok	False
chr4	17833511	17833512	-	0.155074	mod_ratio	877	1069	T	TGTTT	ok	True
chr4	17833553	17833554	-	0.130533	mod_ratio	881	1063	T	AGTCT	ok	True
chr4	17833899	17833900	-	0.31068	mod_ratio	927	1004	T	GGTTT	ok	True
chr4	17833910	17833911	-	0.108407	mod_ratio	904	998	T	TGTCT	ok	True
chr4	17834136	17834137	-	0.179121	mod_ratio	910	964	T	AGTTC	ok	True
chr4	17834249	17834250	-	0.896149	mod_ratio	857	950	T	TGTCT	ok	True
chr4	17834318	17834319	-	0.741351	mod_ratio	607	783	T	TGTTT	ok	True
chr4	17834319	17834320	-	0.763158	mod_ratio	114	929	T	GTTTT	ok	False
chr4	17834694	17834695	-	0.44504	mod_ratio	746	889	T	GGTTT	ok	True
chr4	17834770	17834771	-	0.253165	mod_ratio	158	697	T	GGTTT	ok	True
chr4	17852934	17852935	+	0.651376	mod_ratio	109	119	A	AAACG	ok	False
chr4	17853387	17853388	+	0.214876	mod_ratio	121	131	A	AAACT	ok	True
chr4	17853480	17853481	+	0.642276	mod_ratio	123	134	A	AGACG	ok	False
chr4	17853721	17853722	+	0.549618	mod_ratio	131	146	A	AAACA	ok	True
chr4	17854229	17854230	+	0.455882	mod_ratio	136	157	A	GAACG	ok	False
chr4	17887426	17887427	-	0.742857	mod_ratio	35	48	T	TGTCT	ok	True
chr4	17896330	17896331	-	0.694444	mod_ratio	36	44	T	CGTCT	ok	False
chr4	17903085	17903086	+	0.634615	mod_ratio	52	60	A	AAACC	ok	True
chr4	17925436	17925437	+	0.926829	mod_ratio	41	41	A	AGACG	ok	False
chr4	17926619	17926620	+	0.607843	mod_ratio	51	59	A	GGACC	ok	True
chr4	17927603	17927604	+	0.851852	mod_ratio	27	30	A	GGACG	ok	False
chr4	17935621	17935622	+	0.92	mod_ratio	25	26	A	GGACC	ok	True
chr4	17988151	17988152	+	0.71875	mod_ratio	32	34	A	AGACA	ok	True
chr4	18002059	18002060	+	0.815789	mod_ratio	38	46	A	AGACA	ok	True
chr4	18006567	18006568	+	0.888889	mod_ratio	36	41	A	GGACC	ok	True
chr4	18011005	18011006	-	0.846154	mod_ratio	39	46	T	AGTTT	ok	True
chr4	18011477	18011478	-	0.571429	mod_ratio	42	49	T	CGTCC	ok	False
chr4	18012745	18012746	-	0.972222	mod_ratio	36	44	T	CGTTT	ok	False
chr4	18013267	18013268	-	0.918919	mod_ratio	37	41	T	CGTTT	ok	False
chr4	18057204	18057205	-	0.694444	mod_ratio	36	57	T	AGTCC	ok	True
chr4	18057294	18057295	-	0.730769	mod_ratio	52	67	T	AGTTC	ok	True
chr4	18057505	18057506	-	0.365079	mod_ratio	63	72	T	CGTCT	ok	False
chr4	18058053	18058054	-	0.431034	mod_ratio	58	69	T	TGTCC	ok	True
chr4	18058147	18058148	-	0.5	mod_ratio	56	65	T	TGTCT	ok	True
chr4	18059325	18059326	-	1	mod_ratio	38	47	T	CGTTT	ok	False
chr4	18072077	18072078	-	0.204301	mod_ratio	186	205	T	AGTCC	ok	True
chr4	18072237	18072238	-	0.396947	mod_ratio	131	165	T	GGTTT	ok	True
chr4	18072238	18072239	-	0.52381	mod_ratio	42	209	T	GTTTT	ok	False
chr4	18072275	18072276	-	0.133333	mod_ratio	180	196	T	TGTCC	ok	True
chr4	18072623	18072624	-	0.508772	mod_ratio	57	70	T	GGTCC	ok	True
chr4	18075164	18075165	-	0.934783	mod_ratio	46	56	T	TGTCT	ok	True
chr4	18075184	18075185	-	0.509804	mod_ratio	51	56	T	CGTCC	ok	False
chr4	18075213	18075214	-	0.722222	mod_ratio	36	49	T	TGTTC	ok	True
chr4	18075252	18075253	-	0.625	mod_ratio	40	52	T	TGTCC	ok	True
chr4	18075296	18075297	-	0.826087	mod_ratio	46	50	T	TGTTT	ok	True
chr4	18075312	18075313	-	0.844444	mod_ratio	45	50	T	CGTTT	ok	False
chr4	18075506	18075507	-	0.657895	mod_ratio	38	46	T	CGTCC	ok	False
chr4	18075546	18075547	-	0.756757	mod_ratio	37	45	T	GGTCC	ok	True
chr4	18083481	18083482	-	0.456825	mod_ratio	359	454	T	AGTTT	ok	True
chr4	18083707	18083708	-	0.57783	mod_ratio	424	480	T	CGTCT	ok	False
chr4	18083794	18083795	-	0.673317	mod_ratio	401	462	T	CGTTC	ok	False
chr4	18083900	18083901	-	0.195251	mod_ratio	379	431	T	TGTTC	ok	True
chr4	18084044	18084045	-	0.18	mod_ratio	350	396	T	AGTCC	ok	True
chr4	18084146	18084147	-	0.38209	mod_ratio	335	382	T	TGTTT	ok	True
chr4	18097004	18097005	-	0.481481	mod_ratio	81	98	T	TGTTT	ok	True
chr4	18097149	18097150	-	0.402985	mod_ratio	67	94	T	GGTTT	ok	True
chr4	18097203	18097204	-	0.47561	mod_ratio	82	102	T	GGTTT	ok	True
chr4	18097608	18097609	-	0.75	mod_ratio	60	68	T	GGTTT	ok	True
chr4	18097968	18097969	-	0.468085	mod_ratio	47	53	T	TGTTT	ok	True
chr4	18113235	18113236	-	0.864865	mod_ratio	37	54	T	CGTCT	ok	False
chr4	18113361	18113362	-	0.483146	mod_ratio	89	127	T	GGTCC	ok	True
chr4	18113370	18113371	-	0.42029	mod_ratio	138	158	T	GGTTT	ok	True
chr4	18113465	18113466	-	0.473282	mod_ratio	131	153	T	GGTTT	ok	True
chr4	18113685	18113686	-	0.72093	mod_ratio	129	152	T	TGTTT	ok	True
chr4	18114345	18114346	-	0.533981	mod_ratio	103	124	T	GGTTT	ok	True
chr4	18114392	18114393	-	0.507576	mod_ratio	132	143	T	AGTTC	ok	True
chr4	18114757	18114758	-	0.742857	mod_ratio	105	137	T	AGTTT	ok	True
chr4	18115031	18115032	-	0.885246	mod_ratio	122	132	T	CGTTT	ok	False
chr4	18116865	18116866	-	0.806452	mod_ratio	31	37	T	CGTCC	ok	False
chr4	18117075	18117076	-	0.882353	mod_ratio	34	35	T	CGTTT	ok	False
chr4	18118735	18118736	-	0.787879	mod_ratio	33	34	T	GGTCT	ok	True
chr4	18124994	18124995	-	0.26506	mod_ratio	83	107	T	GGTTT	ok	True
chr4	18125011	18125012	-	0.361345	mod_ratio	119	139	T	AGTCC	ok	True
chr4	18125055	18125056	-	0.674797	mod_ratio	123	142	T	TGTTT	ok	True
chr4	18125300	18125301	-	0.771186	mod_ratio	118	148	T	GGTCC	ok	True
chr4	18125413	18125414	-	0.601695	mod_ratio	118	138	T	AGTTT	ok	True
chr4	18147353	18147354	+	0.426606	mod_ratio	218	244	A	AGACC	ok	True
chr4	18148117	18148118	+	0.554455	mod_ratio	202	262	A	GGACA	ok	True
chr4	18148794	18148795	+	0.9	mod_ratio	30	259	A	ATACG	ok	False
chr4	18148997	18148998	+	0.460377	mod_ratio	265	289	A	AAACA	ok	True
chr4	18149003	18149004	+	0.521739	mod_ratio	161	229	A	AAACC	ok	True
chr4	18149064	18149065	+	0.637168	mod_ratio	113	258	A	AGACC	ok	True
chr4	18149107	18149108	+	0.909091	mod_ratio	55	229	A	AGACA	ok	True
chr4	18151999	18152000	-	0.333333	mod_ratio	66	83	T	TGTCC	ok	True
chr4	18152222	18152223	-	0.597403	mod_ratio	77	85	T	GGTCC	ok	True
chr4	18152273	18152274	-	0.584615	mod_ratio	65	75	T	AGTTT	ok	True
chr4	18163532	18163533	-	0.581395	mod_ratio	43	69	T	AGTTT	ok	True
chr4	18163539	18163540	-	0.37931	mod_ratio	58	78	T	AGTTT	ok	True
chr4	18163829	18163830	-	0.203249	mod_ratio	2893	3140	T	GGTCT	ok	True
chr4	18163840	18163841	-	0.344828	mod_ratio	203	3120	T	CGTTC	ok	False
chr4	18163846	18163847	-	0.110497	mod_ratio	362	3127	T	CGTTC	ok	False
chr4	18163868	18163869	-	0.266667	mod_ratio	120	2441	T	TGTTT	ok	True
chr4	18163869	18163870	-	0.357798	mod_ratio	654	3072	T	GTTTT	ok	False
chr4	18163882	18163883	-	0.229611	mod_ratio	2857	3099	T	TGTTC	ok	True
chr4	18163924	18163925	-	0.121795	mod_ratio	2652	3035	T	GGTTT	ok	True
chr4	18163945	18163946	-	0.423206	mod_ratio	2689	3003	T	CGTTC	ok	False
chr4	18163977	18163978	-	0.213415	mod_ratio	164	2881	T	TGTCC	ok	True
chr4	18163980	18163981	-	0.720588	mod_ratio	68	2942	T	CCTCC	ok	False
chr4	18164161	18164162	-	0.794521	mod_ratio	146	2840	T	TGTTG	ok	False
chr4	18164196	18164197	-	0.106966	mod_ratio	2627	2858	T	TGTTC	ok	True
chr4	18164212	18164213	-	0.15848	mod_ratio	2606	2883	T	TGTCT	ok	True
chr4	18164247	18164248	-	0.31257	mod_ratio	1782	2422	T	GGTTT	ok	True
chr4	18164248	18164249	-	0.379538	mod_ratio	303	2803	T	GTTTT	ok	False
chr4	18164355	18164356	-	0.19649	mod_ratio	2621	2798	T	TGTTC	ok	True
chr4	18164410	18164411	-	0.257516	mod_ratio	2528	2718	T	TGTTC	ok	True
chr4	18164433	18164434	-	0.55914	mod_ratio	93	2721	T	CATCC	ok	False
chr4	18164475	18164476	-	0.320171	mod_ratio	1874	2532	T	TGTCC	ok	True
chr4	18164624	18164625	-	0.820513	mod_ratio	78	2566	T	CGTTA	ok	False
chr4	18164788	18164789	-	0.539527	mod_ratio	2239	2425	T	AGTTC	ok	True
chr4	18164978	18164979	-	0.19453	mod_ratio	2267	2397	T	TGTTC	ok	True
chr4	18165070	18165071	-	0.505467	mod_ratio	2012	2362	T	TGTCC	ok	True
chr4	18165170	18165171	-	0.951933	mod_ratio	2018	2276	T	CGTTT	ok	False
chr4	18165179	18165180	-	0.564411	mod_ratio	1995	2309	T	CGTCC	ok	False
chr4	18165199	18165200	-	0.149141	mod_ratio	1978	2297	T	CGTCC	ok	False
chr4	18165216	18165217	-	0.563025	mod_ratio	119	1577	T	AGTTT	ok	True
chr4	18165217	18165218	-	0.476874	mod_ratio	627	2249	T	GTTTT	ok	False
chr4	18165487	18165488	-	0.398496	mod_ratio	1995	2241	T	TGTCT	ok	True
chr4	18165618	18165619	-	0.357267	mod_ratio	1727	2176	T	TGTCC	ok	True
chr4	18165697	18165698	-	0.246961	mod_ratio	1563	1805	T	GGTTT	ok	True
chr4	18189287	18189288	-	0.352941	mod_ratio	68	81	T	CGTCC	ok	False
chr4	18189412	18189413	-	0.441176	mod_ratio	68	81	T	GGTCT	ok	True
chr4	18213430	18213431	+	0.423729	mod_ratio	59	60	A	GAACT	ok	True
chr4	18214138	18214139	+	0.836066	mod_ratio	61	78	A	AGACA	ok	True
chr4	18214950	18214951	+	0.441558	mod_ratio	77	92	A	AAACG	ok	False
chr4	18215701	18215702	-	0.54902	mod_ratio	51	166	T	GGTTT	ok	True
chr4	18216116	18216117	-	0.327684	mod_ratio	177	204	T	GGTCC	ok	True
chr4	18216204	18216205	-	0.618497	mod_ratio	173	206	T	TGTCT	ok	True
chr4	18216225	18216226	-	0.268817	mod_ratio	186	207	T	CGTCC	ok	False
chr4	18216271	18216272	-	0.229508	mod_ratio	122	137	T	GGTTT	ok	True
chr4	18216297	18216298	-	0.124324	mod_ratio	185	193	T	TGTTC	ok	True
chr4	18218291	18218292	-	0.516129	mod_ratio	62	74	T	AGTTT	ok	True
chr4	18233622	18233623	-	0.68	mod_ratio	50	54	T	TGTTT	ok	True
chr4	18233649	18233650	-	0.8	mod_ratio	50	59	T	GGTTT	ok	True
chr4	18234601	18234602	-	1	mod_ratio	25	42	T	CGTTT	ok	False
chr4	18258594	18258595	+	0.903356	mod_ratio	745	884	A	AAACG	ok	False
chr4	18258604	18258605	+	0.225941	mod_ratio	478	569	A	AGACT	ok	True
chr4	18274025	18274026	-	0.528302	mod_ratio	53	67	T	CGTTC	ok	False
chr4	18274055	18274056	-	0.914894	mod_ratio	47	62	T	TGTTT	ok	True
chr4	18274508	18274509	-	0.458333	mod_ratio	48	55	T	CGTCC	ok	False
chr4	18274885	18274886	-	0.595238	mod_ratio	42	50	T	CGTCC	ok	False
chr4	18281535	18281536	-	0.875	mod_ratio	40	46	T	CGTTT	ok	False
chr4	18281555	18281556	-	0.785714	mod_ratio	28	46	T	AGTCC	ok	True
chr4	18281670	18281671	-	0.84	mod_ratio	50	55	T	CGTTT	ok	False
chr4	18281797	18281798	-	0.755102	mod_ratio	49	54	T	TGTCC	ok	True
chr4	18281990	18281991	-	0.44	mod_ratio	50	53	T	GGTCT	ok	True
chr4	18282492	18282493	-	0.674419	mod_ratio	43	46	T	GGTCC	ok	True
chr4	18282856	18282857	-	0.925926	mod_ratio	27	39	T	CGTTT	ok	False
chr4	18291252	18291253	+	0.833333	mod_ratio	60	198	A	AGACA	ok	True
chr4	18291285	18291286	+	0.149733	mod_ratio	187	210	A	AAACA	ok	True
chr4	18291298	18291299	+	0.129534	mod_ratio	193	209	A	GAACA	ok	True
chr4	18291599	18291600	+	0.587302	mod_ratio	189	217	A	AAACG	ok	False
chr4	18291757	18291758	+	0.137441	mod_ratio	211	231	A	GAACG	ok	False
chr4	18291850	18291851	+	0.585366	mod_ratio	41	173	A	AAACT	ok	True
chr4	18291900	18291901	+	0.27027	mod_ratio	222	244	A	GAACC	ok	True
chr4	18292341	18292342	+	0.332061	mod_ratio	262	282	A	GAACA	ok	True
chr4	18292348	18292349	+	0.313253	mod_ratio	249	270	A	GGACT	ok	True
chr4	18292898	18292899	+	0.74031	mod_ratio	258	330	A	AGACA	ok	True
chr4	18292950	18292951	+	0.215827	mod_ratio	278	327	A	AAACT	ok	True
chr4	18292972	18292973	+	0.139706	mod_ratio	272	301	A	AGACT	ok	True
chr4	18293019	18293020	+	0.701863	mod_ratio	161	205	A	AAACC	ok	True
chr4	18293025	18293026	+	0.924528	mod_ratio	53	126	A	AAACA	ok	True
chr4	18356106	18356107	-	0.349206	mod_ratio	63	66	T	GGTTT	ok	True
chr4	18356397	18356398	-	0.5	mod_ratio	62	66	T	TGTTT	ok	True
chr4	18356499	18356500	-	0.8	mod_ratio	50	65	T	TGTCT	ok	True
chr4	18357210	18357211	-	0.565217	mod_ratio	46	60	T	TGTCC	ok	True
chr4	18357672	18357673	-	0.472727	mod_ratio	55	59	T	AGTTT	ok	True
chr4	18358096	18358097	-	0.903846	mod_ratio	52	57	T	TGTTT	ok	True
chr4	18358360	18358361	-	0.595745	mod_ratio	47	54	T	GGTTT	ok	True
chr4	18371196	18371197	-	0.927273	mod_ratio	55	70	T	CGTCT	ok	False
chr4	18371509	18371510	-	0.5	mod_ratio	60	65	T	TGTTT	ok	True
chr4	18371793	18371794	-	0.464286	mod_ratio	56	65	T	TGTCC	ok	True
chr4	18371939	18371940	-	0.581818	mod_ratio	55	65	T	TGTCC	ok	True
chr4	18372395	18372396	-	0.581395	mod_ratio	43	55	T	TGTCC	ok	True
chr4	18373193	18373194	-	0.630435	mod_ratio	46	51	T	TGTCC	ok	True
chr4	18379058	18379059	+	0.7	mod_ratio	50	54	A	AAACC	ok	True
chr4	18379570	18379571	+	0.849057	mod_ratio	53	62	A	AGACC	ok	True
chr4	18379874	18379875	+	0.461538	mod_ratio	52	61	A	AAACC	ok	True
chr4	18414160	18414161	+	0.906977	mod_ratio	43	46	A	AAACG	ok	False
chr4	18427140	18427141	-	0.469697	mod_ratio	66	88	T	GTTTT	ok	False
chr4	18427860	18427861	-	0.506329	mod_ratio	79	86	T	CGTTC	ok	False
chr4	18428178	18428179	-	0.610169	mod_ratio	59	80	T	CGTTT	ok	False
chr4	18428342	18428343	-	0.896552	mod_ratio	29	68	T	CGTTT	ok	False
chr4	18433117	18433118	+	0.206731	mod_ratio	208	231	A	AGACT	ok	True
chr4	18433167	18433168	+	0.316832	mod_ratio	202	234	A	GAACC	ok	True
chr4	18433228	18433229	+	0.522843	mod_ratio	197	234	A	AAACC	ok	True
chr4	18433256	18433257	+	0.357843	mod_ratio	204	239	A	GGACC	ok	True
chr4	18433342	18433343	+	0.644231	mod_ratio	208	245	A	AAACC	ok	True
chr4	18433501	18433502	+	0.134783	mod_ratio	230	256	A	GAACA	ok	True
chr4	18433682	18433683	+	0.5	mod_ratio	174	216	A	AAACC	ok	True
chr4	18469391	18469392	-	0.888889	mod_ratio	144	171	T	TGTTT	ok	True
chr4	18469438	18469439	-	0.659498	mod_ratio	279	358	T	GGTCC	ok	True
chr4	18469634	18469635	-	0.280347	mod_ratio	346	387	T	GGTCT	ok	True
chr4	18469697	18469698	-	0.181495	mod_ratio	281	373	T	AGTCC	ok	True
chr4	18470078	18470079	-	0.634228	mod_ratio	298	320	T	CGTCC	ok	False
chr4	18470314	18470315	-	0.242537	mod_ratio	268	298	T	AGTCT	ok	True
chr4	18470526	18470527	-	0.54902	mod_ratio	255	281	T	GGTTT	ok	True
chr4	18470811	18470812	-	0.152466	mod_ratio	223	248	T	CGTTC	ok	False
chr4	18470854	18470855	-	0.459459	mod_ratio	222	251	T	CGTCC	ok	False
chr4	18471135	18471136	-	0.147208	mod_ratio	197	223	T	TGTTT	ok	True
chr4	18471727	18471728	-	0.313869	mod_ratio	137	172	T	GGTTT	ok	True
chr4	18471748	18471749	-	0.131579	mod_ratio	190	206	T	AGTCT	ok	True
chr4	18471811	18471812	-	0.462857	mod_ratio	175	206	T	CGTCT	ok	False
chr4	18471858	18471859	-	0.553333	mod_ratio	150	201	T	CGTTC	ok	False
chr4	18504787	18504788	+	0.654545	mod_ratio	55	60	A	AAACA	ok	True
chr4	18508605	18508606	-	0.96875	mod_ratio	32	37	T	CGTTT	ok	False
chr4	18511943	18511944	-	0.647059	mod_ratio	34	35	T	TGTTT	ok	True
chr4	18512519	18512520	-	0.78125	mod_ratio	32	32	T	TGTTC	ok	True
chr4	18512569	18512570	-	0.896552	mod_ratio	29	31	T	TGTTT	ok	True
chr4	18520443	18520444	+	0.560976	mod_ratio	41	111	A	AAACA	ok	True
chr4	18520826	18520827	+	0.429907	mod_ratio	107	117	A	GGACG	ok	False
chr4	18521185	18521186	+	0.294872	mod_ratio	78	94	A	AAACA	ok	True
chr4	18521360	18521361	+	0.342105	mod_ratio	114	127	A	AGACC	ok	True
chr4	18536675	18536676	-	0.367816	mod_ratio	87	103	T	TGTCT	ok	True
chr4	18537306	18537307	-	0.448276	mod_ratio	58	96	T	GTTTT	ok	False
chr4	18538320	18538321	-	0.608108	mod_ratio	74	86	T	CGTTT	ok	False
chr4	18540853	18540854	+	0.77551	mod_ratio	49	52	A	AGACA	ok	True
chr4	18541869	18541870	+	0.469388	mod_ratio	49	60	A	AAACA	ok	True
chr4	18543406	18543407	+	0.611111	mod_ratio	36	48	A	AAACG	ok	False
chr4	18543591	18543592	+	0.782609	mod_ratio	46	52	A	AAACG	ok	False
chr4	18543752	18543753	+	0.54	mod_ratio	50	54	A	AGACC	ok	True
chr4	18543910	18543911	+	0.882353	mod_ratio	34	45	A	GGACA	ok	True
chr4	18555879	18555880	-	0.116162	mod_ratio	396	456	T	TGTCT	ok	True
chr4	18556009	18556010	-	0.198433	mod_ratio	383	443	T	AGTCT	ok	True
chr4	18556199	18556200	-	0.584	mod_ratio	375	419	T	AGTTC	ok	True
chr4	18556221	18556222	-	0.414322	mod_ratio	391	419	T	GGTTT	ok	True
chr4	18556883	18556884	-	0.175896	mod_ratio	307	359	T	TGTTC	ok	True
chr4	18556906	18556907	-	0.148148	mod_ratio	162	234	T	TGTTT	ok	True
chr4	18556911	18556912	-	0.392857	mod_ratio	196	248	T	TGTTT	ok	True
chr4	18557283	18557284	-	0.723333	mod_ratio	300	337	T	TGTTT	ok	True
chr4	18557313	18557314	-	0.413374	mod_ratio	329	412	T	TGTTC	ok	True
chr4	18557439	18557440	-	0.285714	mod_ratio	77	395	T	AGTCT	ok	True
chr4	18557578	18557579	-	0.119883	mod_ratio	342	431	T	TGTCT	ok	True
chr4	18557708	18557709	-	0.153631	mod_ratio	358	405	T	AGTCT	ok	True
chr4	18571444	18571445	-	0.515625	mod_ratio	64	79	T	AGTTT	ok	True
chr4	18571729	18571730	-	0.325301	mod_ratio	83	102	T	TGTTC	ok	True
chr4	18572031	18572032	-	0.839506	mod_ratio	81	94	T	CGTCT	ok	False
chr4	18572313	18572314	-	0.740741	mod_ratio	54	69	T	TGTTT	ok	True
chr4	18572427	18572428	-	0.371429	mod_ratio	70	81	T	AGTTC	ok	True
chr1	10472975	10472976	-	0.722222	mod_ratio	36	4910	T	TGTCT	ok	True
chr1	10474959	10474960	-	0.40625	mod_ratio	64	8410	T	AGTCT	ok	True
chr1	10474983	10474984	-	0.34375	mod_ratio	64	8347	T	AGTCT	ok	True
chr1	10475621	10475622	-	0.6	mod_ratio	60	7259	T	TGTCT	ok	True
chr1	10475650	10475651	-	0.775862	mod_ratio	58	7202	T	TGTCC	ok	True
chr1	10478037	10478038	+	0.858974	mod_ratio	78	11043	A	AAACG	ok	False
chr1	10478311	10478312	+	0.716981	mod_ratio	106	12267	A	GGACA	ok	True
chr1	10478340	10478341	+	0.666667	mod_ratio	111	12792	A	AGACA	ok	True
chr1	22700199	22700200	+	0.967742	mod_ratio	31	3648	A	AGACA	ok	True
chr1	22700207	22700208	+	1	mod_ratio	36	3663	A	AGACA	ok	True
chr1	25048333	25048334	-	0.356164	mod_ratio	73	17590	T	TGTCT	ok	True
chr1	25048640	25048641	-	0.423529	mod_ratio	85	17465	T	TGTCC	ok	True
chr1	29736122	29736123	+	0.547619	mod_ratio	42	10986	A	AAACC	ok	True
chr1	29736867	29736868	+	0.589744	mod_ratio	39	11793	A	AGACA	ok	True
chr2	1800056	1800057	-	0.833333	mod_ratio	36	3537	T	GGTCC	ok	True
chr2	1800286	1800287	-	0.866667	mod_ratio	30	3305	T	CGTTT	ok	False
chr2	1824069	1824070	-	0.621622	mod_ratio	37	4471	T	GGTCC	ok	True
chr2	1824288	1824289	-	0.833333	mod_ratio	36	4133	T	CGTTT	ok	False
chr2	14522608	14522609	-	0.363636	mod_ratio	77	8672	T	GGTTC	ok	True
chr2	14523277	14523278	-	0.784615	mod_ratio	65	7976	T	TGTCC	ok	True
chr2	16571362	16571363	-	0.733333	mod_ratio	60	5974	T	GGTCC	ok	True
chr2	16571600	16571601	-	0.508197	mod_ratio	61	5539	T	CGTCC	ok	False
chr2	16572396	16572397	-	0.586957	mod_ratio	46	4307	T	TGTCC	ok	True
chr3	2718334	2718335	+	0.862069	mod_ratio	29	2331	A	GGACA	ok	True
chr3	17493999	17494000	-	0.928571	mod_ratio	56	6364	T	CGTCT	ok	False
chr4	6408538	6408539	+	0.767442	mod_ratio	43	5614	A	AAACG	ok	False
chr4	6409293	6409294	+	0.55814	mod_ratio	43	6355	A	GGACC	ok	True
chr5	1391	1392	-	0.894737	mod_ratio	38	46	T	AGTTT	ok	True
chr5	4214	4215	-	0.933333	mod_ratio	30	31	T	TGTCT	ok	True
chr5	6706	6707	-	0.814815	mod_ratio	27	32	T	TGTCT	ok	True
chr5	8004	8005	-	0.923077	mod_ratio	26	27	T	GGTCT	ok	True
chr5	33815	33816	+	0.878788	mod_ratio	33	36	A	AGACA	ok	True
chr5	33856	33857	+	0.9375	mod_ratio	32	35	A	AAACG	ok	False
chr5	86708	86709	-	0.3	mod_ratio	80	92	T	AGTTC	ok	True
chr5	86719	86720	-	0.615385	mod_ratio	78	86	T	GGTTT	ok	True
chr5	86939	86940	-	0.723404	mod_ratio	94	106	T	CGTTT	ok	False
chr5	86960	86961	-	0.75	mod_ratio	92	108	T	GGTCC	ok	True
chr5	87097	87098	-	0.388889	mod_ratio	90	102	T	TGTTT	ok	True
chr5	87125	87126	-	0.666667	mod_ratio	42	51	T	AGTTT	ok	True
chr5	87580	87581	-	0.333333	mod_ratio	90	96	T	CGTTC	ok	False
chr5	88031	88032	-	0.297297	mod_ratio	74	83	T	AGTCT	ok	True
chr5	89149	89150	-	0.722222	mod_ratio	36	67	T	GTTTT	ok	False
chr5	145711	145712	-	0.494253	mod_ratio	87	135	T	GGTTT	ok	True
chr5	145750	145751	-	0.816327	mod_ratio	49	123	T	TGTTT	ok	True
chr5	145840	145841	-	0.317881	mod_ratio	151	172	T	GGTTT	ok	True
chr5	145870	145871	-	0.437956	mod_ratio	137	178	T	GGTTT	ok	True
chr5	172394	172395	-	0.341463	mod_ratio	82	630	T	GTTCT	ok	False
chr5	172519	172520	-	0.544348	mod_ratio	575	636	T	GGTCT	ok	True
chr5	172545	172546	-	0.52514	mod_ratio	537	634	T	CGTCT	ok	False
chr5	172930	172931	-	0.123377	mod_ratio	462	536	T	TGTTT	ok	True
chr5	172997	172998	-	0.232365	mod_ratio	482	520	T	GGTTC	ok	True
chr5	173015	173016	-	0.584582	mod_ratio	467	523	T	GGTCC	ok	True
chr5	173244	173245	-	0.265509	mod_ratio	403	451	T	TGTTT	ok	True
chr5	208085	208086	+	0.833333	mod_ratio	30	33	A	AAACT	ok	True
chr5	209243	209244	+	0.140683	mod_ratio	2694	3237	A	GGACC	ok	True
chr5	209337	209338	+	0.378788	mod_ratio	66	3376	A	AAACC	ok	True
chr5	209375	209376	+	0.504826	mod_ratio	2072	3500	A	AGACC	ok	True
chr5	209405	209406	+	0.218391	mod_ratio	348	3559	A	AGACG	ok	False
chr5	209502	209503	+	0.142045	mod_ratio	176	3655	A	GAACT	ok	True
chr5	209582	209583	+	0.25144	mod_ratio	3126	3741	A	AGACG	ok	False
chr5	210283	210284	+	0.345622	mod_ratio	217	3970	A	AAAAC	ok	False
chr5	210284	210285	+	0.323329	mod_ratio	2932	3970	A	AAACA	ok	True
chr5	224292	224293	+	0.594595	mod_ratio	37	38	A	AAACC	ok	True
chr5	224419	224420	+	0.894737	mod_ratio	38	40	A	AAACA	ok	True
chr5	224829	224830	+	0.826087	mod_ratio	46	51	A	AAACA	ok	True
chr5	225485	225486	+	0.911111	mod_ratio	45	52	A	AGACG	ok	False
chr5	225759	225760	+	0.534884	mod_ratio	43	53	A	AAACT	ok	True
chr5	225798	225799	+	0.666667	mod_ratio	48	55	A	GGACG	ok	False
chr5	225852	225853	+	0.745455	mod_ratio	55	57	A	AAACG	ok	False
chr5	226459	226460	+	0.545455	mod_ratio	55	70	A	GGACA	ok	True
chr5	226788	226789	+	0.684211	mod_ratio	38	71	A	AAACC	ok	True
chr5	228050	228051	-	0.124473	mod_ratio	474	527	T	AGTCC	ok	True
chr5	228059	228060	-	0.286008	mod_ratio	486	518	T	TGTTC	ok	True
chr5	228098	228099	-	0.723529	mod_ratio	340	427	T	TGTTT	ok	True
chr5	228099	228100	-	0.780952	mod_ratio	105	533	T	GTTTT	ok	False
chr5	228141	228142	-	0.703863	mod_ratio	466	531	T	GGTCC	ok	True
chr5	228152	228153	-	0.118952	mod_ratio	496	530	T	AGTTC	ok	True
chr5	228309	228310	-	0.138211	mod_ratio	492	517	T	AGTCT	ok	True
chr5	228599	228600	-	0.611241	mod_ratio	427	484	T	CGTTT	ok	False
chr5	228622	228623	-	0.134328	mod_ratio	402	459	T	AGTTT	ok	True
chr5	228780	228781	-	0.268065	mod_ratio	429	467	T	TGTTC	ok	True
chr5	228816	228817	-	0.451524	mod_ratio	361	461	T	AGTTT	ok	True
chr5	229430	229431	-	0.195767	mod_ratio	378	407	T	TGTTT	ok	True
chr5	229583	229584	-	0.889807	mod_ratio	363	387	T	CGTTT	ok	False
chr5	242662	242663	-	0.3125	mod_ratio	144	178	T	AGTTC	ok	True
chr5	242749	242750	-	0.33526	mod_ratio	173	202	T	CGTTC	ok	False
chr5	289980	289981	+	0.661765	mod_ratio	68	131	A	AAACA	ok	True
chr5	290184	290185	+	0.611511	mod_ratio	139	157	A	GGACG	ok	False
chr5	290205	290206	+	0.804688	mod_ratio	128	160	A	GGACG	ok	False
chr5	290549	290550	+	0.236486	mod_ratio	148	165	A	AAACT	ok	True
chr5	290567	290568	+	0.695946	mod_ratio	148	170	A	GGACA	ok	True
chr5	291035	291036	+	0.486301	mod_ratio	146	173	A	AAACG	ok	False
chr5	291182	291183	+	0.27027	mod_ratio	148	171	A	AAACT	ok	True
chr5	308039	308040	+	0.637681	mod_ratio	69	78	A	AGACC	ok	True
chr5	308131	308132	+	0.522388	mod_ratio	67	80	A	AGACT	ok	True
chr5	308154	308155	+	0.40678	mod_ratio	59	76	A	AAACT	ok	True
chr5	308757	308758	+	0.407407	mod_ratio	54	80	A	AAACA	ok	True
chr5	311688	311689	+	0.8125	mod_ratio	32	36	A	AGACC	ok	True
chr5	313460	313461	-	0.966667	mod_ratio	30	35	T	CGTTT	ok	False
chr5	313465	313466	-	0.785714	mod_ratio	28	35	T	GGTCT	ok	True
chr5	337429	337430	+	0.783019	mod_ratio	106	127	A	AGACA	ok	True
chr5	337535	337536	+	0.311321	mod_ratio	106	128	A	AAACT	ok	True
chr5	360142	360143	+	0.857143	mod_ratio	35	38	A	AAACG	ok	False
chr5	360523	360524	+	0.793103	mod_ratio	29	39	A	GAACA	ok	True
chr5	360724	360725	+	0.925	mod_ratio	40	45	A	GGACC	ok	True
chr5	360737	360738	+	0.609756	mod_ratio	41	43	A	AAACT	ok	True
chr5	387297	387298	-	0.44	mod_ratio	50	56	T	CGTTC	ok	False
chr5	403189	403190	-	0.48	mod_ratio	50	60	T	AGTTT	ok	True
chr5	403231	403232	-	0.365079	mod_ratio	63	67	T	AGTTC	ok	True
chr5	403236	403237	-	0.78125	mod_ratio	64	68	T	AGTTT	ok	True
chr5	403337	403338	-	0.816667	mod_ratio	60	64	T	GGTTT	ok	True
chr5	403542	403543	-	0.611111	mod_ratio	54	65	T	TGTTT	ok	True
chr5	403690	403691	-	0.491803	mod_ratio	61	62	T	TGTTT	ok	True
chr5	403760	403761	-	0.722222	mod_ratio	54	58	T	GGTTT	ok	True
chr5	404045	404046	-	0.533333	mod_ratio	45	50	T	TGTTT	ok	True
chr5	412358	412359	-	0.958333	mod_ratio	24	33	T	CGTTT	ok	False
chr5	419217	419218	+	0.288591	mod_ratio	149	633	A	AGACA	ok	True
chr5	419271	419272	+	0.219124	mod_ratio	251	534	A	AAACT	ok	True
chr5	419413	419414	+	0.212435	mod_ratio	579	654	A	AAACA	ok	True
chr5	419429	419430	+	0.310811	mod_ratio	592	647	A	GAACT	ok	True
chr5	419475	419476	+	0.51938	mod_ratio	516	625	A	GAACT	ok	True
chr5	419571	419572	+	0.103506	mod_ratio	599	668	A	GAACA	ok	True
chr5	419587	419588	+	0.237458	mod_ratio	598	664	A	GAACT	ok	True
chr5	419666	419667	+	0.29304	mod_ratio	546	642	A	AAACA	ok	True
chr5	419713	419714	+	0.699052	mod_ratio	422	559	A	AAACG	ok	False
chr5	426415	426416	+	0.657895	mod_ratio	38	258	A	AGACG	ok	False
chr5	426447	426448	+	0.625551	mod_ratio	227	264	A	AAACA	ok	True
chr5	426479	426480	+	0.232	mod_ratio	250	270	A	GAACA	ok	True
chr5	426500	426501	+	0.197309	mod_ratio	223	275	A	AAACA	ok	True
chr5	426559	426560	+	0.234234	mod_ratio	222	280	A	GAACA	ok	True
chr5	426604	426605	+	0.198444	mod_ratio	257	287	A	GAACT	ok	True
chr5	426627	426628	+	0.788136	mod_ratio	236	288	A	AAACG	ok	False
chr5	427251	427252	+	0.519608	mod_ratio	102	124	A	AGACG	ok	False
chr5	427278	427279	+	0.821429	mod_ratio	28	38	A	AAACG	ok	False
chr5	450017	450018	+	0.575	mod_ratio	40	41	A	AAACG	ok	False
chr5	450206	450207	+	0.851852	mod_ratio	27	42	A	AAACG	ok	False
chr5	451546	451547	+	0.438596	mod_ratio	114	134	A	GAACA	ok	True
chr5	451742	451743	+	0.632979	mod_ratio	188	209	A	AGACA	ok	True
chr5	451908	451909	+	0.454545	mod_ratio	187	215	A	AAACC	ok	True
chr5	451974	451975	+	0.282927	mod_ratio	205	215	A	GAACA	ok	True
chr5	452081	452082	+	0.607843	mod_ratio	204	218	A	GGACA	ok	True
chr5	452249	452250	+	0.251185	mod_ratio	211	232	A	GAACA	ok	True
chr5	452253	452254	+	0.212871	mod_ratio	202	226	A	AAACT	ok	True
chr5	452385	452386	+	0.184466	mod_ratio	206	232	A	GAACA	ok	True
chr5	452407	452408	+	0.137615	mod_ratio	218	233	A	GAACT	ok	True
chr5	452717	452718	+	0.665049	mod_ratio	206	242	A	AGACA	ok	True
chr5	452729	452730	+	0.5	mod_ratio	60	243	A	AAACC	ok	True
chr5	453009	453010	+	0.169231	mod_ratio	195	244	A	GAACA	ok	True
chr5	453023	453024	+	0.542553	mod_ratio	94	231	A	AAACC	ok	True
chr5	467172	467173	-	0.657143	mod_ratio	35	41	T	AGTTC	ok	True
chr5	467284	467285	-	0.666667	mod_ratio	36	43	T	TGTTT	ok	True
chr5	506696	506697	-	0.534884	mod_ratio	43	4469	T	CATAT	ok	False
chr5	506741	506742	-	0.425201	mod_ratio	3857	4569	T	GGTTT	ok	True
chr5	506742	506743	-	0.403226	mod_ratio	62	4641	T	GTTTA	ok	False
chr5	506905	506906	-	0.315068	mod_ratio	73	4544	T	AGTCA	ok	True
chr5	507165	507166	-	0.283262	mod_ratio	233	814	T	TGTTT	ok	True
chr5	507166	507167	-	0.320701	mod_ratio	2454	3329	T	GTTTT	ok	False
chr5	507168	507169	-	0.197531	mod_ratio	162	4387	T	TTTTT	ok	False
chr5	533189	533190	+	0.554795	mod_ratio	292	379	A	AAACT	ok	True
chr5	533531	533532	+	0.471471	mod_ratio	333	472	A	AAACA	ok	True
chr5	533553	533554	+	0.72619	mod_ratio	420	483	A	AAACG	ok	False
chr5	534053	534054	+	0.267261	mod_ratio	449	488	A	GGACT	ok	True
chr5	534196	534197	+	0.934685	mod_ratio	444	527	A	AAACG	ok	False
chr5	534430	534431	+	0.495516	mod_ratio	446	523	A	AAACC	ok	True
chr5	534512	534513	+	0.813043	mod_ratio	460	510	A	AAACG	ok	False
chr5	534517	534518	+	0.563636	mod_ratio	385	494	A	AAACC	ok	True
chr5	534581	534582	+	0.852941	mod_ratio	102	135	A	AAACG	ok	False
chr5	549229	549230	+	0.74359	mod_ratio	39	45	A	GGACC	ok	True
chr5	550891	550892	-	0.88	mod_ratio	25	25	T	GGTCC	ok	True
chr5	553916	553917	-	0.392655	mod_ratio	708	798	T	TGTTC	ok	True
chr5	553982	553983	-	0.255944	mod_ratio	715	906	T	AGTCT	ok	True
chr5	554045	554046	-	0.82695	mod_ratio	705	932	T	TGTCC	ok	True
chr5	554112	554113	-	0.19685	mod_ratio	762	938	T	CGTCC	ok	False
chr5	554295	554296	-	0.641509	mod_ratio	159	860	T	TGTCT	ok	True
chr5	554328	554329	-	0.526676	mod_ratio	731	838	T	CGTCT	ok	False
chr5	554504	554505	-	0.746313	mod_ratio	678	730	T	TGTCC	ok	True
chr5	554512	554513	-	0.598496	mod_ratio	665	737	T	GGTCT	ok	True
chr5	554517	554518	-	0.4	mod_ratio	130	729	T	TGTCC	ok	True
chr5	554637	554638	-	0.147193	mod_ratio	659	699	T	TGTCC	ok	True
chr5	554694	554695	-	0.546493	mod_ratio	613	686	T	TGTCT	ok	True
chr5	554779	554780	-	0.503448	mod_ratio	145	565	T	AGTTT	ok	True
chr5	554780	554781	-	0.351064	mod_ratio	94	669	T	GTTTC	ok	False
chr5	555154	555155	-	0.531049	mod_ratio	467	566	T	GGTCT	ok	True
chr5	555495	555496	-	0.371257	mod_ratio	501	516	T	CGTTC	ok	False
chr5	555576	555577	-	0.108051	mod_ratio	472	503	T	CGTTC	ok	False
chr5	555710	555711	-	0.140436	mod_ratio	413	484	T	GGTCC	ok	True
chr5	556216	556217	-	0.412533	mod_ratio	383	457	T	GGTTC	ok	True
chr5	556313	556314	-	0.126344	mod_ratio	372	447	T	GGTCC	ok	True
chr5	558443	558444	-	0.46988	mod_ratio	83	100	T	AGTCT	ok	True
chr5	587809	587810	+	0.112903	mod_ratio	248	297	A	GAACT	ok	True
chr5	588340	588341	+	0.280488	mod_ratio	82	312	A	AAACA	ok	True
chr5	613026	613027	+	0.658537	mod_ratio	41	46	A	AAACT	ok	True
chr5	614221	614222	+	0.657143	mod_ratio	35	40	A	AAACT	ok	True
chr5	617049	617050	+	0.511628	mod_ratio	43	48	A	GAACG	ok	False
chr5	618409	618410	+	0.833333	mod_ratio	30	49	A	AAACT	ok	True
chr5	627174	627175	-	0.44	mod_ratio	50	55	T	AGTTT	ok	True
chr5	627340	627341	-	0.551724	mod_ratio	58	68	T	TGTCT	ok	True
chr5	627558	627559	-	0.5	mod_ratio	58	64	T	AGTTC	ok	True
chr5	627781	627782	-	0.462963	mod_ratio	54	60	T	GGTCC	ok	True
chr5	629183	629184	-	0.657143	mod_ratio	35	38	T	CGTTC	ok	False
chr5	633118	633119	+	0.344633	mod_ratio	177	210	A	GAACC	ok	True
chr5	633285	633286	+	0.285714	mod_ratio	175	205	A	AAACT	ok	True
chr5	633507	633508	+	0.405128	mod_ratio	195	215	A	AAACT	ok	True
chr5	633891	633892	+	0.486111	mod_ratio	216	231	A	AAACT	ok	True
chr5	633930	633931	+	0.352332	mod_ratio	193	234	A	AAACC	ok	True
chr5	634228	634229	+	0.525114	mod_ratio	219	243	A	AAACT	ok	True
chr5	634269	634270	+	0.828283	mod_ratio	198	248	A	GAACG	ok	False
chr5	634278	634279	+	0.544503	mod_ratio	191	245	A	AAACT	ok	True
chr5	634892	634893	+	0.675799	mod_ratio	219	257	A	AGACC	ok	True
chr5	634897	634898	+	0.785311	mod_ratio	177	247	A	AAACC	ok	True
chr5	634911	634912	+	0.422018	mod_ratio	218	249	A	GAACA	ok	True
chr5	634953	634954	+	0.280255	mod_ratio	157	259	A	GAACC	ok	True
chr5	646897	646898	-	0.962963	mod_ratio	27	30	T	CGTCC	ok	False
chr5	648763	648764	+	0.784314	mod_ratio	51	74	A	AGACG	ok	False
chr5	650057	650058	+	0.611111	mod_ratio	72	81	A	AAACA	ok	True
chr5	650540	650541	+	0.616438	mod_ratio	73	86	A	AAACT	ok	True
chr5	650879	650880	+	0.560976	mod_ratio	82	89	A	AAACC	ok	True
chr5	650900	650901	+	0.475	mod_ratio	80	90	A	AAACC	ok	True
chr5	657923	657924	+	0.350554	mod_ratio	271	294	A	AGACG	ok	False
chr5	658030	658031	+	0.129371	mod_ratio	286	301	A	AAACC	ok	True
chr5	658096	658097	+	0.15444	mod_ratio	259	296	A	GAACT	ok	True
chr5	658483	658484	+	0.399417	mod_ratio	343	356	A	GAACT	ok	True
chr5	658606	658607	+	0.1375	mod_ratio	320	361	A	GGACT	ok	True
chr5	658656	658657	+	0.263636	mod_ratio	330	374	A	AAACC	ok	True
chr5	658811	658812	+	0.127027	mod_ratio	370	393	A	GAACC	ok	True
chr5	658849	658850	+	0.569322	mod_ratio	339	402	A	AGACC	ok	True
chr5	659457	659458	+	0.363868	mod_ratio	393	425	A	AGACT	ok	True
chr5	659470	659471	+	0.915344	mod_ratio	378	419	A	AGACA	ok	True
chr5	659606	659607	+	0.442748	mod_ratio	131	399	A	GGATT	ok	False
chr5	659617	659618	+	0.198675	mod_ratio	151	411	A	GGATT	ok	False
chr5	659641	659642	+	0.700599	mod_ratio	334	418	A	AGACG	ok	False
chr5	659654	659655	+	0.154574	mod_ratio	317	385	A	GAACT	ok	True
chr5	659674	659675	+	0.338235	mod_ratio	204	257	A	AAACT	ok	True
chr5	685112	685113	-	0.958333	mod_ratio	24	25	T	CGTTT	ok	False
chr5	693151	693152	-	0.642202	mod_ratio	763	1074	T	TGTCT	ok	True
chr5	693157	693158	-	0.357143	mod_ratio	112	1207	T	AATTC	ok	False
chr5	693524	693525	-	0.183271	mod_ratio	1064	1194	T	AGTTC	ok	True
chr5	693849	693850	-	0.434267	mod_ratio	928	1042	T	AGTCT	ok	True
chr5	693884	693885	-	0.190733	mod_ratio	928	1088	T	TGTCT	ok	True
chr5	694397	694398	-	0.123543	mod_ratio	858	975	T	TGTTT	ok	True
chr5	710771	710772	-	0.814815	mod_ratio	27	53	T	GTTTT	ok	False
chr5	710786	710787	-	0.648649	mod_ratio	37	57	T	GGTCC	ok	True
chr5	711991	711992	-	0.944444	mod_ratio	36	42	T	CGTTT	ok	False
chr5	712128	712129	-	0.714286	mod_ratio	35	39	T	CGTTC	ok	False
chr5	712197	712198	-	0.909091	mod_ratio	33	39	T	TGTCT	ok	True
chr5	734276	734277	+	0.5	mod_ratio	46	51	A	AGACT	ok	True
chr5	770024	770025	+	0.578947	mod_ratio	38	45	A	AGACG	ok	False
chr5	770067	770068	+	0.717949	mod_ratio	39	46	A	GGACG	ok	False
chr5	771760	771761	-	0.305085	mod_ratio	236	376	T	TGTTT	ok	True
chr5	771874	771875	-	0.358586	mod_ratio	198	261	T	AGTTT	ok	True
chr5	772086	772087	-	0.205955	mod_ratio	403	432	T	AGTCT	ok	True
chr5	772096	772097	-	0.255474	mod_ratio	411	458	T	GGTCT	ok	True
chr5	772117	772118	-	0.42623	mod_ratio	427	453	T	TGTCC	ok	True
chr5	772150	772151	-	0.266033	mod_ratio	421	454	T	TGTCT	ok	True
chr5	772281	772282	-	0.839888	mod_ratio	356	440	T	CGTCC	ok	False
chr5	772378	772379	-	0.224747	mod_ratio	396	424	T	TGTCT	ok	True
chr5	772573	772574	-	0.281768	mod_ratio	362	397	T	TGTCC	ok	True
chr5	772634	772635	-	0.161677	mod_ratio	334	386	T	GGTCT	ok	True
chr5	772649	772650	-	0.181303	mod_ratio	353	385	T	AGTCT	ok	True
chr5	772801	772802	-	0.251515	mod_ratio	330	366	T	TGTCC	ok	True
chr5	772862	772863	-	0.289809	mod_ratio	314	357	T	AGTCT	ok	True
chr5	794597	794598	+	0.558824	mod_ratio	68	74	A	AGACC	ok	True
chr5	795346	795347	+	0.455882	mod_ratio	68	85	A	AAACC	ok	True
chr5	795939	795940	+	0.360465	mod_ratio	86	97	A	GAACA	ok	True
chr5	796050	796051	+	0.4125	mod_ratio	80	96	A	AAACG	ok	False
chr5	796555	796556	+	0.317647	mod_ratio	85	104	A	AAACC	ok	True
chr5	796873	796874	+	0.292453	mod_ratio	106	111	A	GAACA	ok	True
chr5	796898	796899	+	0.386792	mod_ratio	106	110	A	AAACA	ok	True
chr5	797720	797721	+	0.264463	mod_ratio	121	128	A	GAACT	ok	True
chr5	798309	798310	+	0.679389	mod_ratio	131	142	A	AGACA	ok	True
chr5	798459	798460	+	0.208633	mod_ratio	139	145	A	GAACA	ok	True
chr5	798941	798942	+	0.306452	mod_ratio	124	154	A	GAACG	ok	False
chr5	798997	798998	+	0.805825	mod_ratio	103	149	A	AAACA	ok	True
chr5	799039	799040	+	0.398305	mod_ratio	118	145	A	AAACA	ok	True
chr5	799130	799131	+	1	mod_ratio	30	48	A	AGACA	ok	True
chr5	814546	814547	+	0.39759	mod_ratio	83	96	A	GGACT	ok	True
chr5	815527	815528	+	0.967742	mod_ratio	31	98	A	AGATG	ok	False
chr5	832939	832940	-	0.862069	mod_ratio	29	36	T	CGTTT	ok	False
chr5	833762	833763	-	0.870968	mod_ratio	31	36	T	GGTTT	ok	True
chr5	834083	834084	-	1	mod_ratio	28	32	T	CGTTT	ok	False
chr5	863229	863230	+	0.204918	mod_ratio	122	151	A	GGACA	ok	True
chr5	863851	863852	+	0.25	mod_ratio	120	135	A	AAACA	ok	True
chr5	863867	863868	+	0.447552	mod_ratio	143	156	A	GAACG	ok	False
chr5	863959	863960	+	0.37037	mod_ratio	108	150	A	AAACC	ok	True
chr5	863970	863971	+	0.87	mod_ratio	100	147	A	GGACC	ok	True
chr5	864376	864377	+	0.212389	mod_ratio	113	134	A	GAACC	ok	True
chr5	865174	865175	+	0.616822	mod_ratio	107	140	A	AAACG	ok	False
chr5	865532	865533	+	0.411765	mod_ratio	119	144	A	AAACC	ok	True
chr5	884206	884207	+	0.686567	mod_ratio	67	76	A	GGACA	ok	True
chr5	884792	884793	+	0.506494	mod_ratio	77	87	A	AGACG	ok	False
chr5	884888	884889	+	0.421053	mod_ratio	76	87	A	AAACA	ok	True
chr5	884892	884893	+	0.315789	mod_ratio	76	87	A	AAACC	ok	True
chr5	885097	885098	+	0.518072	mod_ratio	83	90	A	AAACA	ok	True
chr5	885264	885265	+	0.320513	mod_ratio	78	92	A	GAACG	ok	False
chr5	885371	885372	+	0.358209	mod_ratio	67	89	A	AAACT	ok	True
chr5	885407	885408	+	0.58209	mod_ratio	67	76	A	AAACT	ok	True
chr5	892982	892983	+	0.88	mod_ratio	25	27	A	GGACG	ok	False
chr5	892995	892996	+	0.962963	mod_ratio	27	27	A	AAACA	ok	True
chr5	894767	894768	+	0.604651	mod_ratio	43	60	A	AAACT	ok	True
chr5	894819	894820	+	0.270833	mod_ratio	96	113	A	AAACT	ok	True
chr5	894833	894834	+	0.238095	mod_ratio	105	114	A	GAACC	ok	True
chr5	898290	898291	-	0.888889	mod_ratio	27	33	T	TGTTT	ok	True
chr5	898641	898642	-	0.793103	mod_ratio	29	30	T	AGTTT	ok	True
chr5	922455	922456	-	0.405063	mod_ratio	79	89	T	AGTTT	ok	True
chr5	922842	922843	-	0.666667	mod_ratio	78	82	T	CGTCT	ok	False
chr5	923795	923796	-	0.491228	mod_ratio	57	59	T	AGTTT	ok	True
chr5	923814	923815	-	0.659574	mod_ratio	47	59	T	TGTCC	ok	True
chr5	939804	939805	+	0.34375	mod_ratio	64	74	A	AAACC	ok	True
chr5	939817	939818	+	0.370968	mod_ratio	62	74	A	GGACG	ok	False
chr5	940038	940039	+	0.619048	mod_ratio	42	50	A	AAACT	ok	True
chr5	982996	982997	+	0.8125	mod_ratio	48	58	A	AAACA	ok	True
chr5	983376	983377	+	0.571429	mod_ratio	56	63	A	AGACG	ok	False
chr5	983795	983796	+	0.453125	mod_ratio	64	72	A	AAACA	ok	True
chr5	984119	984120	+	0.539683	mod_ratio	63	74	A	AAACT	ok	True
chr5	984129	984130	+	0.5	mod_ratio	50	74	A	AAACC	ok	True
chr5	985929	985930	-	0.568627	mod_ratio	51	60	T	TGTCC	ok	True
chr5	986447	986448	-	0.73913	mod_ratio	46	52	T	TGTCC	ok	True
chr5	987032	987033	-	0.923077	mod_ratio	39	43	T	CGTTT	ok	False
chr5	1028406	1028407	-	0.143713	mod_ratio	167	554	T	AATCC	ok	False
chr5	1028420	1028421	-	0.612994	mod_ratio	354	543	T	TGTCT	ok	True
chr5	1028504	1028505	-	0.305556	mod_ratio	288	595	T	GTTTT	ok	False
chr5	1038583	1038584	-	0.40625	mod_ratio	192	241	T	CGTTC	ok	False
chr5	1038588	1038589	-	0.540881	mod_ratio	159	205	T	AGTTT	ok	True
chr5	1038740	1038741	-	0.259615	mod_ratio	208	250	T	TGTTT	ok	True
chr5	1038884	1038885	-	0.950311	mod_ratio	161	241	T	CGTTT	ok	False
chr5	1039211	1039212	-	0.475806	mod_ratio	124	210	T	AGTTT	ok	True
chr5	1039625	1039626	-	0.723077	mod_ratio	195	208	T	TGTTC	ok	True
chr5	1040223	1040224	-	0.767045	mod_ratio	176	214	T	TGTTT	ok	True
chr5	1040728	1040729	-	0.317708	mod_ratio	192	209	T	GGTTT	ok	True
chr5	1041234	1041235	-	0.935714	mod_ratio	140	157	T	CGTTT	ok	False
chr5	1041235	1041236	-	0.953488	mod_ratio	43	203	T	GTTTT	ok	False
chr5	1041333	1041334	-	0.238095	mod_ratio	168	188	T	GGTTC	ok	True
chr5	1050836	1050837	+	0.96	mod_ratio	25	30	A	AAAGT	ok	False
chr5	1060191	1060192	-	0.75	mod_ratio	56	69	T	GGTTT	ok	True
chr5	1060197	1060198	-	0.851852	mod_ratio	27	67	T	TGTCT	ok	True
chr5	1060231	1060232	-	0.885246	mod_ratio	61	74	T	CGTTT	ok	False
chr5	1060263	1060264	-	0.761905	mod_ratio	42	69	T	GTTTT	ok	False
chr5	1060359	1060360	-	0.492754	mod_ratio	69	75	T	AGTTC	ok	True
chr5	1060677	1060678	-	0.414286	mod_ratio	70	73	T	TGTTC	ok	True
chr5	1061221	1061222	-	0.64	mod_ratio	50	53	T	CGTCC	ok	False
chr5	1062469	1062470	-	0.758621	mod_ratio	29	40	T	GGTTT	ok	True
chr5	1104962	1104963	+	0.590909	mod_ratio	44	53	A	GGACA	ok	True
chr5	1130299	1130300	+	0.659091	mod_ratio	44	52	A	AGACC	ok	True
chr5	1130509	1130510	+	0.576923	mod_ratio	52	55	A	GAACA	ok	True
chr5	1131188	1131189	+	0.852941	mod_ratio	68	74	A	GGACA	ok	True
chr5	1132496	1132497	+	0.607595	mod_ratio	79	85	A	GGACC	ok	True
chr5	1133133	1133134	+	0.613636	mod_ratio	88	95	A	AAACC	ok	True
chr5	1133218	1133219	+	0.535714	mod_ratio	84	100	A	GGACC	ok	True
chr5	1133394	1133395	+	0.505376	mod_ratio	93	103	A	AAACC	ok	True
chr5	1133525	1133526	+	0.714286	mod_ratio	84	105	A	AGACC	ok	True
chr5	1133641	1133642	+	0.524272	mod_ratio	103	105	A	GAACC	ok	True
chr5	1133992	1133993	+	0.292035	mod_ratio	113	118	A	AAACT	ok	True
chr5	1134364	1134365	+	0.771429	mod_ratio	105	121	A	GGACA	ok	True
chr5	1134719	1134720	+	0.484848	mod_ratio	132	136	A	AAACA	ok	True
chr5	1134772	1134773	+	0.364341	mod_ratio	129	138	A	AAACT	ok	True
chr5	1134956	1134957	+	0.325758	mod_ratio	132	147	A	GAACC	ok	True
chr5	1135023	1135024	+	0.229167	mod_ratio	144	148	A	AGACT	ok	True
chr5	1135072	1135073	+	0.416107	mod_ratio	149	157	A	AAACT	ok	True
chr5	1135258	1135259	+	0.653061	mod_ratio	147	160	A	AAACG	ok	False
chr5	1135535	1135536	+	0.196429	mod_ratio	168	179	A	AAACC	ok	True
chr5	1135753	1135754	+	0.232432	mod_ratio	185	195	A	GAACT	ok	True
chr5	1135933	1135934	+	0.433735	mod_ratio	166	203	A	GAACC	ok	True
chr5	1135962	1135963	+	0.235294	mod_ratio	187	204	A	AAACA	ok	True
chr5	1135989	1135990	+	0.4	mod_ratio	180	202	A	GGACT	ok	True
chr5	1135999	1136000	+	0.244186	mod_ratio	172	191	A	AAACT	ok	True
chr5	1136096	1136097	+	0.241573	mod_ratio	178	192	A	AGACA	ok	True
chr5	1136113	1136114	+	0.164894	mod_ratio	188	207	A	GGACT	ok	True
chr5	1136606	1136607	+	0.668085	mod_ratio	235	257	A	GGACG	ok	False
chr5	1136610	1136611	+	0.269231	mod_ratio	234	255	A	GAACA	ok	True
chr5	1136624	1136625	+	0.854167	mod_ratio	240	255	A	AGACC	ok	True
chr5	1136632	1136633	+	0.604938	mod_ratio	243	255	A	AGACA	ok	True
chr5	1136649	1136650	+	0.155963	mod_ratio	218	245	A	AAACT	ok	True
chr5	1136783	1136784	+	0.246914	mod_ratio	243	262	A	GAACA	ok	True
chr5	1136836	1136837	+	0.238683	mod_ratio	243	276	A	GGACC	ok	True
chr5	1136970	1136971	+	0.490909	mod_ratio	55	285	A	GAACG	ok	False
chr5	1136990	1136991	+	0.265957	mod_ratio	94	291	A	AAACC	ok	True
chr5	1137079	1137080	+	0.169811	mod_ratio	265	303	A	GGACA	ok	True
chr5	1137203	1137204	+	0.814655	mod_ratio	232	304	A	GGACA	ok	True
chr5	1137523	1137524	+	0.193651	mod_ratio	315	349	A	AAACT	ok	True
chr5	1137559	1137560	+	0.469136	mod_ratio	81	369	A	AGACC	ok	True
chr5	1137706	1137707	+	0.142415	mod_ratio	323	377	A	AAACG	ok	False
chr5	1138030	1138031	+	0.217544	mod_ratio	285	385	A	AAACC	ok	True
chr5	1138218	1138219	+	0.473684	mod_ratio	285	333	A	AAACA	ok	True
chr5	1138220	1138221	+	0.346535	mod_ratio	101	436	A	ACACA	ok	False
chr5	1138310	1138311	+	0.616	mod_ratio	250	389	A	GGACA	ok	True
chr5	1250599	1250600	-	0.540816	mod_ratio	98	107	T	GGTTT	ok	True
chr5	1250640	1250641	-	0.461538	mod_ratio	78	94	T	TGTTT	ok	True
chr5	1250651	1250652	-	0.785714	mod_ratio	98	105	T	TGTCT	ok	True
chr5	1250797	1250798	-	0.358025	mod_ratio	81	102	T	GGTTC	ok	True
chr5	1250820	1250821	-	0.73494	mod_ratio	83	103	T	GGTCT	ok	True
chr5	1250937	1250938	-	0.293478	mod_ratio	92	100	T	TGTTT	ok	True
chr5	1250951	1250952	-	0.697674	mod_ratio	86	100	T	CGTCC	ok	False
chr5	1252163	1252164	-	0.613333	mod_ratio	75	86	T	GGTCC	ok	True
chr5	1252922	1252923	-	0.577465	mod_ratio	71	76	T	AGTTC	ok	True
chr5	1253460	1253461	-	0.672727	mod_ratio	55	65	T	GGTTC	ok	True
chr5	1256071	1256072	+	0.678571	mod_ratio	56	61	A	GGACA	ok	True
chr5	1256097	1256098	+	0.37931	mod_ratio	58	62	A	AAACT	ok	True
chr5	1256860	1256861	+	0.95122	mod_ratio	41	48	A	AAACG	ok	False
chr5	1281525	1281526	+	0.935484	mod_ratio	31	31	A	AGACG	ok	False
chr5	1292100	1292101	-	0.956522	mod_ratio	23	26	T	CGTCT	ok	False
chr5	1319525	1319526	+	0.707317	mod_ratio	82	90	A	GGACG	ok	False
chr5	1320157	1320158	+	0.522222	mod_ratio	90	97	A	GAACT	ok	True
chr5	1320359	1320360	+	0.333333	mod_ratio	90	97	A	GAACA	ok	True
chr5	1320421	1320422	+	0.268817	mod_ratio	93	100	A	AAACT	ok	True
chr5	1320510	1320511	+	0.294737	mod_ratio	95	98	A	GAACC	ok	True
chr5	1320553	1320554	+	0.6875	mod_ratio	96	105	A	GAACT	ok	True
chr5	1321374	1321375	+	0.155405	mod_ratio	148	168	A	AAACC	ok	True
chr5	1321380	1321381	+	0.301471	mod_ratio	136	147	A	AAACA	ok	True
chr5	1321403	1321404	+	0.144737	mod_ratio	152	165	A	AGACT	ok	True
chr5	1321565	1321566	+	0.490798	mod_ratio	163	173	A	AAACC	ok	True
chr5	1321570	1321571	+	0.409091	mod_ratio	154	175	A	AAACT	ok	True
chr5	1321810	1321811	+	0.596273	mod_ratio	161	189	A	AAACG	ok	False
chr5	1321823	1321824	+	0.312883	mod_ratio	163	190	A	AGACC	ok	True
chr5	1321990	1321991	+	0.174603	mod_ratio	189	199	A	GAACC	ok	True
chr5	1322255	1322256	+	0.380208	mod_ratio	192	209	A	AAACT	ok	True
chr5	1322355	1322356	+	0.219251	mod_ratio	187	217	A	GAACT	ok	True
chr5	1322461	1322462	+	0.540541	mod_ratio	74	203	A	GGATA	ok	False
chr5	1324197	1324198	+	0.674157	mod_ratio	89	97	A	GAACA	ok	True
chr5	1324225	1324226	+	0.244444	mod_ratio	90	98	A	AAACA	ok	True
chr5	1324557	1324558	+	0.356322	mod_ratio	87	100	A	AAACC	ok	True
chr5	1325109	1325110	+	0.359551	mod_ratio	89	102	A	AAACC	ok	True
chr5	1325499	1325500	+	0.308511	mod_ratio	94	103	A	GAACA	ok	True
chr5	1325573	1325574	+	0.56338	mod_ratio	71	97	A	AAACT	ok	True
chr5	1368633	1368634	-	0.367816	mod_ratio	87	103	T	AGTCT	ok	True
chr5	1368641	1368642	-	0.47619	mod_ratio	84	96	T	AGTTT	ok	True
chr5	1368685	1368686	-	0.479167	mod_ratio	48	108	T	GTTTT	ok	False
chr5	1368732	1368733	-	0.734177	mod_ratio	79	107	T	AGTTT	ok	True
chr5	1368874	1368875	-	0.78125	mod_ratio	64	106	T	TGTTT	ok	True
chr5	1369660	1369661	-	0.371795	mod_ratio	78	85	T	TGTTC	ok	True
chr5	1370076	1370077	-	0.934783	mod_ratio	46	67	T	CGTTT	ok	False
chr5	1372353	1372354	+	0.245098	mod_ratio	102	116	A	GAACG	ok	False
chr5	1373339	1373340	+	0.680412	mod_ratio	97	120	A	AAACC	ok	True
chr5	1373346	1373347	+	0.549451	mod_ratio	91	116	A	AGACA	ok	True
chr5	1373350	1373351	+	0.3125	mod_ratio	96	121	A	AAACA	ok	True
chr5	1389231	1389232	+	0.2	mod_ratio	175	191	A	GAACC	ok	True
chr5	1389237	1389238	+	0.231638	mod_ratio	177	190	A	AGACT	ok	True
chr5	1389350	1389351	+	0.370166	mod_ratio	181	198	A	AGACT	ok	True
chr5	1389392	1389393	+	0.954198	mod_ratio	131	199	A	AAACG	ok	False
chr5	1389407	1389408	+	0.542373	mod_ratio	177	202	A	GGACC	ok	True
chr5	1389492	1389493	+	0.218935	mod_ratio	169	203	A	AGACT	ok	True
chr5	1389519	1389520	+	0.467742	mod_ratio	186	203	A	AGACT	ok	True
chr5	1389771	1389772	+	0.30719	mod_ratio	153	196	A	AAACT	ok	True
chr5	1389783	1389784	+	0.382979	mod_ratio	141	192	A	AGACT	ok	True
chr5	1389818	1389819	+	0.505882	mod_ratio	85	158	A	GAACC	ok	True
chr5	1391639	1391640	+	1	mod_ratio	24	24	A	AAACG	ok	False
chr5	1392513	1392514	+	0.793103	mod_ratio	29	35	A	AGACG	ok	False
chr5	1392691	1392692	+	0.939394	mod_ratio	33	37	A	AGACG	ok	False
chr5	1392808	1392809	+	0.861111	mod_ratio	36	38	A	AAACG	ok	False
chr5	1393107	1393108	+	0.72973	mod_ratio	37	41	A	AAACC	ok	True
chr5	1393288	1393289	+	0.95	mod_ratio	40	45	A	AAACC	ok	True
chr5	1393592	1393593	+	0.6875	mod_ratio	48	52	A	AGACG	ok	False
chr5	1402089	1402090	-	0.46	mod_ratio	50	92	T	TGTTC	ok	True
chr5	1402219	1402220	-	0.308511	mod_ratio	188	204	T	AGTTT	ok	True
chr5	1402239	1402240	-	0.268293	mod_ratio	82	132	T	TGTTT	ok	True
chr5	1402240	1402241	-	0.307692	mod_ratio	104	206	T	GTTTT	ok	False
chr5	1402377	1402378	-	0.421769	mod_ratio	147	206	T	CGTCC	ok	False
chr5	1402419	1402420	-	0.380682	mod_ratio	176	200	T	GGTTT	ok	True
chr5	1402426	1402427	-	0.406452	mod_ratio	155	201	T	TGTCC	ok	True
chr5	1402613	1402614	-	0.254335	mod_ratio	173	192	T	TGTTT	ok	True
chr5	1402736	1402737	-	0.679012	mod_ratio	162	181	T	GGTTT	ok	True
chr5	1403618	1403619	-	0.223602	mod_ratio	161	176	T	TGTTC	ok	True
chr5	1436299	1436300	+	0.83871	mod_ratio	31	34	A	AAACG	ok	False
chr5	1437201	1437202	+	0.818182	mod_ratio	33	36	A	AAACT	ok	True
chr5	1439215	1439216	-	0.866667	mod_ratio	30	33	T	TGTCC	ok	True
chr5	1439950	1439951	-	0.851852	mod_ratio	27	31	T	CGTCT	ok	False
chr5	1440063	1440064	-	0.846154	mod_ratio	26	31	T	TGTCC	ok	True
chr5	1457703	1457704	-	0.716049	mod_ratio	81	91	T	TGTTC	ok	True
chr5	1458272	1458273	-	0.833333	mod_ratio	60	80	T	CGTTT	ok	False
chr5	1458281	1458282	-	0.522388	mod_ratio	67	87	T	CGTCC	ok	False
chr5	1458335	1458336	-	0.458333	mod_ratio	72	82	T	GGTTT	ok	True
chr5	1458730	1458731	-	0.454545	mod_ratio	55	69	T	TGTCC	ok	True
chr5	1458760	1458761	-	0.534884	mod_ratio	43	60	T	GGTTT	ok	True
chr5	1471899	1471900	-	0.925926	mod_ratio	27	31	T	TGTCT	ok	True
chr5	1474511	1474512	-	0.948718	mod_ratio	39	41	T	CGTTT	ok	False
chr5	1477503	1477504	+	0.860465	mod_ratio	43	46	A	AGACG	ok	False
chr5	1477937	1477938	+	0.5	mod_ratio	44	56	A	AAACT	ok	True
chr5	1477972	1477973	+	0.54902	mod_ratio	51	56	A	GGACG	ok	False
chr5	1478645	1478646	+	0.807018	mod_ratio	57	75	A	AGACG	ok	False
chr5	1479142	1479143	+	0.693333	mod_ratio	75	81	A	AAACT	ok	True
chr5	1479171	1479172	+	0.37037	mod_ratio	81	83	A	AGACA	ok	True
chr5	1479272	1479273	+	0.653333	mod_ratio	75	86	A	AGACA	ok	True
chr5	1479873	1479874	+	0.471429	mod_ratio	70	90	A	AAACA	ok	True
chr5	1479948	1479949	+	0.962963	mod_ratio	27	94	A	GGATG	ok	False
chr5	1479978	1479979	+	0.318841	mod_ratio	69	91	A	GGATT	ok	False
chr5	1480016	1480017	+	0.87037	mod_ratio	54	69	A	AGACA	ok	True
chr5	1494348	1494349	-	0.536585	mod_ratio	41	43	T	GGTTC	ok	True
chr5	1494411	1494412	-	0.675676	mod_ratio	37	39	T	CGTTT	ok	False
chr5	1494416	1494417	-	0.666667	mod_ratio	42	45	T	AGTCT	ok	True
chr5	1494510	1494511	-	0.785714	mod_ratio	42	42	T	AGTTC	ok	True
chr5	1494659	1494660	-	0.764706	mod_ratio	34	43	T	GGTCT	ok	True
chr5	1498686	1498687	-	0.714286	mod_ratio	56	63	T	AGTTT	ok	True
chr5	1498692	1498693	-	0.333333	mod_ratio	66	76	T	GGTTC	ok	True
chr5	1498938	1498939	-	0.5	mod_ratio	56	72	T	CGTCT	ok	False
chr5	1498950	1498951	-	0.5	mod_ratio	68	72	T	CGTCT	ok	False
chr5	1498995	1498996	-	0.416667	mod_ratio	60	71	T	TGTCT	ok	True
chr5	1499338	1499339	-	0.741935	mod_ratio	62	67	T	TGTCT	ok	True
chr5	1505354	1505355	-	0.903226	mod_ratio	31	50	T	TGTCT	ok	True
chr5	1505422	1505423	-	0.659574	mod_ratio	47	56	T	TGTTT	ok	True
chr5	1505596	1505597	-	0.886364	mod_ratio	44	57	T	CGTCT	ok	False
chr5	1505674	1505675	-	0.615385	mod_ratio	52	57	T	GGTTT	ok	True
chr5	1530428	1530429	-	0.309278	mod_ratio	97	108	T	TGTCC	ok	True
chr5	1530616	1530617	-	0.684211	mod_ratio	38	97	T	GGTCC	ok	True
chr5	1530875	1530876	-	0.493506	mod_ratio	77	87	T	CGTTT	ok	False
chr5	1531725	1531726	-	0.785714	mod_ratio	70	75	T	TGTCC	ok	True
chr5	1532030	1532031	-	0.645161	mod_ratio	62	72	T	TGTCC	ok	True
chr5	1532438	1532439	-	0.37931	mod_ratio	58	62	T	GGTTT	ok	True
chr5	1532444	1532445	-	0.891304	mod_ratio	46	64	T	GGTCC	ok	True
chr5	1533099	1533100	-	0.553571	mod_ratio	56	57	T	TGTCT	ok	True
chr5	1533538	1533539	-	0.744681	mod_ratio	47	50	T	GGTTT	ok	True
chr5	1534248	1534249	-	0.619048	mod_ratio	42	46	T	CGTTC	ok	False
chr5	1544091	1544092	-	0.675676	mod_ratio	37	52	T	TGTTT	ok	True
chr5	1544170	1544171	-	0.42623	mod_ratio	61	65	T	AGTTT	ok	True
chr5	1544278	1544279	-	0.62069	mod_ratio	58	66	T	TGTTC	ok	True
chr5	1544593	1544594	-	0.354839	mod_ratio	62	63	T	TGTCT	ok	True
chr5	1563916	1563917	+	0.263473	mod_ratio	167	185	A	AAACA	ok	True
chr5	1563943	1563944	+	0.219697	mod_ratio	132	189	A	AAACC	ok	True
chr5	1564344	1564345	+	0.233503	mod_ratio	197	210	A	AAACT	ok	True
chr5	1564680	1564681	+	0.572139	mod_ratio	201	217	A	AGACG	ok	False
chr5	1564703	1564704	+	0.236842	mod_ratio	190	220	A	AAACT	ok	True
chr5	1564923	1564924	+	0.427673	mod_ratio	159	199	A	AAACT	ok	True
chr5	1564952	1564953	+	0.348066	mod_ratio	181	215	A	GAACA	ok	True
chr5	1588621	1588622	+	0.5	mod_ratio	46	53	A	AGACG	ok	False
chr5	1591706	1591707	-	0.198529	mod_ratio	136	165	T	GGTTC	ok	True
chr5	1664365	1664366	+	0.93617	mod_ratio	47	54	A	AGACC	ok	True
chr5	1664495	1664496	+	0.519231	mod_ratio	52	56	A	AAACC	ok	True
chr5	1665451	1665452	+	0.705882	mod_ratio	51	68	A	GAACA	ok	True
chr5	1665490	1665491	+	0.509434	mod_ratio	53	66	A	GGACA	ok	True
chr5	1665611	1665612	+	0.535211	mod_ratio	71	74	A	AAACT	ok	True
chr5	1666001	1666002	+	0.36	mod_ratio	75	77	A	GAACT	ok	True
chr5	1666179	1666180	+	0.438356	mod_ratio	73	81	A	AAACC	ok	True
chr5	1666221	1666222	+	0.318841	mod_ratio	69	80	A	GGACC	ok	True
chr5	1666266	1666267	+	0.338028	mod_ratio	71	83	A	AAACA	ok	True
chr5	1677180	1677181	-	0.774194	mod_ratio	31	36	T	TGTCT	ok	True
chr5	1702872	1702873	-	0.392857	mod_ratio	56	65	T	TGTTC	ok	True
chr5	1702985	1702986	-	0.545455	mod_ratio	55	73	T	TGTCT	ok	True
chr5	1703368	1703369	-	0.661017	mod_ratio	59	65	T	GGTTT	ok	True
chr5	1703374	1703375	-	0.806452	mod_ratio	62	67	T	GGTCT	ok	True
chr5	1703545	1703546	-	0.576271	mod_ratio	59	65	T	CGTCT	ok	False
chr5	1703583	1703584	-	0.766667	mod_ratio	60	65	T	CGTCT	ok	False
chr5	1705583	1705584	-	0.553571	mod_ratio	56	56	T	TGTTT	ok	True
chr5	1725032	1725033	-	0.521739	mod_ratio	46	48	T	TGTCC	ok	True
chr5	1725403	1725404	-	0.547619	mod_ratio	42	47	T	TGTCT	ok	True
chr5	1735876	1735877	+	0.657143	mod_ratio	35	41	A	AGACG	ok	False
chr5	1736662	1736663	+	0.702703	mod_ratio	37	46	A	AAACT	ok	True
chr5	1738282	1738283	+	0.470588	mod_ratio	51	58	A	GAACG	ok	False
chr5	1790315	1790316	+	0.36646	mod_ratio	161	206	A	AAACC	ok	True
chr5	1790358	1790359	+	0.550505	mod_ratio	198	213	A	AGACA	ok	True
chr5	1790446	1790447	+	0.796703	mod_ratio	182	217	A	AAACA	ok	True
chr5	1790545	1790546	+	0.497382	mod_ratio	191	219	A	AAACG	ok	False
chr5	1790730	1790731	+	0.350785	mod_ratio	191	219	A	AAACC	ok	True
chr5	1823959	1823960	-	0.71875	mod_ratio	64	91	T	GTTTT	ok	False
chr5	1823976	1823977	-	0.676471	mod_ratio	34	63	T	TGTTT	ok	True
chr5	1824128	1824129	-	0.455696	mod_ratio	79	96	T	TGTCC	ok	True
chr5	1824214	1824215	-	0.314607	mod_ratio	89	94	T	GGTCC	ok	True
chr5	1824798	1824799	-	0.556962	mod_ratio	79	84	T	AGTTC	ok	True
chr5	1884703	1884704	+	0.676471	mod_ratio	34	39	A	GGACG	ok	False
chr5	1885290	1885291	+	1	mod_ratio	35	44	A	AGACA	ok	True
chr5	1885327	1885328	+	0.631579	mod_ratio	38	44	A	AAACT	ok	True
chr5	1919584	1919585	+	0.227642	mod_ratio	123	132	A	GAACT	ok	True
chr5	1920648	1920649	+	0.748201	mod_ratio	139	151	A	AAACA	ok	True
chr5	1920900	1920901	+	0.283333	mod_ratio	120	162	A	AGACA	ok	True
chr5	1920965	1920966	+	0.677852	mod_ratio	149	164	A	AGACA	ok	True
chr5	1921168	1921169	+	0.920863	mod_ratio	139	173	A	AAACC	ok	True
chr5	1921309	1921310	+	0.379747	mod_ratio	79	166	A	GAACC	ok	True
chr5	1931246	1931247	-	0.478261	mod_ratio	46	55	T	TGTCC	ok	True
chr5	1931255	1931256	-	0.744681	mod_ratio	47	52	T	AGTTT	ok	True
chr5	1931462	1931463	-	0.5	mod_ratio	44	48	T	AGTTT	ok	True
chr5	1931697	1931698	-	0.808511	mod_ratio	47	49	T	CGTTT	ok	False
chr5	1936558	1936559	+	0.922222	mod_ratio	90	101	A	AAACA	ok	True
chr5	1937415	1937416	+	0.643564	mod_ratio	101	109	A	AAACT	ok	True
chr5	1937455	1937456	+	0.641304	mod_ratio	92	109	A	AAACT	ok	True
chr5	1937460	1937461	+	0.62766	mod_ratio	94	110	A	AAACC	ok	True
chr5	1938018	1938019	+	0.622951	mod_ratio	61	79	A	AGACA	ok	True
chr5	1945997	1945998	+	0.556962	mod_ratio	79	96	A	AAACA	ok	True
chr5	1946036	1946037	+	0.817073	mod_ratio	82	104	A	GGACC	ok	True
chr5	1946126	1946127	+	0.477273	mod_ratio	88	104	A	GAACT	ok	True
chr5	1946602	1946603	+	0.371134	mod_ratio	97	113	A	AAACA	ok	True
chr5	1947562	1947563	-	0.71875	mod_ratio	32	33	T	TGTCC	ok	True
chr5	2065495	2065496	+	0.647059	mod_ratio	34	35	A	AAACA	ok	True
chr5	2132520	2132521	+	0.787879	mod_ratio	33	50	A	GGACC	ok	True
chr5	2133328	2133329	+	0.507692	mod_ratio	65	75	A	AAACT	ok	True
chr5	2168026	2168027	+	0.366667	mod_ratio	120	131	A	AAACT	ok	True
chr5	2168880	2168881	+	0.345324	mod_ratio	139	156	A	GAACC	ok	True
chr5	2169004	2169005	+	0.669118	mod_ratio	136	158	A	AAACC	ok	True
chr5	2169009	2169010	+	0.59854	mod_ratio	137	153	A	AAACT	ok	True
chr5	2169088	2169089	+	0.272059	mod_ratio	136	157	A	AGACT	ok	True
chr5	2169221	2169222	+	0.360656	mod_ratio	122	147	A	AGACT	ok	True
chr5	2180588	2180589	-	0.648148	mod_ratio	108	296	T	TATCC	ok	False
chr5	2180745	2180746	-	0.382143	mod_ratio	280	320	T	GGTTT	ok	True
chr5	2180769	2180770	-	0.284644	mod_ratio	267	315	T	AGTTT	ok	True
chr5	2181786	2181787	-	0.16895	mod_ratio	219	292	T	AGTCC	ok	True
chr5	2181864	2181865	-	0.131915	mod_ratio	235	288	T	TGTTC	ok	True
chr5	2182233	2182234	-	0.240664	mod_ratio	241	261	T	GGTTT	ok	True
chr5	2182258	2182259	-	0.868085	mod_ratio	235	266	T	CGTTT	ok	False
chr5	2182317	2182318	-	0.304762	mod_ratio	105	150	T	TGTTC	ok	True
chr5	2183585	2183586	-	0.69697	mod_ratio	33	38	T	TGTCT	ok	True
chr5	2202793	2202794	+	0.12037	mod_ratio	324	354	A	AAACT	ok	True
chr5	2202925	2202926	+	0.288961	mod_ratio	308	364	A	AAACC	ok	True
chr5	2202937	2202938	+	0.202532	mod_ratio	316	350	A	GGACC	ok	True
chr5	2202984	2202985	+	0.122024	mod_ratio	336	372	A	GAACA	ok	True
chr5	2203067	2203068	+	0.626471	mod_ratio	340	380	A	GGACT	ok	True
chr5	2203205	2203206	+	0.182609	mod_ratio	345	389	A	AGACC	ok	True
chr5	2203243	2203244	+	0.356948	mod_ratio	367	396	A	GGACG	ok	False
chr5	2203434	2203435	+	0.172308	mod_ratio	325	376	A	GAACA	ok	True
chr5	2203578	2203579	+	0.158904	mod_ratio	365	423	A	AAACA	ok	True
chr5	2203634	2203635	+	0.909091	mod_ratio	363	439	A	AGACA	ok	True
chr5	2203650	2203651	+	0.177378	mod_ratio	389	434	A	AGACT	ok	True
chr5	2203848	2203849	+	0.118644	mod_ratio	354	451	A	AGACT	ok	True
chr5	2203899	2203900	+	0.547945	mod_ratio	73	427	A	GGATT	ok	False
chr5	2203907	2203908	+	0.205405	mod_ratio	370	448	A	AAACC	ok	True
chr5	2265387	2265388	-	0.5	mod_ratio	66	81	T	AGTCC	ok	True
chr5	2265583	2265584	-	0.885714	mod_ratio	70	94	T	GGTTT	ok	True
chr5	2265591	2265592	-	0.885246	mod_ratio	61	94	T	CGTTT	ok	False
chr5	2265757	2265758	-	0.333333	mod_ratio	78	92	T	GGTTT	ok	True
chr5	2266070	2266071	-	0.85	mod_ratio	80	85	T	CGTCT	ok	False
chr5	2266175	2266176	-	0.6	mod_ratio	70	79	T	TGTCC	ok	True
chr5	2266265	2266266	-	0.461538	mod_ratio	65	76	T	CGTTT	ok	False
chr5	2266617	2266618	-	0.791045	mod_ratio	67	73	T	TGTCC	ok	True
chr5	2266671	2266672	-	0.428571	mod_ratio	56	71	T	AGTCC	ok	True
chr5	2273515	2273516	+	0.962963	mod_ratio	27	31	A	AGACC	ok	True
chr5	2273831	2273832	+	0.870968	mod_ratio	31	33	A	AGACA	ok	True
chr5	2331245	2331246	+	0.461538	mod_ratio	52	59	A	AAACA	ok	True
chr5	2331270	2331271	+	0.471698	mod_ratio	53	58	A	GAACA	ok	True
chr5	2331782	2331783	+	0.525424	mod_ratio	59	63	A	GGACA	ok	True
chr5	2331886	2331887	+	0.666667	mod_ratio	60	63	A	AAACG	ok	False
chr5	2331969	2331970	+	0.557692	mod_ratio	52	58	A	AGACC	ok	True
chr5	2332165	2332166	+	0.529412	mod_ratio	51	65	A	AAACT	ok	True
chr5	2356808	2356809	+	0.603774	mod_ratio	53	60	A	AAACC	ok	True
chr5	2357346	2357347	+	0.403509	mod_ratio	57	67	A	GAACC	ok	True
chr5	2357388	2357389	+	0.862069	mod_ratio	58	69	A	GGACG	ok	False
chr5	2357910	2357911	+	0.540541	mod_ratio	74	84	A	AGACA	ok	True
chr5	2358144	2358145	+	0.426471	mod_ratio	68	75	A	AAACT	ok	True
chr5	2360813	2360814	-	0.659574	mod_ratio	47	55	T	TGTTT	ok	True
chr5	2361507	2361508	-	0.433962	mod_ratio	53	66	T	TGTCT	ok	True
chr5	2361533	2361534	-	0.435484	mod_ratio	62	64	T	TGTCT	ok	True
chr5	2361586	2361587	-	0.425926	mod_ratio	54	62	T	GGTTC	ok	True
chr5	2361795	2361796	-	0.392857	mod_ratio	56	58	T	GGTTT	ok	True
chr5	2362588	2362589	-	0.521739	mod_ratio	46	61	T	GGTTT	ok	True
chr5	2362927	2362928	-	0.461538	mod_ratio	78	81	T	CGTTC	ok	False
chr5	2362948	2362949	-	0.310811	mod_ratio	74	81	T	AGTTT	ok	True
chr5	2364105	2364106	-	0.513889	mod_ratio	72	76	T	GGTCT	ok	True
chr5	2400048	2400049	+	0.735294	mod_ratio	34	36	A	AGACA	ok	True
chr5	2577286	2577287	-	0.715328	mod_ratio	137	163	T	AGTTT	ok	True
chr5	2577432	2577433	-	0.71831	mod_ratio	142	161	T	AGTTT	ok	True
chr5	2578391	2578392	+	0.190083	mod_ratio	121	394	A	AAACC	ok	True
chr5	2578404	2578405	+	0.121528	mod_ratio	288	456	A	AGACA	ok	True
chr5	2578428	2578429	+	0.585938	mod_ratio	384	488	A	AAACT	ok	True
chr5	2578609	2578610	+	0.389247	mod_ratio	465	521	A	AAACT	ok	True
chr5	2578767	2578768	+	0.359447	mod_ratio	434	545	A	AAACC	ok	True
chr5	2578775	2578776	+	0.722222	mod_ratio	72	550	A	AAACG	ok	False
chr5	2578784	2578785	+	0.404339	mod_ratio	507	552	A	GAACG	ok	False
chr5	2578822	2578823	+	0.304251	mod_ratio	447	548	A	GGACC	ok	True
chr5	2579014	2579015	+	0.37797	mod_ratio	463	517	A	AGACT	ok	True
chr5	2579037	2579038	+	0.338983	mod_ratio	118	546	A	AAACT	ok	True
chr5	2579130	2579131	+	0.288557	mod_ratio	201	242	A	AAACG	ok	False
chr5	2580825	2580826	+	0.48	mod_ratio	150	165	A	AAACC	ok	True
chr5	2580909	2580910	+	0.36	mod_ratio	150	166	A	GGACT	ok	True
chr5	2582195	2582196	+	0.14557	mod_ratio	158	169	A	AGACT	ok	True
chr5	2582282	2582283	+	0.255319	mod_ratio	141	168	A	AAACA	ok	True
chr5	2582306	2582307	+	0.259843	mod_ratio	127	168	A	AAACA	ok	True
chr5	2589612	2589613	+	0.851852	mod_ratio	27	34	A	GGACA	ok	True
chr5	2589729	2589730	+	0.6875	mod_ratio	32	35	A	AAACC	ok	True
chr5	2626609	2626610	-	0.892857	mod_ratio	28	32	T	GGTTT	ok	True
chr5	2631758	2631759	-	0.726316	mod_ratio	95	148	T	AGTCC	ok	True
chr5	2631835	2631836	-	0.255474	mod_ratio	137	178	T	AGTTT	ok	True
chr5	2631887	2631888	-	0.145455	mod_ratio	165	180	T	TGTTC	ok	True
chr5	2631894	2631895	-	0.238095	mod_ratio	168	190	T	AGTCT	ok	True
chr5	2631944	2631945	-	0.654545	mod_ratio	165	186	T	GGTTT	ok	True
chr5	2631977	2631978	-	0.94	mod_ratio	150	163	T	CGTTT	ok	False
chr5	2633077	2633078	-	0.354839	mod_ratio	124	171	T	CGTCT	ok	False
chr5	2633254	2633255	-	0.572368	mod_ratio	152	168	T	AGTTT	ok	True
chr5	2633276	2633277	-	0.382353	mod_ratio	68	115	T	GTTTT	ok	False
chr5	2633293	2633294	-	0.264901	mod_ratio	151	166	T	GGTTT	ok	True
chr5	2663638	2663639	-	0.296875	mod_ratio	128	172	T	TGTTT	ok	True
chr5	2663668	2663669	-	0.447059	mod_ratio	170	196	T	AGTTC	ok	True
chr5	2663866	2663867	-	0.664921	mod_ratio	191	202	T	GGTCT	ok	True
chr5	2664026	2664027	-	0.568966	mod_ratio	174	197	T	CGTCC	ok	False
chr5	2664075	2664076	-	0.37931	mod_ratio	116	191	T	CGTTT	ok	False
chr5	2664109	2664110	-	0.457627	mod_ratio	177	191	T	AGTCT	ok	True
chr5	2664125	2664126	-	0.214286	mod_ratio	140	182	T	GGTTC	ok	True
chr5	2664425	2664426	-	0.290323	mod_ratio	93	110	T	AGTTT	ok	True
chr5	2664426	2664427	-	0.884615	mod_ratio	52	177	T	GTTTT	ok	False
chr5	2664434	2664435	-	0.512987	mod_ratio	154	176	T	AGTCT	ok	True
chr5	2664803	2664804	-	0.283688	mod_ratio	141	161	T	CGTCT	ok	False
chr5	2664823	2664824	-	0.2	mod_ratio	150	159	T	AGTCC	ok	True
chr5	2664876	2664877	-	0.677083	mod_ratio	96	112	T	CGTTT	ok	False
chr5	2664877	2664878	-	0.717949	mod_ratio	39	153	T	GTTTT	ok	False
chr5	2664916	2664917	-	0.34965	mod_ratio	143	153	T	AGTTC	ok	True
chr5	2664925	2664926	-	0.389706	mod_ratio	136	149	T	TGTTT	ok	True
chr5	2664948	2664949	-	0.412214	mod_ratio	131	151	T	CGTCT	ok	False
chr5	2665382	2665383	-	0.550388	mod_ratio	129	149	T	AGTTC	ok	True
chr5	2665395	2665396	-	0.553719	mod_ratio	121	144	T	TGTTC	ok	True
chr5	2666150	2666151	+	0.380952	mod_ratio	168	179	A	AGACC	ok	True
chr5	2666657	2666658	+	0.458599	mod_ratio	157	181	A	AGACG	ok	False
chr5	2666792	2666793	+	0.207865	mod_ratio	178	186	A	GAACT	ok	True
chr5	2666968	2666969	+	0.5	mod_ratio	160	191	A	AAACC	ok	True
chr5	2667111	2667112	+	0.327586	mod_ratio	116	185	A	GAACA	ok	True
chr5	2668077	2668078	+	0.537037	mod_ratio	54	58	A	GAACA	ok	True
chr5	2668444	2668445	+	0.557377	mod_ratio	61	67	A	AAACT	ok	True
chr5	2668905	2668906	+	0.592593	mod_ratio	54	72	A	GGACA	ok	True
chr5	2668950	2668951	+	0.666667	mod_ratio	63	72	A	AAACA	ok	True
chr5	2669562	2669563	+	0.642857	mod_ratio	70	82	A	GGACA	ok	True
chr5	2669714	2669715	+	0.61194	mod_ratio	67	81	A	AAACC	ok	True
chr5	2669819	2669820	+	0.76087	mod_ratio	46	83	A	GAACA	ok	True
chr5	2681219	2681220	+	0.944444	mod_ratio	36	36	A	GGACA	ok	True
chr5	2710533	2710534	-	0.692308	mod_ratio	65	107	T	CGTCC	ok	False
chr5	2714854	2714855	+	0.818182	mod_ratio	33	36	A	AAACA	ok	True
chr5	2715944	2715945	+	0.625	mod_ratio	40	46	A	AGACG	ok	False
chr5	2759365	2759366	-	0.56	mod_ratio	100	117	T	GGTTT	ok	True
chr5	2759487	2759488	-	0.459459	mod_ratio	74	133	T	GTTTT	ok	False
chr5	2759919	2759920	-	0.261905	mod_ratio	126	138	T	TGTCT	ok	True
chr5	2759988	2759989	-	0.928	mod_ratio	125	134	T	TGTTT	ok	True
chr5	2760304	2760305	-	0.75	mod_ratio	108	115	T	TGTCC	ok	True
chr5	2760422	2760423	-	0.723684	mod_ratio	76	112	T	TGTCC	ok	True
chr5	2760869	2760870	-	0.538462	mod_ratio	91	92	T	AGTTC	ok	True
chr5	2761046	2761047	-	0.473684	mod_ratio	76	88	T	GGTCC	ok	True
chr5	2761751	2761752	-	0.385714	mod_ratio	70	78	T	AGTCT	ok	True
chr5	2764035	2764036	+	0.709677	mod_ratio	31	39	A	AGACC	ok	True
chr5	2764190	2764191	+	0.666667	mod_ratio	39	42	A	AGACC	ok	True
chr5	2764506	2764507	+	0.657895	mod_ratio	38	44	A	GAACA	ok	True
chr5	2783487	2783488	+	0.611111	mod_ratio	36	38	A	AAACT	ok	True
chr5	2786047	2786048	+	0.815789	mod_ratio	38	54	A	AAACA	ok	True
chr5	2804030	2804031	+	0.445545	mod_ratio	101	104	A	AGACA	ok	True
chr5	2804322	2804323	+	0.444444	mod_ratio	99	117	A	AAACC	ok	True
chr5	2804998	2804999	+	0.327273	mod_ratio	110	136	A	GGACG	ok	False
chr5	2805072	2805073	+	0.475	mod_ratio	120	143	A	GGACC	ok	True
chr5	2805084	2805085	+	0.450382	mod_ratio	131	145	A	GAACT	ok	True
chr5	2805117	2805118	+	0.474576	mod_ratio	118	145	A	AAACC	ok	True
chr5	2805159	2805160	+	0.446602	mod_ratio	103	121	A	AAACT	ok	True
chr5	2805300	2805301	+	0.433333	mod_ratio	120	131	A	AAACA	ok	True
chr5	2805371	2805372	+	0.795455	mod_ratio	44	58	A	GGACC	ok	True
chr5	2806553	2806554	-	0.306667	mod_ratio	75	86	T	AGTTT	ok	True
chr5	2812780	2812781	-	0.479167	mod_ratio	48	52	T	TGTTC	ok	True
chr5	2812870	2812871	-	0.44898	mod_ratio	49	50	T	TGTTC	ok	True
chr5	2818229	2818230	-	0.491018	mod_ratio	167	201	T	TGTTC	ok	True
chr5	2818300	2818301	-	0.934211	mod_ratio	228	244	T	CGTTT	ok	False
chr5	2818472	2818473	-	0.127358	mod_ratio	212	230	T	TGTTC	ok	True
chr5	2819157	2819158	-	0.892405	mod_ratio	158	188	T	TGTCT	ok	True
chr5	2819179	2819180	-	0.904459	mod_ratio	157	188	T	CGTCC	ok	False
chr5	2819502	2819503	-	0.393333	mod_ratio	150	164	T	CGTCT	ok	False
chr5	2819552	2819553	-	0.253968	mod_ratio	126	156	T	AGTCC	ok	True
chr5	2820194	2820195	-	0.666667	mod_ratio	120	126	T	TGTTC	ok	True
chr5	2820199	2820200	-	0.904348	mod_ratio	115	128	T	GGTCT	ok	True
chr5	2820331	2820332	-	0.869919	mod_ratio	123	129	T	CGTCC	ok	False
chr5	2822711	2822712	+	0.88	mod_ratio	50	53	A	GGACG	ok	False
chr5	2822861	2822862	+	0.818182	mod_ratio	44	50	A	AGACC	ok	True
chr5	2823266	2823267	+	0.666667	mod_ratio	51	57	A	GGACC	ok	True
chr5	2823889	2823890	+	0.813333	mod_ratio	75	86	A	AGACA	ok	True
chr5	2824752	2824753	+	0.477612	mod_ratio	67	99	A	AAACC	ok	True
chr5	2826140	2826141	+	0.333333	mod_ratio	75	83	A	GGACC	ok	True
chr5	2826678	2826679	+	0.623377	mod_ratio	77	86	A	AGACC	ok	True
chr5	2827323	2827324	+	0.356164	mod_ratio	73	106	A	GGACT	ok	True
chr5	2827719	2827720	+	0.772277	mod_ratio	101	126	A	GGACG	ok	False
chr5	2827741	2827742	+	0.765306	mod_ratio	98	126	A	AGACA	ok	True
chr5	2828426	2828427	+	0.197368	mod_ratio	152	173	A	AGACC	ok	True
chr5	2841715	2841716	-	0.896552	mod_ratio	29	31	T	TGTCT	ok	True
chr5	2842333	2842334	-	0.96	mod_ratio	25	27	T	TGTCT	ok	True
chr5	2849254	2849255	-	0.894737	mod_ratio	38	40	T	CGTTT	ok	False
chr5	2866875	2866876	+	0.666667	mod_ratio	60	67	A	AAACC	ok	True
chr5	2867125	2867126	+	0.615385	mod_ratio	65	69	A	GGACC	ok	True
chr5	2867956	2867957	+	0.432432	mod_ratio	74	80	A	GAACA	ok	True
chr5	2867968	2867969	+	0.297297	mod_ratio	74	81	A	AAACA	ok	True
chr5	2868492	2868493	+	0.666667	mod_ratio	84	87	A	AGACA	ok	True
chr5	2869013	2869014	+	0.565217	mod_ratio	46	71	A	AAACC	ok	True
chr5	2869592	2869593	-	0.731707	mod_ratio	41	47	T	AGTTT	ok	True
chr5	2951041	2951042	-	0.709677	mod_ratio	31	37	T	CGTTT	ok	False
chr5	2951145	2951146	-	0.8	mod_ratio	30	37	T	AGTTT	ok	True
chr5	2955508	2955509	-	0.557692	mod_ratio	104	226	T	GTTTT	ok	False
chr5	2955540	2955541	-	0.537736	mod_ratio	212	239	T	AGTTT	ok	True
chr5	2955611	2955612	-	0.763441	mod_ratio	186	283	T	GGTCC	ok	True
chr5	2955796	2955797	-	0.74902	mod_ratio	255	300	T	TGTCC	ok	True
chr5	2956172	2956173	-	0.36965	mod_ratio	257	276	T	AGTTT	ok	True
chr5	2956440	2956441	-	0.217391	mod_ratio	138	261	T	GGTTC	ok	True
chr5	2977154	2977155	+	0.857143	mod_ratio	28	31	A	AAACT	ok	True
chr5	2977549	2977550	+	0.787879	mod_ratio	33	38	A	AGACT	ok	True
chr5	2977905	2977906	+	0.619048	mod_ratio	42	43	A	AGACT	ok	True
chr5	2978079	2978080	+	0.702703	mod_ratio	37	44	A	AGACG	ok	False
chr5	2980190	2980191	+	0.973684	mod_ratio	38	67	A	AAACG	ok	False
chr5	2980529	2980530	+	0.529412	mod_ratio	51	64	A	AAACC	ok	True
chr5	2980622	2980623	+	0.446429	mod_ratio	56	75	A	AAACT	ok	True
chr5	2980713	2980714	+	0.788462	mod_ratio	52	73	A	AGACC	ok	True
chr5	2991222	2991223	-	0.292035	mod_ratio	226	405	T	AATCC	ok	False
chr5	2991228	2991229	-	0.302198	mod_ratio	182	406	T	AATCC	ok	False
chr5	2991286	2991287	-	0.222826	mod_ratio	368	412	T	AGTCT	ok	True
chr5	2991329	2991330	-	0.319672	mod_ratio	366	407	T	TGTTC	ok	True
chr5	2991346	2991347	-	0.353846	mod_ratio	65	427	T	GGTCT	ok	True
chr5	2991375	2991376	-	0.586716	mod_ratio	271	404	T	AGTTT	ok	True
chr5	2991395	2991396	-	0.123626	mod_ratio	364	418	T	TGTTT	ok	True
chr5	2991529	2991530	-	0.620219	mod_ratio	366	411	T	GGTTT	ok	True
chr5	2991533	2991534	-	0.78125	mod_ratio	32	417	T	TGTCT	ok	True
chr5	2991581	2991582	-	0.386819	mod_ratio	349	385	T	AGTCT	ok	True
chr5	2991593	2991594	-	0.103343	mod_ratio	329	402	T	AGTCT	ok	True
chr5	2991710	2991711	-	0.304813	mod_ratio	374	398	T	TGTTT	ok	True
chr5	2991783	2991784	-	0.452941	mod_ratio	340	391	T	AGTCT	ok	True
chr5	2991859	2991860	-	0.287097	mod_ratio	310	361	T	TGTTT	ok	True
chr5	2992035	2992036	-	0.316993	mod_ratio	306	359	T	TGTTT	ok	True
chr5	2992055	2992056	-	0.463557	mod_ratio	343	369	T	AGTTC	ok	True
chr5	2993071	2993072	-	0.662162	mod_ratio	222	325	T	GGTTT	ok	True
chr5	2993150	2993151	-	0.871287	mod_ratio	101	134	T	CGTTT	ok	False
chr5	2993642	2993643	-	0.353163	mod_ratio	1059	1174	T	AGTTT	ok	True
chr5	2993821	2993822	-	0.820821	mod_ratio	999	1172	T	CGTTT	ok	False
chr5	2993829	2993830	-	0.666987	mod_ratio	1039	1185	T	GGTCC	ok	True
chr5	2994215	2994216	-	0.265284	mod_ratio	916	1103	T	AGTTC	ok	True
chr5	2994235	2994236	-	0.111111	mod_ratio	918	1106	T	GGTTT	ok	True
chr5	2994279	2994280	-	0.419289	mod_ratio	985	1068	T	GGTTT	ok	True
chr5	2994408	2994409	-	0.608696	mod_ratio	184	1021	T	TGTCC	ok	True
chr5	2994612	2994613	-	0.27738	mod_ratio	977	1038	T	AGTTC	ok	True
chr5	2994656	2994657	-	0.172897	mod_ratio	214	1005	T	AGTTC	ok	True
chr5	2994723	2994724	-	0.373656	mod_ratio	744	798	T	TGTTT	ok	True
chr5	2994724	2994725	-	0.323077	mod_ratio	195	1003	T	GTTTT	ok	False
chr5	2994775	2994776	-	0.674419	mod_ratio	43	946	T	GGTTT	ok	True
chr5	2994827	2994828	-	0.638889	mod_ratio	72	972	T	CGTCC	ok	False
chr5	2995067	2995068	-	0.669845	mod_ratio	839	937	T	TGTCC	ok	True
chr5	2995142	2995143	-	0.390501	mod_ratio	758	918	T	CGTCC	ok	False
chr5	2995587	2995588	-	0.696429	mod_ratio	56	304	T	TGTTT	ok	True
chr5	3035342	3035343	-	0.684211	mod_ratio	38	54	T	GGTCC	ok	True
chr5	3036334	3036335	-	0.723404	mod_ratio	47	51	T	GGTCT	ok	True
chr5	3052853	3052854	+	0.247934	mod_ratio	121	135	A	GAACT	ok	True
chr5	3053123	3053124	+	0.186567	mod_ratio	134	145	A	GAACA	ok	True
chr5	3053283	3053284	+	0.808511	mod_ratio	141	149	A	AGACA	ok	True
chr5	3053553	3053554	+	0.244898	mod_ratio	147	151	A	AGACT	ok	True
chr5	3053638	3053639	+	0.292857	mod_ratio	140	163	A	AAACT	ok	True
chr5	3053678	3053679	+	0.177215	mod_ratio	158	171	A	AGACA	ok	True
chr5	3053822	3053823	+	0.323171	mod_ratio	164	183	A	AAACA	ok	True
chr5	3054299	3054300	+	0.40625	mod_ratio	128	211	A	GAACT	ok	True
chr5	3054344	3054345	+	0.156463	mod_ratio	147	198	A	GAACC	ok	True
chr5	3056159	3056160	-	0.88	mod_ratio	25	29	T	CGTCT	ok	False
chr5	3056853	3056854	-	0.96	mod_ratio	25	26	T	TGTCT	ok	True
chr5	3077587	3077588	+	0.972222	mod_ratio	36	39	A	AGACA	ok	True
chr5	3077696	3077697	+	0.736842	mod_ratio	38	44	A	AAACG	ok	False
chr5	3077840	3077841	+	0.930233	mod_ratio	43	47	A	AGACA	ok	True
chr5	3078211	3078212	+	0.923077	mod_ratio	26	50	A	AAACA	ok	True
chr5	3089564	3089565	-	0.506329	mod_ratio	79	93	T	AGTTT	ok	True
chr5	3089928	3089929	-	0.555556	mod_ratio	81	83	T	AGTTT	ok	True
chr5	3090007	3090008	-	0.384615	mod_ratio	78	83	T	TGTTC	ok	True
chr5	3090051	3090052	-	0.515152	mod_ratio	66	72	T	TGTTT	ok	True
chr5	3090931	3090932	-	0.354839	mod_ratio	62	77	T	GGTTT	ok	True
chr5	3091132	3091133	-	0.363636	mod_ratio	66	71	T	TGTTC	ok	True
chr5	3091509	3091510	-	0.425926	mod_ratio	54	68	T	AGTTT	ok	True
chr5	3091517	3091518	-	0.590164	mod_ratio	61	68	T	TGTCT	ok	True
chr5	3091524	3091525	-	0.403509	mod_ratio	57	68	T	TGTCT	ok	True
chr5	3092147	3092148	-	0.5	mod_ratio	64	66	T	TGTTT	ok	True
chr5	3096240	3096241	+	0.4	mod_ratio	75	87	A	AAACT	ok	True
chr5	3096307	3096308	+	0.402597	mod_ratio	77	99	A	GAACT	ok	True
chr5	3096566	3096567	+	0.522727	mod_ratio	88	104	A	GAACA	ok	True
chr5	3096817	3096818	+	0.845238	mod_ratio	84	105	A	AGACA	ok	True
chr5	3097136	3097137	+	0.326733	mod_ratio	101	108	A	AAACT	ok	True
chr5	3097292	3097293	+	0.452632	mod_ratio	95	109	A	AGACA	ok	True
chr5	3097401	3097402	+	0.462366	mod_ratio	93	112	A	GAACA	ok	True
chr5	3107162	3107163	+	0.682927	mod_ratio	41	47	A	GGACC	ok	True
chr5	3131233	3131234	+	0.6875	mod_ratio	32	35	A	AGACG	ok	False
chr5	3185937	3185938	+	0.921569	mod_ratio	51	57	A	AAACG	ok	False
chr5	3186313	3186314	+	0.466667	mod_ratio	60	63	A	AAACG	ok	False
chr5	3195388	3195389	+	0.657895	mod_ratio	38	41	A	GGACG	ok	False
chr5	3195418	3195419	+	0.95	mod_ratio	40	42	A	AGACA	ok	True
chr5	3196505	3196506	+	0.673913	mod_ratio	46	47	A	GAACT	ok	True
chr5	3255903	3255904	-	0.851852	mod_ratio	27	35	T	TGTTT	ok	True
chr5	3258581	3258582	-	0.513834	mod_ratio	253	308	T	GGTTC	ok	True
chr5	3258644	3258645	-	0.347403	mod_ratio	308	354	T	TGTTC	ok	True
chr5	3258656	3258657	-	0.384615	mod_ratio	91	459	T	CGTTC	ok	False
chr5	3258664	3258665	-	0.281609	mod_ratio	348	434	T	TGTCT	ok	True
chr5	3258732	3258733	-	0.708861	mod_ratio	395	459	T	AGTTT	ok	True
chr5	3258748	3258749	-	0.141487	mod_ratio	417	463	T	GGTTT	ok	True
chr5	3258769	3258770	-	0.18931	mod_ratio	449	476	T	AGTCT	ok	True
chr5	3258823	3258824	-	0.145161	mod_ratio	434	466	T	AGTCT	ok	True
chr5	3259475	3259476	-	0.206395	mod_ratio	344	376	T	TGTTT	ok	True
chr5	3259983	3259984	-	0.303797	mod_ratio	158	182	T	AGTTT	ok	True
chr5	3269017	3269018	-	0.59322	mod_ratio	59	65	T	AGTTC	ok	True
chr5	3270647	3270648	-	0.716535	mod_ratio	127	136	T	CGTCT	ok	False
chr5	3284242	3284243	-	0.357895	mod_ratio	95	158	T	TGTTT	ok	True
chr5	3284243	3284244	-	0.411111	mod_ratio	90	280	T	GTTTT	ok	False
chr5	3284244	3284245	-	0.563636	mod_ratio	55	352	T	TTTTT	ok	False
chr5	3284292	3284293	-	0.674699	mod_ratio	249	389	T	GGTTT	ok	True
chr5	3284365	3284366	-	0.35	mod_ratio	140	232	T	AGTTT	ok	True
chr5	3284366	3284367	-	0.197802	mod_ratio	182	418	T	GTTTT	ok	False
chr5	3284367	3284368	-	0.158192	mod_ratio	177	571	T	TTTTT	ok	False
chr5	3284461	3284462	-	0.584711	mod_ratio	484	572	T	CGTCC	ok	False
chr5	3284679	3284680	-	0.693305	mod_ratio	463	564	T	GGTCC	ok	True
chr5	3284726	3284727	-	0.10998	mod_ratio	491	572	T	TGTCT	ok	True
chr5	3285390	3285391	-	0.516878	mod_ratio	474	547	T	TGTTT	ok	True
chr5	3285412	3285413	-	0.594907	mod_ratio	432	558	T	TGTCT	ok	True
chr5	3286091	3286092	-	0.555556	mod_ratio	135	162	T	CGTTT	ok	False
chr5	3286092	3286093	-	0.536364	mod_ratio	220	401	T	GTTTT	ok	False
chr5	3286093	3286094	-	0.418919	mod_ratio	74	482	T	TTTTT	ok	False
chr5	3286168	3286169	-	0.503778	mod_ratio	397	452	T	TGTTC	ok	True
chr5	3298303	3298304	-	0.315789	mod_ratio	76	80	T	TGTCT	ok	True
chr5	3333653	3333654	-	0.896552	mod_ratio	29	31	T	TGTCC	ok	True
chr5	3334884	3334885	-	0.96	mod_ratio	25	28	T	CGTTT	ok	False
chr5	3403343	3403344	-	0.875	mod_ratio	32	36	T	CGTTT	ok	False
chr5	3403589	3403590	-	0.69697	mod_ratio	33	34	T	TGTCC	ok	True
chr5	3409336	3409337	+	0.568182	mod_ratio	44	48	A	GAACT	ok	True
chr5	3409798	3409799	+	0.608696	mod_ratio	46	52	A	AAACC	ok	True
chr5	3420588	3420589	-	0.541667	mod_ratio	48	56	T	AGTTT	ok	True
chr5	3428952	3428953	-	0.363636	mod_ratio	66	154	T	TTTTT	ok	False
chr5	3428957	3428958	-	0.583333	mod_ratio	96	118	T	GGTTT	ok	True
chr5	3429010	3429011	-	0.628571	mod_ratio	105	159	T	GTTTT	ok	False
chr5	3429762	3429763	-	0.515625	mod_ratio	128	150	T	GGTTT	ok	True
chr5	3443419	3443420	+	0.885714	mod_ratio	35	38	A	AGACA	ok	True
chr5	3445626	3445627	-	0.928571	mod_ratio	28	36	T	CGTTT	ok	False
chr5	3464856	3464857	+	0.589474	mod_ratio	95	113	A	GGACG	ok	False
chr5	3465037	3465038	+	0.371681	mod_ratio	113	120	A	GAACG	ok	False
chr5	3465223	3465224	+	0.71028	mod_ratio	107	128	A	GAACA	ok	True
chr5	3465323	3465324	+	0.201613	mod_ratio	124	133	A	GAACG	ok	False
chr5	3472475	3472476	-	0.263736	mod_ratio	182	237	T	AGTTC	ok	True
chr5	3472630	3472631	-	0.158996	mod_ratio	239	292	T	TGTCC	ok	True
chr5	3472760	3472761	-	0.404669	mod_ratio	257	288	T	CGTCT	ok	False
chr5	3472955	3472956	-	0.122881	mod_ratio	236	277	T	GGTTC	ok	True
chr5	3516252	3516253	-	0.663158	mod_ratio	95	108	T	TGTTT	ok	True
chr5	3516474	3516475	-	0.321101	mod_ratio	109	122	T	CGTCT	ok	False
chr5	3525508	3525509	+	0.875	mod_ratio	32	38	A	AAACG	ok	False
chr5	3553765	3553766	+	0.4	mod_ratio	65	67	A	GAACA	ok	True
chr5	3555783	3555784	+	0.516484	mod_ratio	91	96	A	AAACT	ok	True
chr5	3556324	3556325	+	0.247525	mod_ratio	101	111	A	GAACC	ok	True
chr5	3556787	3556788	+	0.55	mod_ratio	100	120	A	GAACG	ok	False
chr5	3567766	3567767	+	0.5	mod_ratio	62	77	A	AAACC	ok	True
chr5	3567805	3567806	+	0.342466	mod_ratio	73	79	A	GAACA	ok	True
chr5	3568389	3568390	+	0.337662	mod_ratio	77	80	A	GAACC	ok	True
chr5	3569830	3569831	+	0.428571	mod_ratio	84	90	A	AAACT	ok	True
chr5	3570709	3570710	+	0.291667	mod_ratio	96	103	A	GAACG	ok	False
chr5	3570803	3570804	+	0.359551	mod_ratio	89	96	A	AGACT	ok	True
chr5	3570839	3570840	+	0.736842	mod_ratio	76	102	A	AGACC	ok	True
chr5	3597362	3597363	+	0.705882	mod_ratio	34	43	A	GGACG	ok	False
chr5	3598200	3598201	+	0.583333	mod_ratio	48	49	A	AAACT	ok	True
chr5	3620991	3620992	+	0.604167	mod_ratio	48	49	A	AAACT	ok	True
chr5	3645500	3645501	+	0.888889	mod_ratio	90	97	A	AAACG	ok	False
chr5	3645519	3645520	+	0.573171	mod_ratio	82	97	A	GGACC	ok	True
chr5	3645533	3645534	+	0.634146	mod_ratio	82	94	A	GGACA	ok	True
chr5	3645764	3645765	+	0.348837	mod_ratio	86	102	A	AGACG	ok	False
chr5	3645842	3645843	+	0.43	mod_ratio	100	106	A	GGACC	ok	True
chr5	3646515	3646516	+	0.805556	mod_ratio	108	120	A	AAACG	ok	False
chr5	3646700	3646701	+	0.289256	mod_ratio	121	132	A	GGACC	ok	True
chr5	3646843	3646844	+	0.897638	mod_ratio	127	138	A	AAACG	ok	False
chr5	3655499	3655500	+	0.630435	mod_ratio	92	104	A	AAACT	ok	True
chr5	3656014	3656015	+	0.297619	mod_ratio	84	106	A	GAACG	ok	False
chr5	3656168	3656169	+	0.74359	mod_ratio	78	111	A	GGACA	ok	True
chr5	3656263	3656264	+	0.397849	mod_ratio	93	110	A	GGACC	ok	True
chr5	3669355	3669356	-	0.371795	mod_ratio	78	90	T	TGTTT	ok	True
chr5	3669368	3669369	-	0.4125	mod_ratio	80	85	T	AGTTT	ok	True
chr5	3669401	3669402	-	0.455696	mod_ratio	79	89	T	CGTCC	ok	False
chr5	3669450	3669451	-	0.635294	mod_ratio	85	89	T	TGTCT	ok	True
chr5	3669695	3669696	-	0.352113	mod_ratio	71	80	T	GGTTT	ok	True
chr5	3669815	3669816	-	0.352941	mod_ratio	68	79	T	TGTTC	ok	True
chr5	3669826	3669827	-	0.320513	mod_ratio	78	79	T	TGTTT	ok	True
chr5	3670970	3670971	-	0.523077	mod_ratio	65	79	T	GGTTT	ok	True
chr5	3671092	3671093	-	0.375	mod_ratio	64	77	T	CGTCT	ok	False
chr5	3671136	3671137	-	0.690476	mod_ratio	42	76	T	CGTCC	ok	False
chr5	3678422	3678423	+	0.232877	mod_ratio	146	168	A	GAACA	ok	True
chr5	3678427	3678428	+	0.289474	mod_ratio	152	169	A	AAACA	ok	True
chr5	3678442	3678443	+	0.154839	mod_ratio	155	171	A	GAACC	ok	True
chr5	3678798	3678799	+	0.276471	mod_ratio	170	186	A	AAACG	ok	False
chr5	3678966	3678967	+	0.175	mod_ratio	160	194	A	AAACA	ok	True
chr5	3678971	3678972	+	0.312139	mod_ratio	173	195	A	AAACA	ok	True
chr5	3678975	3678976	+	0.216418	mod_ratio	134	194	A	AAACC	ok	True
chr5	3679106	3679107	+	0.941176	mod_ratio	34	184	A	ATACC	ok	False
chr5	3679113	3679114	+	0.612069	mod_ratio	116	178	A	AAACC	ok	True
chr5	3679132	3679133	+	0.568182	mod_ratio	132	178	A	GGACT	ok	True
chr5	3685485	3685486	-	0.564516	mod_ratio	62	68	T	GGTTT	ok	True
chr5	3685798	3685799	-	0.366667	mod_ratio	60	65	T	AGTTT	ok	True
chr5	3686647	3686648	-	0.622642	mod_ratio	53	54	T	TGTTT	ok	True
chr5	3687632	3687633	-	0.809524	mod_ratio	42	48	T	TGTCC	ok	True
chr5	3755880	3755881	+	0.761905	mod_ratio	42	51	A	AAACA	ok	True
chr5	3756688	3756689	+	0.78	mod_ratio	50	57	A	AGACC	ok	True
chr5	3757802	3757803	+	0.535211	mod_ratio	71	76	A	AAACA	ok	True
chr5	3758058	3758059	+	0.318841	mod_ratio	69	81	A	AAACC	ok	True
chr5	3760326	3760327	+	0.911765	mod_ratio	34	47	A	AGACA	ok	True
chr5	3760428	3760429	+	0.789474	mod_ratio	38	46	A	AGACA	ok	True
chr5	3784273	3784274	+	0.495652	mod_ratio	345	548	A	AAACC	ok	True
chr5	3784711	3784712	+	0.541502	mod_ratio	506	591	A	AGACG	ok	False
chr5	3790988	3790989	-	0.390244	mod_ratio	82	106	T	AGTTT	ok	True
chr5	3791068	3791069	-	0.673913	mod_ratio	46	133	T	CGTCC	ok	False
chr5	3791104	3791105	-	0.409836	mod_ratio	122	128	T	TGTCT	ok	True
chr5	3791115	3791116	-	0.28125	mod_ratio	128	132	T	AGTCC	ok	True
chr5	3791154	3791155	-	0.290598	mod_ratio	117	132	T	TGTTC	ok	True
chr5	3827843	3827844	-	0.677419	mod_ratio	62	65	T	TGTCT	ok	True
chr5	3828437	3828438	-	0.622642	mod_ratio	53	55	T	AGTTC	ok	True
chr5	3829810	3829811	-	0.864865	mod_ratio	37	40	T	CGTTT	ok	False
chr5	3860147	3860148	-	0.911765	mod_ratio	34	36	T	CGTTT	ok	False
chr5	3885784	3885785	+	0.814815	mod_ratio	27	34	A	GAACA	ok	True
chr5	3885884	3885885	+	0.757576	mod_ratio	33	35	A	AAACG	ok	False
chr5	3887897	3887898	+	0.619048	mod_ratio	42	43	A	AAACT	ok	True
chr5	3914554	3914555	+	0.846154	mod_ratio	91	128	A	AAACG	ok	False
chr5	3915178	3915179	+	0.270492	mod_ratio	122	160	A	AGACT	ok	True
chr5	3915400	3915401	+	0.529915	mod_ratio	117	171	A	AAACC	ok	True
chr5	3915416	3915417	+	0.701863	mod_ratio	161	173	A	AAACC	ok	True
chr5	3915602	3915603	+	0.35	mod_ratio	160	172	A	AAACT	ok	True
chr5	3915732	3915733	+	0.594406	mod_ratio	143	170	A	AGACA	ok	True
chr5	3923072	3923073	-	0.188976	mod_ratio	381	411	T	AGTTC	ok	True
chr5	3923144	3923145	-	0.153086	mod_ratio	405	446	T	GGTCT	ok	True
chr5	3923383	3923384	-	0.719008	mod_ratio	363	433	T	GGTCT	ok	True
chr5	3923422	3923423	-	0.15051	mod_ratio	392	426	T	TGTTC	ok	True
chr5	3924311	3924312	-	0.578947	mod_ratio	38	56	T	GGTTT	ok	True
chr5	3924470	3924471	-	0.661538	mod_ratio	65	78	T	TGTTC	ok	True
chr5	3924491	3924492	-	0.333333	mod_ratio	69	78	T	CGTTC	ok	False
chr5	3924762	3924763	-	0.438596	mod_ratio	57	71	T	AGTTT	ok	True
chr5	3925556	3925557	-	0.375	mod_ratio	64	65	T	CGTTC	ok	False
chr5	3926537	3926538	-	0.666667	mod_ratio	42	45	T	AGTTT	ok	True
chr5	3927807	3927808	-	0.625	mod_ratio	40	43	T	TGTTT	ok	True
chr5	3927823	3927824	-	0.710526	mod_ratio	38	44	T	TGTTT	ok	True
chr5	3928374	3928375	-	0.969697	mod_ratio	33	40	T	TGTCT	ok	True
chr5	3928644	3928645	-	0.891892	mod_ratio	37	39	T	TGTCT	ok	True
chr5	3928979	3928980	-	0.657143	mod_ratio	35	39	T	CGTCC	ok	False
chr5	3929260	3929261	-	0.794118	mod_ratio	34	35	T	TGTTC	ok	True
chr5	3929599	3929600	-	0.970588	mod_ratio	34	37	T	TGTCC	ok	True
chr5	3942028	3942029	-	0.611111	mod_ratio	36	39	T	TGTCT	ok	True
chr5	3959118	3959119	-	0.511628	mod_ratio	43	53	T	AGTTT	ok	True
chr5	3959126	3959127	-	0.7	mod_ratio	40	50	T	AGTTT	ok	True
chr5	3959671	3959672	-	0.857143	mod_ratio	42	48	T	TGTCT	ok	True
chr5	3961187	3961188	-	0.567164	mod_ratio	67	82	T	AGTTT	ok	True
chr5	3961386	3961387	-	0.430556	mod_ratio	72	91	T	CGTCT	ok	False
chr5	3961455	3961456	-	0.464286	mod_ratio	84	91	T	CGTCC	ok	False
chr5	3961671	3961672	-	0.413793	mod_ratio	58	75	T	CGTTT	ok	False
chr5	3962269	3962270	-	0.661017	mod_ratio	59	66	T	TGTCC	ok	True
chr5	4003398	4003399	-	0.818182	mod_ratio	33	33	T	CGTTT	ok	False
chr5	4044733	4044734	-	0.771429	mod_ratio	35	40	T	GGTTT	ok	True
chr5	4045114	4045115	-	0.436364	mod_ratio	55	68	T	TGTTC	ok	True
chr5	4045397	4045398	-	0.462963	mod_ratio	54	59	T	AGTTT	ok	True
chr5	4059866	4059867	-	0.342282	mod_ratio	149	179	T	CGTTC	ok	False
chr5	4060470	4060471	-	0.675214	mod_ratio	117	136	T	TGTCC	ok	True
chr5	4060878	4060879	-	0.702703	mod_ratio	111	120	T	GGTCC	ok	True
chr5	4061165	4061166	-	0.618557	mod_ratio	97	103	T	TGTTC	ok	True
chr5	4061325	4061326	-	0.258427	mod_ratio	89	100	T	AGTCT	ok	True
chr5	4110305	4110306	-	0.787879	mod_ratio	33	34	T	CGTCT	ok	False
chr5	4130016	4130017	-	0.84375	mod_ratio	32	35	T	TGTCT	ok	True
chr5	4130073	4130074	-	0.885714	mod_ratio	35	37	T	TGTCT	ok	True
chr5	4130987	4130988	-	0.84375	mod_ratio	32	33	T	CGTCC	ok	False
chr5	4133316	4133317	+	0.96	mod_ratio	25	30	A	AGACA	ok	True
chr5	4135993	4135994	+	0.891892	mod_ratio	37	44	A	GGACA	ok	True
chr5	4136361	4136362	+	0.794118	mod_ratio	34	54	A	AAACG	ok	False
chr5	4148310	4148311	+	0.771429	mod_ratio	35	38	A	AAACG	ok	False
chr5	4148368	4148369	+	0.866667	mod_ratio	30	38	A	AGACC	ok	True
chr5	4149169	4149170	+	0.560976	mod_ratio	41	45	A	AAACA	ok	True
chr5	4157765	4157766	+	0.756757	mod_ratio	37	44	A	GGACG	ok	False
chr5	4157822	4157823	+	0.84375	mod_ratio	32	44	A	AAACG	ok	False
chr5	4162858	4162859	-	0.615942	mod_ratio	138	156	T	CGTCC	ok	False
chr5	4162871	4162872	-	0.587719	mod_ratio	114	155	T	CGTCT	ok	False
chr5	4163157	4163158	-	0.626087	mod_ratio	115	151	T	GGTCC	ok	True
chr5	4164122	4164123	-	0.623077	mod_ratio	130	140	T	AGTTT	ok	True
chr5	4164234	4164235	-	0.215686	mod_ratio	102	136	T	GGTTC	ok	True
chr5	4164424	4164425	-	0.455357	mod_ratio	112	133	T	GGTTT	ok	True
chr5	4164744	4164745	-	0.557377	mod_ratio	61	117	T	CGTTT	ok	False
chr5	4170931	4170932	-	0.461538	mod_ratio	52	55	T	CGTCC	ok	False
chr5	4171254	4171255	-	0.870968	mod_ratio	31	45	T	GTTTT	ok	False
chr5	4181085	4181086	-	0.606557	mod_ratio	61	80	T	GGTTT	ok	True
chr5	4181338	4181339	-	0.58427	mod_ratio	89	105	T	GGTTT	ok	True
chr5	4181616	4181617	-	0.462366	mod_ratio	93	99	T	CGTTT	ok	False
chr5	4196656	4196657	+	0.541176	mod_ratio	85	104	A	AAACT	ok	True
chr5	4197351	4197352	+	0.757009	mod_ratio	107	120	A	AGACA	ok	True
chr5	4197406	4197407	+	0.922414	mod_ratio	116	123	A	AAACA	ok	True
chr5	4226070	4226071	-	0.764706	mod_ratio	34	48	T	TGTCC	ok	True
chr5	4227123	4227124	-	0.970588	mod_ratio	34	40	T	TGTCT	ok	True
chr5	4251753	4251754	+	1	mod_ratio	22	25	A	AAACG	ok	False
chr5	4300562	4300563	-	0.827586	mod_ratio	58	62	T	CGTCC	ok	False
chr5	4300587	4300588	-	0.696429	mod_ratio	56	61	T	CGTCC	ok	False
chr5	4302094	4302095	-	0.763636	mod_ratio	55	69	T	AGTTT	ok	True
chr5	4302194	4302195	-	0.614286	mod_ratio	70	71	T	TGTTC	ok	True
chr5	4302421	4302422	-	0.5	mod_ratio	56	63	T	GGTCC	ok	True
chr5	4303299	4303300	-	0.9	mod_ratio	30	44	T	TGTCT	ok	True
chr5	4305229	4305230	-	0.469388	mod_ratio	49	67	T	CGTCT	ok	False
chr5	4305286	4305287	-	0.386792	mod_ratio	106	119	T	AGTTT	ok	True
chr5	4305648	4305649	-	0.643678	mod_ratio	87	114	T	GGTCC	ok	True
chr5	4308281	4308282	-	0.265306	mod_ratio	98	119	T	AGTTT	ok	True
chr5	4310382	4310383	-	0.824242	mod_ratio	165	206	T	TGTCT	ok	True
chr5	4310485	4310486	-	0.785714	mod_ratio	168	275	T	GGTCC	ok	True
chr5	4310630	4310631	-	0.841629	mod_ratio	221	296	T	TGTCC	ok	True
chr5	4310789	4310790	-	0.344828	mod_ratio	261	295	T	TGTTC	ok	True
chr5	4310833	4310834	-	0.928571	mod_ratio	238	287	T	CGTCT	ok	False
chr5	4310994	4310995	-	0.860987	mod_ratio	223	275	T	CGTTT	ok	False
chr5	4311033	4311034	-	0.115538	mod_ratio	251	276	T	GGTTC	ok	True
chr5	4311174	4311175	-	0.16318	mod_ratio	239	271	T	GGTTC	ok	True
chr5	4311308	4311309	-	0.903361	mod_ratio	238	265	T	CGTCT	ok	False
chr5	4311573	4311574	-	0.50655	mod_ratio	229	242	T	TGTTT	ok	True
chr5	4311901	4311902	-	0.259574	mod_ratio	235	249	T	GGTCT	ok	True
chr5	4341443	4341444	+	0.13369	mod_ratio	187	218	A	AGACT	ok	True
chr5	4341668	4341669	+	0.28	mod_ratio	200	239	A	AGACC	ok	True
chr5	4341694	4341695	+	0.343284	mod_ratio	201	240	A	AAACC	ok	True
chr5	4341718	4341719	+	0.138889	mod_ratio	216	246	A	GAACG	ok	False
chr5	4387451	4387452	-	0.884615	mod_ratio	26	635	T	TGTCA	ok	True
chr5	4387491	4387492	-	0.904863	mod_ratio	473	753	T	CGTTT	ok	False
chr5	4387524	4387525	-	0.186312	mod_ratio	526	610	T	AGTTT	ok	True
chr5	4387525	4387526	-	0.543956	mod_ratio	182	763	T	GTTTT	ok	False
chr5	4387565	4387566	-	0.444118	mod_ratio	680	732	T	TGTTT	ok	True
chr5	4387631	4387632	-	0.66443	mod_ratio	149	768	T	GTTTT	ok	False
chr5	4387645	4387646	-	0.56087	mod_ratio	690	753	T	TGTCC	ok	True
chr5	4387726	4387727	-	0.180277	mod_ratio	649	741	T	GGTTC	ok	True
chr5	4387741	4387742	-	0.565972	mod_ratio	576	731	T	CGTCT	ok	False
chr5	4387809	4387810	-	0.604167	mod_ratio	48	708	T	CATCC	ok	False
chr5	4387912	4387913	-	0.24374	mod_ratio	599	671	T	CGTCC	ok	False
chr5	4387925	4387926	-	0.928328	mod_ratio	586	647	T	TGTCT	ok	True
chr5	4388038	4388039	-	0.625	mod_ratio	40	631	T	CGTTT	ok	False
chr5	4388073	4388074	-	0.337478	mod_ratio	563	624	T	GGTTT	ok	True
chr5	4388308	4388309	-	0.427386	mod_ratio	482	538	T	CGTTC	ok	False
chr5	4388321	4388322	-	0.293706	mod_ratio	143	533	T	GTTTT	ok	False
chr5	4388365	4388366	-	0.46875	mod_ratio	480	519	T	CGTTT	ok	False
chr5	4388421	4388422	-	0.451542	mod_ratio	454	490	T	TGTTC	ok	True
chr5	4388723	4388724	-	0.827586	mod_ratio	377	437	T	GGTCT	ok	True
chr5	4388770	4388771	-	0.208633	mod_ratio	278	323	T	TGTTT	ok	True
chr5	4388771	4388772	-	0.61039	mod_ratio	77	416	T	GTTTT	ok	False
chr5	4388809	4388810	-	0.754545	mod_ratio	330	420	T	TGTCT	ok	True
chr5	4388830	4388831	-	0.882353	mod_ratio	34	400	T	GTTTT	ok	False
chr5	4388843	4388844	-	0.129412	mod_ratio	340	367	T	TGTCT	ok	True
chr5	4388929	4388930	-	0.211009	mod_ratio	218	356	T	GTTTT	ok	False
chr5	4388955	4388956	-	0.379939	mod_ratio	329	371	T	GGTTT	ok	True
chr5	4389033	4389034	-	0.200637	mod_ratio	314	354	T	TGTCC	ok	True
chr5	4389079	4389080	-	0.261438	mod_ratio	306	348	T	TGTTC	ok	True
chr5	4389215	4389216	-	0.166667	mod_ratio	204	292	T	GTTTT	ok	False
chr5	4389889	4389890	-	0.276923	mod_ratio	195	237	T	TGTTC	ok	True
chr5	4390146	4390147	-	0.19	mod_ratio	200	217	T	GGTCT	ok	True
chr5	4390240	4390241	-	0.37037	mod_ratio	189	193	T	AGTCT	ok	True
chr5	4390290	4390291	-	0.122449	mod_ratio	196	209	T	GGTCT	ok	True
chr5	4390339	4390340	-	0.142077	mod_ratio	183	201	T	AGTCC	ok	True
chr5	4390680	4390681	-	0.19337	mod_ratio	181	189	T	TGTTC	ok	True
chr5	4390784	4390785	-	0.892086	mod_ratio	139	166	T	TGTTT	ok	True
chr5	4390803	4390804	-	0.75	mod_ratio	164	181	T	CGTCT	ok	False
chr5	4390945	4390946	-	0.901316	mod_ratio	152	162	T	TGTTT	ok	True
chr5	4391171	4391172	-	0.34375	mod_ratio	160	164	T	AGTTC	ok	True
chr5	4391470	4391471	-	0.214815	mod_ratio	135	150	T	TGTTT	ok	True
chr5	4391546	4391547	-	0.241135	mod_ratio	141	149	T	TGTTC	ok	True
chr5	4391551	4391552	-	0.468085	mod_ratio	141	150	T	AGTCT	ok	True
chr5	4391591	4391592	-	0.854839	mod_ratio	124	147	T	CGTCC	ok	False
chr5	4391904	4391905	-	0.418605	mod_ratio	129	139	T	CGTCT	ok	False
chr5	4391980	4391981	-	0.278261	mod_ratio	115	134	T	TGTTT	ok	True
chr5	4392001	4392002	-	0.623853	mod_ratio	109	125	T	TGTTT	ok	True
chr5	4396919	4396920	+	0.975	mod_ratio	40	45	A	AAACA	ok	True
chr5	4397417	4397418	+	0.702703	mod_ratio	37	47	A	GAACG	ok	False
chr5	4397933	4397934	+	0.662338	mod_ratio	154	174	A	AAACC	ok	True
chr5	4398017	4398018	+	0.214815	mod_ratio	135	178	A	GAACC	ok	True
chr5	4398314	4398315	+	0.361345	mod_ratio	119	179	A	AAACT	ok	True
chr5	4398464	4398465	+	0.189944	mod_ratio	179	189	A	GGACT	ok	True
chr5	4398602	4398603	+	0.217391	mod_ratio	184	199	A	GAACA	ok	True
chr5	4398732	4398733	+	0.178082	mod_ratio	146	193	A	GGACC	ok	True
chr5	4398745	4398746	+	0.542373	mod_ratio	177	200	A	AGACA	ok	True
chr5	4398780	4398781	+	0.729032	mod_ratio	155	192	A	GGACA	ok	True
chr5	4398858	4398859	+	0.454082	mod_ratio	196	207	A	GAACT	ok	True
chr5	4398870	4398871	+	0.465	mod_ratio	200	209	A	GAACT	ok	True
chr5	4399086	4399087	+	0.791045	mod_ratio	201	217	A	GGACC	ok	True
chr5	4399600	4399601	+	0.831633	mod_ratio	196	220	A	GGACG	ok	False
chr5	4399615	4399616	+	0.349462	mod_ratio	186	221	A	GGACG	ok	False
chr5	4400152	4400153	+	0.170854	mod_ratio	199	221	A	AGACA	ok	True
chr5	4400624	4400625	+	0.469027	mod_ratio	226	246	A	AAACC	ok	True
chr5	4400671	4400672	+	0.987342	mod_ratio	237	255	A	AGACA	ok	True
chr5	4401117	4401118	+	0.102362	mod_ratio	254	263	A	GAACT	ok	True
chr5	4401707	4401708	+	0.173585	mod_ratio	265	287	A	GAACG	ok	False
chr5	4401733	4401734	+	0.603448	mod_ratio	232	289	A	GGACA	ok	True
chr5	4401768	4401769	+	0.135531	mod_ratio	273	291	A	GGACC	ok	True
chr5	4401961	4401962	+	0.477352	mod_ratio	287	299	A	GAACA	ok	True
chr5	4402065	4402066	+	0.221818	mod_ratio	275	305	A	AGACC	ok	True
chr5	4402112	4402113	+	0.12	mod_ratio	275	302	A	AAACA	ok	True
chr5	4402260	4402261	+	0.468354	mod_ratio	237	314	A	GGACG	ok	False
chr5	4402365	4402366	+	0.292969	mod_ratio	256	323	A	AAACC	ok	True
chr5	4424412	4424413	-	0.546875	mod_ratio	64	81	T	CGTCC	ok	False
chr5	4424790	4424791	-	0.444444	mod_ratio	63	74	T	TGTTC	ok	True
chr5	4425643	4425644	-	0.625	mod_ratio	56	67	T	TGTCC	ok	True
chr5	4429215	4429216	-	1	mod_ratio	28	30	T	TGTCT	ok	True
chr5	4435585	4435586	+	0.479167	mod_ratio	48	56	A	AAACT	ok	True
chr5	4435594	4435595	+	0.607843	mod_ratio	51	56	A	GGACC	ok	True
chr5	4436157	4436158	+	0.489362	mod_ratio	47	65	A	AGACA	ok	True
chr5	4436165	4436166	+	0.489796	mod_ratio	49	65	A	GGACC	ok	True
chr5	4436295	4436296	+	0.65	mod_ratio	60	65	A	AAACG	ok	False
chr5	4447239	4447240	+	0.37931	mod_ratio	58	65	A	AAACT	ok	True
chr5	4447815	4447816	-	0.7625	mod_ratio	80	94	T	TGTCT	ok	True
chr5	4448306	4448307	-	0.333333	mod_ratio	81	93	T	TGTTC	ok	True
chr5	4452492	4452493	-	0.962963	mod_ratio	27	33	T	GGTCT	ok	True
chr5	4456028	4456029	+	0.885714	mod_ratio	35	36	A	AAACC	ok	True
chr5	4456187	4456188	+	0.911765	mod_ratio	34	39	A	AGACG	ok	False
chr5	4456430	4456431	+	0.853659	mod_ratio	41	45	A	AGACA	ok	True
chr5	4471674	4471675	+	0.517241	mod_ratio	87	94	A	AAACC	ok	True
chr5	4472185	4472186	+	0.602273	mod_ratio	88	104	A	AAACC	ok	True
chr5	4472683	4472684	+	0.317073	mod_ratio	82	119	A	AAACT	ok	True
chr5	4472778	4472779	+	0.869565	mod_ratio	46	103	A	GGACT	ok	True
chr5	4488729	4488730	+	0.462687	mod_ratio	201	232	A	AAACT	ok	True
chr5	4488739	4488740	+	0.301802	mod_ratio	222	249	A	AAACC	ok	True
chr5	4488799	4488800	+	0.803571	mod_ratio	224	254	A	AGACA	ok	True
chr5	4488820	4488821	+	0.238494	mod_ratio	239	258	A	GGACC	ok	True
chr5	4489136	4489137	+	0.199029	mod_ratio	206	262	A	GGACA	ok	True
chr5	4489143	4489144	+	0.53719	mod_ratio	242	274	A	AGACA	ok	True
chr5	4489541	4489542	+	0.87451	mod_ratio	255	308	A	GGACC	ok	True
chr5	4489566	4489567	+	0.466431	mod_ratio	283	316	A	AAACC	ok	True
chr5	4489597	4489598	+	0.409091	mod_ratio	286	319	A	AGACC	ok	True
chr5	4489610	4489611	+	0.25974	mod_ratio	308	321	A	AGACT	ok	True
chr5	4489628	4489629	+	0.164912	mod_ratio	285	324	A	AGACG	ok	False
chr5	4489632	4489633	+	0.126394	mod_ratio	269	310	A	GGACA	ok	True
chr5	4489715	4489716	+	0.64094	mod_ratio	298	342	A	AGACG	ok	False
chr5	4489728	4489729	+	0.41958	mod_ratio	286	327	A	AAACC	ok	True
chr5	4489751	4489752	+	0.25	mod_ratio	316	352	A	GAACT	ok	True
chr5	4489796	4489797	+	0.389571	mod_ratio	326	363	A	AGACC	ok	True
chr5	4489818	4489819	+	0.209091	mod_ratio	330	357	A	GGACT	ok	True
chr5	4489904	4489905	+	0.483516	mod_ratio	273	384	A	AGACG	ok	False
chr5	4489986	4489987	+	0.50289	mod_ratio	346	397	A	GGACC	ok	True
chr5	4490005	4490006	+	0.473684	mod_ratio	323	399	A	AGACA	ok	True
chr5	4490035	4490036	+	0.927114	mod_ratio	343	403	A	AAACA	ok	True
chr5	4490040	4490041	+	0.161725	mod_ratio	371	400	A	GAACG	ok	False
chr5	4490174	4490175	+	0.536842	mod_ratio	190	245	A	GGACA	ok	True
chr5	4527017	4527018	+	0.489051	mod_ratio	137	169	A	GAACG	ok	False
chr5	4527413	4527414	+	0.532468	mod_ratio	154	173	A	AGACT	ok	True
chr5	4527874	4527875	+	0.521127	mod_ratio	142	170	A	AAACC	ok	True
chr5	4527886	4527887	+	0.175182	mod_ratio	137	182	A	AAACC	ok	True
chr5	4527894	4527895	+	0.677852	mod_ratio	149	185	A	GGACG	ok	False
chr5	4528312	4528313	+	0.481818	mod_ratio	110	182	A	AAACA	ok	True
chr5	4528324	4528325	+	0.604651	mod_ratio	43	188	A	AAAAC	ok	False
chr5	4528325	4528326	+	0.293103	mod_ratio	116	188	A	AAACT	ok	True
chr5	4530805	4530806	-	0.587302	mod_ratio	63	123	T	TGTCC	ok	True
chr5	4530941	4530942	-	0.292683	mod_ratio	164	181	T	AGTTC	ok	True
chr5	4530992	4530993	-	0.216216	mod_ratio	148	179	T	GGTTT	ok	True
chr5	4531057	4531058	-	0.560241	mod_ratio	166	176	T	TGTTT	ok	True
chr5	4531262	4531263	-	0.331081	mod_ratio	148	170	T	CGTCC	ok	False
chr5	4531643	4531644	-	0.748031	mod_ratio	127	152	T	GGTCT	ok	True
chr5	4531812	4531813	-	0.8	mod_ratio	45	140	T	CGTCC	ok	False
chr5	4531990	4531991	-	0.176923	mod_ratio	130	141	T	TGTCT	ok	True
chr5	4532997	4532998	-	0.565217	mod_ratio	92	111	T	CGTTT	ok	False
chr5	4533022	4533023	-	0.604651	mod_ratio	86	103	T	TGTTT	ok	True
chr5	4535060	4535061	+	0.935484	mod_ratio	31	35	A	AAACA	ok	True
chr5	4536355	4536356	+	0.727273	mod_ratio	33	38	A	AGACG	ok	False
chr5	4538195	4538196	+	0.857143	mod_ratio	49	58	A	AAACG	ok	False
chr5	4538215	4538216	+	0.584906	mod_ratio	53	58	A	GGACA	ok	True
chr5	4538594	4538595	+	0.786885	mod_ratio	61	68	A	AAACT	ok	True
chr5	4538981	4538982	+	0.534483	mod_ratio	58	73	A	AGACC	ok	True
chr5	4539073	4539074	+	0.661017	mod_ratio	59	73	A	GAACT	ok	True
chr5	4557489	4557490	+	0.972222	mod_ratio	36	49	A	AAACG	ok	False
chr5	4557867	4557868	+	0.603774	mod_ratio	53	63	A	GGACG	ok	False
chr5	4558038	4558039	+	0.571429	mod_ratio	49	72	A	GGACA	ok	True
chr5	4558667	4558668	+	0.965517	mod_ratio	29	36	A	AGACA	ok	True
chr5	4576241	4576242	+	0.16	mod_ratio	150	169	A	GAACA	ok	True
chr5	4576629	4576630	+	0.319149	mod_ratio	141	185	A	AAACT	ok	True
chr5	4576756	4576757	+	0.628743	mod_ratio	167	187	A	GGACA	ok	True
chr5	4576769	4576770	+	0.157233	mod_ratio	159	185	A	AAACA	ok	True
chr5	4576778	4576779	+	0.542683	mod_ratio	164	190	A	AGACC	ok	True
chr5	4576835	4576836	+	0.39521	mod_ratio	167	195	A	AGACC	ok	True
chr5	4577213	4577214	+	0.230366	mod_ratio	191	207	A	AGACT	ok	True
chr5	4577407	4577408	+	0.417582	mod_ratio	182	212	A	GAACT	ok	True
chr5	4577461	4577462	+	0.935673	mod_ratio	171	217	A	AAACA	ok	True
chr5	4577760	4577761	+	0.182692	mod_ratio	208	226	A	GAACC	ok	True
chr5	4577793	4577794	+	0.307692	mod_ratio	169	230	A	GGACA	ok	True
chr5	4577909	4577910	+	0.159091	mod_ratio	220	237	A	GAACA	ok	True
chr5	4577923	4577924	+	0.124402	mod_ratio	209	237	A	GAACC	ok	True
chr5	4578038	4578039	+	0.468599	mod_ratio	207	232	A	AAACT	ok	True
chr5	4596691	4596692	-	0.815789	mod_ratio	38	46	T	AGTTC	ok	True
chr5	4596984	4596985	-	0.659091	mod_ratio	44	48	T	TGTTC	ok	True
chr5	4601889	4601890	+	0.458333	mod_ratio	48	56	A	GAACT	ok	True
chr5	4602381	4602382	+	0.683333	mod_ratio	60	66	A	AAACA	ok	True
chr5	4602917	4602918	+	0.353846	mod_ratio	65	70	A	GAACT	ok	True
chr5	4603563	4603564	+	0.919355	mod_ratio	62	78	A	AGACG	ok	False
chr5	4603979	4603980	+	0.666667	mod_ratio	66	83	A	GGACA	ok	True
chr5	4617739	4617740	-	0.709812	mod_ratio	479	653	T	AGTTC	ok	True
chr5	4617751	4617752	-	0.717131	mod_ratio	251	638	T	GGTTT	ok	True
chr5	4617916	4617917	-	0.356913	mod_ratio	311	728	T	TGTCC	ok	True
chr5	4618355	4618356	-	0.237148	mod_ratio	603	705	T	AGTTC	ok	True
chr5	4618665	4618666	-	0.342949	mod_ratio	624	678	T	TGTTT	ok	True
chr5	4691387	4691388	+	0.352941	mod_ratio	68	79	A	AAACC	ok	True
chr5	4704236	4704237	-	0.8	mod_ratio	30	30	T	GGTTT	ok	True
chr5	4719921	4719922	-	0.595238	mod_ratio	42	49	T	AGTTT	ok	True
chr5	4720277	4720278	-	0.72973	mod_ratio	37	48	T	TGTCC	ok	True
chr5	4720563	4720564	-	0.642857	mod_ratio	42	45	T	AGTTT	ok	True
chr5	4720864	4720865	-	0.705882	mod_ratio	34	40	T	AGTTT	ok	True
chr5	4721244	4721245	-	0.657143	mod_ratio	35	44	T	TGTCC	ok	True
chr5	4721459	4721460	-	0.916667	mod_ratio	36	43	T	TGTTT	ok	True
chr5	4721509	4721510	-	0.911765	mod_ratio	34	38	T	TGTTT	ok	True
chr5	4726880	4726881	-	0.555556	mod_ratio	45	70	T	TGTCT	ok	True
chr5	4727123	4727124	-	0.777778	mod_ratio	72	74	T	TGTCT	ok	True
chr5	4728154	4728155	-	0.666667	mod_ratio	45	54	T	CGTTC	ok	False
chr5	4728352	4728353	-	0.75	mod_ratio	52	67	T	CGTCT	ok	False
chr5	4759168	4759169	+	0.811594	mod_ratio	138	1789	A	AAACG	ok	False
chr5	4759208	4759209	+	0.489227	mod_ratio	1578	1744	A	AAACT	ok	True
chr5	4760525	4760526	+	0.220082	mod_ratio	1713	1879	A	GAACT	ok	True
chr5	4760803	4760804	+	0.558085	mod_ratio	1713	2042	A	GGACA	ok	True
chr5	4760828	4760829	+	0.630662	mod_ratio	1722	2053	A	GAACG	ok	False
chr5	4760989	4760990	+	0.125137	mod_ratio	1822	2071	A	GGACC	ok	True
chr5	4761460	4761461	+	0.833333	mod_ratio	30	2163	A	ATACG	ok	False
chr5	4761744	4761745	+	0.650602	mod_ratio	83	2293	A	AAACA	ok	True
chr5	4761813	4761814	+	0.320988	mod_ratio	162	2322	A	AAACA	ok	True
chr5	4762242	4762243	+	0.240741	mod_ratio	162	2400	A	AAACC	ok	True
chr5	4762382	4762383	+	0.20083	mod_ratio	1927	2260	A	GAACT	ok	True
chr5	4762424	4762425	+	0.134758	mod_ratio	2152	2386	A	AAACA	ok	True
chr5	4777053	4777054	+	0.64	mod_ratio	75	90	A	AGACA	ok	True
chr5	4778070	4778071	+	0.361446	mod_ratio	83	93	A	AAACA	ok	True
chr5	4778348	4778349	+	0.470588	mod_ratio	102	114	A	GAACG	ok	False
chr5	4778448	4778449	+	0.618182	mod_ratio	110	120	A	AAACC	ok	True
chr5	4778836	4778837	+	0.890625	mod_ratio	128	138	A	GGACC	ok	True
chr5	4779226	4779227	+	0.5	mod_ratio	128	148	A	AAACG	ok	False
chr5	4779267	4779268	+	0.198473	mod_ratio	131	145	A	GGACT	ok	True
chr5	4786025	4786026	-	0.941176	mod_ratio	68	83	T	TGTCT	ok	True
chr5	4786045	4786046	-	0.557377	mod_ratio	61	79	T	AGTCT	ok	True
chr5	4786216	4786217	-	0.907407	mod_ratio	54	88	T	CGTTT	ok	False
chr5	4786347	4786348	-	0.560976	mod_ratio	41	52	T	AGTTT	ok	True
chr5	4823908	4823909	+	0.636986	mod_ratio	146	296	A	AAACC	ok	True
chr5	4823922	4823923	+	0.807229	mod_ratio	166	303	A	GGACC	ok	True
chr5	4823972	4823973	+	0.282686	mod_ratio	283	304	A	AAACA	ok	True
chr5	4824085	4824086	+	0.164179	mod_ratio	268	306	A	AGACA	ok	True
chr5	4824351	4824352	+	0.249135	mod_ratio	289	316	A	GAACT	ok	True
chr5	4824358	4824359	+	0.316667	mod_ratio	300	315	A	GAACG	ok	False
chr5	4825110	4825111	+	0.613793	mod_ratio	290	321	A	AAACT	ok	True
chr5	4825151	4825152	+	0.270968	mod_ratio	310	330	A	AGACT	ok	True
chr5	4825233	4825234	+	0.178218	mod_ratio	303	323	A	AAACT	ok	True
chr5	4847354	4847355	+	0.480769	mod_ratio	52	65	A	AGACG	ok	False
chr5	4847690	4847691	+	0.785714	mod_ratio	70	71	A	AAACA	ok	True
chr5	4848466	4848467	+	0.736842	mod_ratio	76	87	A	AAACG	ok	False
chr5	4848495	4848496	+	0.412698	mod_ratio	63	85	A	AGACT	ok	True
chr5	4848699	4848700	+	0.707317	mod_ratio	82	92	A	GGACA	ok	True
chr5	4848799	4848800	+	0.6	mod_ratio	75	84	A	AAACA	ok	True
chr5	4889450	4889451	-	0.24031	mod_ratio	129	174	T	GGTTC	ok	True
chr5	4889544	4889545	-	0.760417	mod_ratio	96	132	T	TGTTT	ok	True
chr5	4889568	4889569	-	0.705357	mod_ratio	112	187	T	TGTCC	ok	True
chr5	4889822	4889823	-	0.25	mod_ratio	168	193	T	AGTTC	ok	True
chr5	4890086	4890087	-	0.736842	mod_ratio	152	163	T	TGTTT	ok	True
chr5	4890145	4890146	-	0.277419	mod_ratio	155	167	T	GGTTC	ok	True
chr5	4890380	4890381	-	0.592308	mod_ratio	130	151	T	AGTCC	ok	True
chr5	4934997	4934998	-	0.619308	mod_ratio	549	941	T	GGTTT	ok	True
chr5	4935187	4935188	-	0.153316	mod_ratio	1161	1286	T	CGTTC	ok	False
chr5	4935794	4935795	-	0.141015	mod_ratio	1163	1232	T	TGTTC	ok	True
chr5	4936341	4936342	-	0.371429	mod_ratio	70	1011	T	CGTCT	ok	False
chr5	4941437	4941438	-	0.604651	mod_ratio	43	51	T	CGTTT	ok	False
chr5	4941600	4941601	-	0.555556	mod_ratio	45	53	T	CGTCC	ok	False
chr5	4944948	4944949	+	0.16208	mod_ratio	327	363	A	AGACT	ok	True
chr5	4944954	4944955	+	0.284431	mod_ratio	334	374	A	AAACT	ok	True
chr5	4945009	4945010	+	0.69375	mod_ratio	320	366	A	AAACT	ok	True
chr5	4945076	4945077	+	0.390625	mod_ratio	320	381	A	AAACC	ok	True
chr5	4945441	4945442	+	0.23494	mod_ratio	332	397	A	AAACG	ok	False
chr5	4945450	4945451	+	0.488372	mod_ratio	344	398	A	GGACC	ok	True
chr5	4945465	4945466	+	0.945161	mod_ratio	310	400	A	AAACG	ok	False
chr5	4976053	4976054	+	0.96	mod_ratio	25	28	A	GGACA	ok	True
chr5	4978658	4978659	+	0.630303	mod_ratio	165	186	A	AAACC	ok	True
chr5	4978761	4978762	+	0.20122	mod_ratio	164	189	A	GAACA	ok	True
chr5	4978800	4978801	+	0.59292	mod_ratio	113	163	A	AGACC	ok	True
chr5	4978834	4978835	+	0.774648	mod_ratio	71	114	A	AAACC	ok	True
chr5	4985145	4985146	-	0.576923	mod_ratio	156	213	T	GGTTT	ok	True
chr5	4985395	4985396	-	0.117949	mod_ratio	195	222	T	GGTCT	ok	True
chr5	4985479	4985480	-	0.181347	mod_ratio	193	216	T	AGTCT	ok	True
chr5	4985508	4985509	-	0.65285	mod_ratio	193	216	T	GGTTT	ok	True
chr5	4986041	4986042	-	0.284974	mod_ratio	193	208	T	GGTTC	ok	True
chr5	5003909	5003910	-	0.975	mod_ratio	40	46	T	CGTTT	ok	False
chr5	5004288	5004289	-	0.815789	mod_ratio	38	42	T	CGTTT	ok	False
chr5	5014608	5014609	-	0.309278	mod_ratio	97	114	T	GGTCT	ok	True
chr5	5014621	5014622	-	0.352941	mod_ratio	85	110	T	AGTTT	ok	True
chr5	5014672	5014673	-	0.313131	mod_ratio	99	107	T	TGTTT	ok	True
chr5	5015109	5015110	-	0.408602	mod_ratio	93	99	T	GGTTT	ok	True
chr5	5015195	5015196	-	0.828947	mod_ratio	76	95	T	CGTTT	ok	False
chr5	5015233	5015234	-	0.280899	mod_ratio	89	94	T	TGTTC	ok	True
chr5	5015301	5015302	-	0.605634	mod_ratio	71	91	T	CGTCC	ok	False
chr5	5015329	5015330	-	0.342105	mod_ratio	76	90	T	CGTCC	ok	False
chr5	5015579	5015580	-	0.596491	mod_ratio	57	65	T	TGTTT	ok	True
chr5	5015598	5015599	-	0.785714	mod_ratio	70	78	T	GGTCC	ok	True
chr5	5015748	5015749	-	0.348485	mod_ratio	66	74	T	CGTTC	ok	False
chr5	5015863	5015864	-	0.373134	mod_ratio	67	71	T	CGTTC	ok	False
chr5	5015905	5015906	-	0.5	mod_ratio	60	68	T	AGTTT	ok	True
chr5	5016089	5016090	-	0.8	mod_ratio	55	61	T	AGTTT	ok	True
chr5	5016376	5016377	-	0.655172	mod_ratio	58	61	T	GGTCT	ok	True
chr5	5016609	5016610	-	0.5	mod_ratio	50	54	T	GGTTT	ok	True
chr5	5017557	5017558	-	0.909091	mod_ratio	33	37	T	TGTCT	ok	True
chr5	5040140	5040141	+	0.589744	mod_ratio	39	44	A	AAACT	ok	True
chr5	5040438	5040439	+	0.647059	mod_ratio	34	44	A	AAACG	ok	False
chr5	5078611	5078612	+	0.814815	mod_ratio	27	29	A	AGACA	ok	True
chr5	5092419	5092420	+	0.355263	mod_ratio	76	79	A	GAACG	ok	False
chr5	5092441	5092442	+	0.691176	mod_ratio	68	79	A	GGACC	ok	True
chr5	5094001	5094002	+	0.460784	mod_ratio	102	110	A	AGACC	ok	True
chr5	5142562	5142563	+	0.88	mod_ratio	25	49	A	GGACC	ok	True
chr5	5142646	5142647	+	0.853659	mod_ratio	41	49	A	AAACG	ok	False
chr5	5145303	5145304	-	0.83871	mod_ratio	31	36	T	GGTTT	ok	True
chr5	5176275	5176276	-	0.438356	mod_ratio	73	81	T	AGTCT	ok	True
chr5	5176579	5176580	-	0.545455	mod_ratio	55	67	T	GGTTT	ok	True
chr5	5177127	5177128	-	0.808511	mod_ratio	47	55	T	TGTCT	ok	True
chr5	5177203	5177204	-	0.609756	mod_ratio	41	55	T	CGTCT	ok	False
chr5	5193897	5193898	+	0.925	mod_ratio	40	44	A	AGACA	ok	True
chr5	5195303	5195304	+	0.941176	mod_ratio	34	50	A	AAACT	ok	True
chr5	5207176	5207177	+	0.930233	mod_ratio	43	48	A	AAACC	ok	True
chr5	5207267	5207268	+	0.711111	mod_ratio	45	52	A	AGACA	ok	True
chr5	5207547	5207548	+	0.660377	mod_ratio	53	58	A	AAACC	ok	True
chr5	5207624	5207625	+	0.679245	mod_ratio	53	63	A	AGACG	ok	False
chr5	5207879	5207880	+	0.59322	mod_ratio	59	67	A	AAACC	ok	True
chr5	5210596	5210597	+	0.814815	mod_ratio	27	42	A	AGACG	ok	False
chr5	5212205	5212206	+	0.102041	mod_ratio	392	457	A	GGACA	ok	True
chr5	5212433	5212434	+	0.106729	mod_ratio	431	474	A	GAACA	ok	True
chr5	5212611	5212612	+	0.246537	mod_ratio	361	452	A	GAACT	ok	True
chr5	5228874	5228875	+	0.460317	mod_ratio	63	83	A	AGACC	ok	True
chr5	5229047	5229048	+	0.372881	mod_ratio	59	76	A	AAACT	ok	True
chr5	5240508	5240509	+	0.883721	mod_ratio	43	44	A	AGACA	ok	True
chr5	5240622	5240623	+	0.935484	mod_ratio	31	44	A	AAACC	ok	True
chr5	5243839	5243840	-	0.440678	mod_ratio	59	98	T	GTTTT	ok	False
chr5	5243892	5243893	-	0.628571	mod_ratio	70	102	T	TGTTT	ok	True
chr5	5243914	5243915	-	0.59322	mod_ratio	59	105	T	TGTTT	ok	True
chr5	5243934	5243935	-	0.507937	mod_ratio	63	117	T	TTTTT	ok	False
chr5	5243942	5243943	-	0.721519	mod_ratio	79	112	T	TGTTT	ok	True
chr5	5244293	5244294	-	0.278351	mod_ratio	97	118	T	TGTCT	ok	True
chr5	5244978	5244979	-	0.28125	mod_ratio	96	104	T	AGTCT	ok	True
chr5	5245116	5245117	-	0.602273	mod_ratio	88	99	T	AGTTT	ok	True
chr5	5247467	5247468	-	0.657143	mod_ratio	35	39	T	TGTTT	ok	True
chr5	5247737	5247738	-	0.866667	mod_ratio	30	44	T	CGTTT	ok	False
chr5	5261210	5261211	-	0.313953	mod_ratio	86	95	T	GGTTC	ok	True
chr5	5261354	5261355	-	0.635294	mod_ratio	85	88	T	AGTTT	ok	True
chr5	5261374	5261375	-	0.255814	mod_ratio	86	93	T	AGTTT	ok	True
chr5	5261478	5261479	-	0.477273	mod_ratio	88	92	T	TGTTC	ok	True
chr5	5267683	5267684	+	0.621622	mod_ratio	37	42	A	AGACG	ok	False
chr5	5269597	5269598	+	0.1475	mod_ratio	400	426	A	GAACT	ok	True
chr5	5269843	5269844	+	0.21447	mod_ratio	387	437	A	AGACT	ok	True
chr5	5269928	5269929	+	0.212871	mod_ratio	404	449	A	GAACC	ok	True
chr5	5270068	5270069	+	0.695853	mod_ratio	217	259	A	AAACC	ok	True
chr5	5273355	5273356	+	0.7	mod_ratio	40	43	A	GAACA	ok	True
chr5	5273745	5273746	+	0.479167	mod_ratio	48	51	A	GGACG	ok	False
chr5	5273921	5273922	+	0.666667	mod_ratio	36	56	A	GGACG	ok	False
chr5	5274483	5274484	+	0.5	mod_ratio	60	63	A	AAACT	ok	True
chr5	5274770	5274771	+	0.619048	mod_ratio	63	72	A	AAACG	ok	False
chr5	5275502	5275503	+	0.3125	mod_ratio	80	86	A	AAACT	ok	True
chr5	5275708	5275709	+	0.535714	mod_ratio	84	94	A	AAACC	ok	True
chr5	5275775	5275776	+	0.725806	mod_ratio	62	86	A	GGACG	ok	False
chr5	5336039	5336040	+	0.875	mod_ratio	32	38	A	AGACG	ok	False
chr5	5337174	5337175	+	0.648649	mod_ratio	37	45	A	AAACG	ok	False
chr5	5337312	5337313	+	0.666667	mod_ratio	42	45	A	GGACA	ok	True
chr5	5337728	5337729	+	0.733333	mod_ratio	30	33	A	AGACG	ok	False
chr5	5360900	5360901	-	0.793103	mod_ratio	29	55	T	TGTCT	ok	True
chr5	5361008	5361009	-	0.794872	mod_ratio	39	74	T	GTTTT	ok	False
chr5	5362953	5362954	-	0.479167	mod_ratio	48	52	T	GGTTT	ok	True
chr5	5364124	5364125	-	0.226891	mod_ratio	119	134	T	TGTCT	ok	True
chr5	5365035	5365036	-	0.252252	mod_ratio	111	128	T	TGTTT	ok	True
chr5	5373460	5373461	+	0.78125	mod_ratio	32	34	A	AAACT	ok	True
chr5	5379623	5379624	+	0.2	mod_ratio	220	259	A	GAACC	ok	True
chr5	5379911	5379912	+	0.425743	mod_ratio	202	262	A	AAACT	ok	True
chr5	5453721	5453722	+	0.736842	mod_ratio	38	43	A	GGACA	ok	True
chr5	5454109	5454110	+	0.954545	mod_ratio	44	48	A	AAACG	ok	False
chr5	5454393	5454394	+	0.829268	mod_ratio	41	49	A	AAACG	ok	False
chr5	5463202	5463203	-	0.675	mod_ratio	40	54	T	TGTCT	ok	True
chr5	5463403	5463404	-	0.557377	mod_ratio	61	74	T	AGTTT	ok	True
chr5	5463444	5463445	-	0.690476	mod_ratio	84	98	T	AGTTT	ok	True
chr5	5463589	5463590	-	0.6	mod_ratio	90	94	T	TGTTT	ok	True
chr5	5463597	5463598	-	0.835165	mod_ratio	91	102	T	GGTCT	ok	True
chr5	5463981	5463982	-	0.712329	mod_ratio	73	95	T	CGTTT	ok	False
chr5	5463991	5463992	-	0.4375	mod_ratio	80	96	T	GGTCC	ok	True
chr5	5465568	5465569	-	0.140127	mod_ratio	157	176	T	AGTTC	ok	True
chr5	5465685	5465686	-	0.15625	mod_ratio	160	187	T	TGTTT	ok	True
chr5	5465689	5465690	-	0.292398	mod_ratio	171	186	T	TGTTT	ok	True
chr5	5465727	5465728	-	0.847328	mod_ratio	131	185	T	AGTTT	ok	True
chr5	5465812	5465813	-	0.152047	mod_ratio	171	189	T	TGTCC	ok	True
chr5	5465875	5465876	-	0.912409	mod_ratio	137	156	T	TGTTT	ok	True
chr5	5466450	5466451	-	0.566434	mod_ratio	143	169	T	GGTTT	ok	True
chr5	5466481	5466482	-	0.27	mod_ratio	100	131	T	GGTTT	ok	True
chr5	5466501	5466502	-	0.407407	mod_ratio	54	160	T	GTTTT	ok	False
chr5	5483910	5483911	+	0.231884	mod_ratio	138	180	A	AAACC	ok	True
chr5	5484403	5484404	+	0.352632	mod_ratio	190	196	A	GAACT	ok	True
chr5	5484666	5484667	+	0.340782	mod_ratio	179	195	A	GGACA	ok	True
chr5	5484867	5484868	+	0.225	mod_ratio	160	176	A	GAACA	ok	True
chr5	5484977	5484978	+	0.354286	mod_ratio	175	204	A	AAACA	ok	True
chr5	5485051	5485052	+	0.569231	mod_ratio	65	115	A	AAACT	ok	True
chr5	5533007	5533008	-	0.605263	mod_ratio	38	44	T	GGTCT	ok	True
chr5	5533067	5533068	-	0.594595	mod_ratio	37	42	T	TGTTT	ok	True
chr5	5537507	5537508	+	0.511111	mod_ratio	45	48	A	AAACA	ok	True
chr5	5537711	5537712	+	0.533333	mod_ratio	45	51	A	GAACA	ok	True
chr5	5537911	5537912	+	0.702128	mod_ratio	47	55	A	GGACA	ok	True
chr5	5538040	5538041	+	0.944444	mod_ratio	36	56	A	AAACA	ok	True
chr5	5549984	5549985	+	0.605263	mod_ratio	38	55	A	AGACG	ok	False
chr5	5550878	5550879	+	0.633333	mod_ratio	60	66	A	AAACC	ok	True
chr5	5550902	5550903	+	0.765625	mod_ratio	64	66	A	AAACA	ok	True
chr5	5551251	5551252	+	0.483871	mod_ratio	62	71	A	AAACG	ok	False
chr5	5551275	5551276	+	0.75	mod_ratio	60	71	A	AGACG	ok	False
chr5	5576288	5576289	-	0.613333	mod_ratio	75	83	T	AGTTT	ok	True
chr5	5577051	5577052	-	0.416667	mod_ratio	60	73	T	TGTCC	ok	True
chr5	5607809	5607810	-	0.7	mod_ratio	50	63	T	TGTCC	ok	True
chr5	5608059	5608060	-	0.62069	mod_ratio	58	63	T	CGTTC	ok	False
chr5	5608172	5608173	-	0.521739	mod_ratio	46	54	T	TGTTT	ok	True
chr5	5608181	5608182	-	0.566038	mod_ratio	53	56	T	AGTTC	ok	True
chr5	5608484	5608485	-	0.772727	mod_ratio	44	48	T	CGTTT	ok	False
chr5	5608959	5608960	-	0.74359	mod_ratio	39	42	T	GGTCC	ok	True
chr5	5649388	5649389	+	0.386243	mod_ratio	189	221	A	AAACT	ok	True
chr5	5649391	5649392	+	0.594595	mod_ratio	37	234	A	CTACT	ok	False
chr5	5649404	5649405	+	0.196721	mod_ratio	244	285	A	AAACC	ok	True
chr5	5649417	5649418	+	0.192771	mod_ratio	249	279	A	AAACT	ok	True
chr5	5649584	5649585	+	0.168919	mod_ratio	148	298	A	AAACT	ok	True
chr5	5649719	5649720	+	0.927393	mod_ratio	303	336	A	AGACA	ok	True
chr5	5649763	5649764	+	0.548611	mod_ratio	288	339	A	GGACA	ok	True
chr5	5650006	5650007	+	0.337243	mod_ratio	341	351	A	AAACT	ok	True
chr5	5650458	5650459	+	0.751534	mod_ratio	326	358	A	AAACT	ok	True
chr5	5650507	5650508	+	0.102339	mod_ratio	342	368	A	AGACT	ok	True
chr5	5650688	5650689	+	0.33125	mod_ratio	320	367	A	GAACA	ok	True
chr5	5650987	5650988	+	0.236364	mod_ratio	330	385	A	AAACT	ok	True
chr5	5651007	5651008	+	0.402439	mod_ratio	328	388	A	AAACA	ok	True
chr5	5652437	5652438	+	0.641791	mod_ratio	67	81	A	AAACC	ok	True
chr5	5658538	5658539	+	0.83871	mod_ratio	31	40	A	AAACT	ok	True
chr5	5659110	5659111	+	0.522727	mod_ratio	44	50	A	GGACA	ok	True
chr5	5659224	5659225	+	0.647059	mod_ratio	34	55	A	AAACC	ok	True
chr5	5659780	5659781	-	0.209945	mod_ratio	181	284	T	GTTTT	ok	False
chr5	5659814	5659815	-	0.263736	mod_ratio	182	277	T	GTTTT	ok	False
chr5	5659819	5659820	-	0.449827	mod_ratio	289	317	T	TGTTC	ok	True
chr5	5659850	5659851	-	0.202749	mod_ratio	291	323	T	AGTCT	ok	True
chr5	5659864	5659865	-	0.117057	mod_ratio	299	322	T	AGTCT	ok	True
chr5	5659971	5659972	-	0.489437	mod_ratio	284	316	T	CGTCC	ok	False
chr5	5660175	5660176	-	0.912548	mod_ratio	263	292	T	CGTTT	ok	False
chr5	5660197	5660198	-	0.142322	mod_ratio	267	284	T	AGTTT	ok	True
chr5	5660583	5660584	-	0.489627	mod_ratio	241	263	T	GGTTC	ok	True
chr5	5660624	5660625	-	0.126984	mod_ratio	252	262	T	AGTTC	ok	True
chr5	5660672	5660673	-	0.205761	mod_ratio	243	258	T	TGTCT	ok	True
chr5	5661562	5661563	-	0.264069	mod_ratio	231	240	T	AGTTC	ok	True
chr5	5661654	5661655	-	0.696262	mod_ratio	214	238	T	CGTCT	ok	False
chr5	5661742	5661743	-	0.384259	mod_ratio	216	228	T	GGTTT	ok	True
chr5	5661802	5661803	-	0.376963	mod_ratio	191	213	T	TGTTT	ok	True
chr5	5661956	5661957	-	0.176136	mod_ratio	176	199	T	TGTTT	ok	True
chr5	5661988	5661989	-	0.216931	mod_ratio	189	208	T	AGTCT	ok	True
chr5	5662151	5662152	-	0.153846	mod_ratio	169	194	T	TGTTT	ok	True
chr5	5686467	5686468	+	0.921569	mod_ratio	51	55	A	AAACG	ok	False
chr5	5686747	5686748	+	0.481481	mod_ratio	54	62	A	AAACT	ok	True
chr5	5686797	5686798	+	0.813953	mod_ratio	43	60	A	AAACA	ok	True
chr5	5690566	5690567	-	0.648649	mod_ratio	37	47	T	GGTTT	ok	True
chr5	5690899	5690900	-	0.657143	mod_ratio	35	41	T	AGTTT	ok	True
chr5	5690942	5690943	-	0.789474	mod_ratio	38	41	T	TGTTT	ok	True
chr5	5696874	5696875	-	0.634921	mod_ratio	63	69	T	GGTTT	ok	True
chr5	5697356	5697357	-	0.875	mod_ratio	56	69	T	GGTCC	ok	True
chr5	5697375	5697376	-	0.45	mod_ratio	60	69	T	GGTTT	ok	True
chr5	5698755	5698756	-	0.634146	mod_ratio	41	43	T	TGTCT	ok	True
chr5	5711171	5711172	+	0.621622	mod_ratio	37	43	A	GGACG	ok	False
chr5	5711485	5711486	+	0.622222	mod_ratio	45	48	A	GGACG	ok	False
chr5	5713289	5713290	+	0.457627	mod_ratio	59	64	A	AAACT	ok	True
chr5	5713297	5713298	+	0.631579	mod_ratio	57	64	A	GAACG	ok	False
chr5	5713503	5713504	+	0.435484	mod_ratio	62	68	A	AGACT	ok	True
chr5	5714703	5714704	+	0.592593	mod_ratio	54	85	A	GGACA	ok	True
chr5	5724796	5724797	-	0.754098	mod_ratio	61	67	T	GGTTT	ok	True
chr5	5724811	5724812	-	0.66	mod_ratio	50	68	T	GGTTT	ok	True
chr5	5725233	5725234	-	0.52459	mod_ratio	61	64	T	TGTCT	ok	True
chr5	5759559	5759560	-	0.775	mod_ratio	40	51	T	GGTCC	ok	True
chr5	5759627	5759628	-	0.846154	mod_ratio	26	45	T	CGTTT	ok	False
chr5	5786984	5786985	-	0.764706	mod_ratio	34	36	T	TGTTT	ok	True
chr5	5788565	5788566	+	0.258929	mod_ratio	112	118	A	AGACC	ok	True
chr5	5788705	5788706	+	0.513514	mod_ratio	111	128	A	GGACA	ok	True
chr5	5788770	5788771	+	0.290909	mod_ratio	110	130	A	AAACC	ok	True
chr5	5789188	5789189	+	0.798246	mod_ratio	114	133	A	GGACG	ok	False
chr5	5789618	5789619	+	0.241935	mod_ratio	124	134	A	GAACG	ok	False
chr5	5789653	5789654	+	0.24	mod_ratio	125	139	A	AGACT	ok	True
chr5	5789688	5789689	+	0.616071	mod_ratio	112	135	A	GAACT	ok	True
chr5	5789770	5789771	+	0.198198	mod_ratio	111	130	A	GAACT	ok	True
chr5	5805204	5805205	+	0.692308	mod_ratio	39	46	A	AAACG	ok	False
chr5	5821872	5821873	+	0.528302	mod_ratio	53	62	A	GGACA	ok	True
chr5	5822529	5822530	+	0.492063	mod_ratio	63	71	A	AGACG	ok	False
chr5	5822537	5822538	+	0.857143	mod_ratio	56	71	A	AAACC	ok	True
chr5	5822652	5822653	+	0.631579	mod_ratio	38	57	A	AAACT	ok	True
chr5	5841403	5841404	-	0.351351	mod_ratio	74	78	T	CGTTC	ok	False
chr5	5841428	5841429	-	0.941176	mod_ratio	68	77	T	CGTCT	ok	False
chr5	5841620	5841621	-	0.468085	mod_ratio	47	52	T	CGTTT	ok	False
chr5	5864380	5864381	-	0.795455	mod_ratio	88	113	T	TGTCT	ok	True
chr5	5864507	5864508	-	0.340741	mod_ratio	135	144	T	AGTTC	ok	True
chr5	5864512	5864513	-	0.89313	mod_ratio	131	153	T	CGTTT	ok	False
chr5	5865044	5865045	-	0.408333	mod_ratio	120	136	T	GGTTC	ok	True
chr5	5865269	5865270	-	0.409524	mod_ratio	105	138	T	TGTCT	ok	True
chr5	5865764	5865765	-	0.183333	mod_ratio	120	125	T	AGTTC	ok	True
chr5	5865773	5865774	-	0.271028	mod_ratio	107	125	T	CGTCC	ok	False
chr5	5866061	5866062	-	0.378641	mod_ratio	103	121	T	TGTCC	ok	True
chr5	5866384	5866385	-	0.865169	mod_ratio	89	114	T	CGTTT	ok	False
chr5	5888438	5888439	-	0.46875	mod_ratio	64	74	T	GGTCT	ok	True
chr5	5888925	5888926	-	0.53125	mod_ratio	64	73	T	GGTCC	ok	True
chr5	5889297	5889298	-	0.94	mod_ratio	50	65	T	CGTTT	ok	False
chr5	5908006	5908007	+	0.394366	mod_ratio	568	675	A	GGACA	ok	True
chr5	5908262	5908263	+	0.656168	mod_ratio	381	626	A	GGACC	ok	True
chr5	5935929	5935930	+	0.147059	mod_ratio	238	260	A	GGACT	ok	True
chr5	5936654	5936655	+	0.631579	mod_ratio	285	295	A	GAACT	ok	True
chr5	5936886	5936887	+	0.294521	mod_ratio	292	312	A	AAACT	ok	True
chr5	5936916	5936917	+	0.226351	mod_ratio	296	315	A	GAACT	ok	True
chr5	5936956	5936957	+	0.16263	mod_ratio	289	323	A	AGACC	ok	True
chr5	5937292	5937293	+	0.118012	mod_ratio	322	355	A	AGACA	ok	True
chr5	5937451	5937452	+	0.471074	mod_ratio	363	387	A	GGACG	ok	False
chr5	5938195	5938196	+	0.280576	mod_ratio	417	473	A	AAACG	ok	False
chr5	5938249	5938250	+	0.55	mod_ratio	60	484	A	AAACG	ok	False
chr5	5938429	5938430	+	0.364807	mod_ratio	466	537	A	GAACG	ok	False
chr5	5938564	5938565	+	0.579151	mod_ratio	518	560	A	GGACG	ok	False
chr5	5938634	5938635	+	0.107004	mod_ratio	514	565	A	GGACT	ok	True
chr5	5938672	5938673	+	0.148796	mod_ratio	457	593	A	GGACT	ok	True
chr5	5938717	5938718	+	0.957821	mod_ratio	569	609	A	AGACA	ok	True
chr5	5939034	5939035	+	0.395722	mod_ratio	187	722	A	AGACA	ok	True
chr5	5939070	5939071	+	0.173134	mod_ratio	670	733	A	GAACA	ok	True
chr5	5939212	5939213	+	0.281944	mod_ratio	720	780	A	GAACA	ok	True
chr5	5939220	5939221	+	0.261905	mod_ratio	126	776	A	AAACG	ok	False
chr5	5958455	5958456	+	0.675	mod_ratio	40	42	A	GAACA	ok	True
chr5	5958730	5958731	+	0.735294	mod_ratio	34	41	A	GGACC	ok	True
chr5	5958865	5958866	+	0.705882	mod_ratio	34	41	A	GGACC	ok	True
chr5	5959082	5959083	+	0.697674	mod_ratio	43	46	A	AGACG	ok	False
chr5	5959532	5959533	+	0.578947	mod_ratio	38	47	A	AAACG	ok	False
chr5	5959570	5959571	+	0.511628	mod_ratio	43	49	A	AAACG	ok	False
chr5	5959658	5959659	+	0.636364	mod_ratio	44	50	A	AAACT	ok	True
chr5	5987912	5987913	+	0.72549	mod_ratio	51	51	A	GAACG	ok	False
chr5	5987963	5987964	+	0.914894	mod_ratio	47	51	A	AAACG	ok	False
chr5	5988699	5988700	+	0.44	mod_ratio	50	55	A	AAACT	ok	True
chr5	5988814	5988815	+	0.787879	mod_ratio	33	61	A	AGACA	ok	True
chr5	5997068	5997069	+	0.766667	mod_ratio	30	32	A	AAACA	ok	True
chr5	6000230	6000231	-	0.545455	mod_ratio	44	47	T	CGTCC	ok	False
chr5	6007052	6007053	+	0.69697	mod_ratio	33	36	A	AGACA	ok	True
chr5	6090115	6090116	-	0.280967	mod_ratio	662	823	T	AGTTT	ok	True
chr5	6090136	6090137	-	0.155235	mod_ratio	277	861	T	AATCC	ok	False
chr5	6090178	6090179	-	0.275701	mod_ratio	642	861	T	AGTCT	ok	True
chr5	6090187	6090188	-	0.364154	mod_ratio	703	881	T	AGTCC	ok	True
chr5	6090251	6090252	-	0.177807	mod_ratio	748	842	T	TGTTT	ok	True
chr5	6093361	6093362	-	0.864865	mod_ratio	37	42	T	GGTCT	ok	True
chr5	6141523	6141524	+	0.852941	mod_ratio	34	40	A	GGACT	ok	True
chr5	6146102	6146103	+	0.928571	mod_ratio	28	34	A	AGACA	ok	True
chr5	6177387	6177388	+	0.8	mod_ratio	40	43	A	GGACC	ok	True
chr5	6183292	6183293	-	0.453333	mod_ratio	75	87	T	AGTTC	ok	True
chr5	6205398	6205399	+	0.666667	mod_ratio	42	55	A	GGACG	ok	False
chr5	6218153	6218154	+	0.72973	mod_ratio	37	41	A	AAACA	ok	True
chr5	6218888	6218889	+	0.353846	mod_ratio	65	76	A	AAACA	ok	True
chr5	6219819	6219820	+	0.910256	mod_ratio	78	85	A	AAACG	ok	False
chr5	6220307	6220308	+	0.522222	mod_ratio	90	104	A	GGACA	ok	True
chr5	6220439	6220440	+	0.32	mod_ratio	100	108	A	AAACT	ok	True
chr5	6220803	6220804	-	0.627907	mod_ratio	43	55	T	GGTTT	ok	True
chr5	6221396	6221397	-	0.836066	mod_ratio	61	72	T	GGTCT	ok	True
chr5	6221468	6221469	-	0.813559	mod_ratio	59	65	T	AGTTT	ok	True
chr5	6221566	6221567	-	0.769231	mod_ratio	39	64	T	GTTTT	ok	False
chr5	6221755	6221756	-	0.857143	mod_ratio	35	61	T	GTTTT	ok	False
chr5	6221871	6221872	-	0.444444	mod_ratio	54	62	T	CGTTT	ok	False
chr5	6221951	6221952	-	0.62963	mod_ratio	54	63	T	GGTTT	ok	True
chr5	6226027	6226028	+	0.559322	mod_ratio	59	91	A	AAACG	ok	False
chr5	6226579	6226580	+	0.934066	mod_ratio	91	103	A	AGACA	ok	True
chr5	6226805	6226806	+	0.298969	mod_ratio	97	111	A	AAACA	ok	True
chr5	6226809	6226810	+	0.296296	mod_ratio	108	113	A	AAACA	ok	True
chr5	6226886	6226887	+	0.211538	mod_ratio	104	117	A	GGACA	ok	True
chr5	6227140	6227141	+	0.849462	mod_ratio	93	131	A	GGACC	ok	True
chr5	6227145	6227146	+	0.983051	mod_ratio	118	132	A	AGACG	ok	False
chr5	6227221	6227222	+	0.223214	mod_ratio	112	123	A	AAACA	ok	True
chr5	6227343	6227344	+	0.590551	mod_ratio	127	141	A	AGACG	ok	False
chr5	6227562	6227563	+	0.434109	mod_ratio	129	155	A	GGACA	ok	True
chr5	6227628	6227629	+	0.652174	mod_ratio	138	161	A	GGACC	ok	True
chr5	6227696	6227697	+	0.163265	mod_ratio	147	165	A	AAACT	ok	True
chr5	6227913	6227914	+	0.49359	mod_ratio	156	180	A	AGACG	ok	False
chr5	6227948	6227949	+	0.932515	mod_ratio	163	181	A	AGACA	ok	True
chr5	6228132	6228133	+	0.8	mod_ratio	30	40	A	AGACA	ok	True
chr5	6268331	6268332	+	0.418182	mod_ratio	110	146	A	AAACG	ok	False
chr5	6268537	6268538	+	0.405405	mod_ratio	74	101	A	AGACA	ok	True
chr5	6268593	6268594	+	0.47541	mod_ratio	61	80	A	GAACA	ok	True
chr5	6414811	6414812	+	0.167742	mod_ratio	155	170	A	AGACA	ok	True
chr5	6414831	6414832	+	0.166667	mod_ratio	150	174	A	GAACC	ok	True
chr5	6414921	6414922	+	0.550296	mod_ratio	169	177	A	AAACG	ok	False
chr5	6414948	6414949	+	0.470149	mod_ratio	134	174	A	AAACG	ok	False
chr5	6415156	6415157	+	0.329609	mod_ratio	179	194	A	GAACG	ok	False
chr5	6415191	6415192	+	0.341176	mod_ratio	170	195	A	GAACG	ok	False
chr5	6415711	6415712	+	0.564516	mod_ratio	186	221	A	GGACA	ok	True
chr5	6415752	6415753	+	0.58	mod_ratio	200	220	A	AAACC	ok	True
chr5	6425078	6425079	+	0.897561	mod_ratio	205	234	A	AAACA	ok	True
chr5	6425101	6425102	+	0.875	mod_ratio	176	240	A	AAACG	ok	False
chr5	6425798	6425799	+	0.461224	mod_ratio	245	289	A	AAACA	ok	True
chr5	6425834	6425835	+	0.575188	mod_ratio	266	292	A	GAACT	ok	True
chr5	6425849	6425850	+	0.177215	mod_ratio	237	277	A	AAACA	ok	True
chr5	6425872	6425873	+	0.274725	mod_ratio	91	294	A	AAACA	ok	True
chr5	6426027	6426028	+	0.42069	mod_ratio	145	209	A	AAACA	ok	True
chr5	6457310	6457311	+	0.230769	mod_ratio	247	268	A	AAACA	ok	True
chr5	6457314	6457315	+	0.140496	mod_ratio	242	266	A	AAACA	ok	True
chr5	6457329	6457330	+	0.237288	mod_ratio	236	269	A	AAACT	ok	True
chr5	6457391	6457392	+	0.56	mod_ratio	50	267	A	AGACA	ok	True
chr5	6457442	6457443	+	0.442231	mod_ratio	251	279	A	AAACC	ok	True
chr5	6457615	6457616	+	0.891697	mod_ratio	277	298	A	AAACG	ok	False
chr5	6457766	6457767	+	0.644444	mod_ratio	270	313	A	AAACA	ok	True
chr5	6457850	6457851	+	0.118644	mod_ratio	295	325	A	GAACA	ok	True
chr5	6464371	6464372	-	0.737589	mod_ratio	141	169	T	AGTTT	ok	True
chr5	6464725	6464726	-	0.496296	mod_ratio	135	155	T	GGTTT	ok	True
chr5	6464926	6464927	-	0.162963	mod_ratio	135	144	T	TGTTC	ok	True
chr5	6465265	6465266	-	0.25	mod_ratio	124	132	T	GGTTT	ok	True
chr5	6465434	6465435	-	0.488372	mod_ratio	86	97	T	GGTTT	ok	True
chr5	6465968	6465969	-	0.863636	mod_ratio	110	115	T	CGTTT	ok	False
chr5	6466127	6466128	-	0.504425	mod_ratio	113	119	T	TGTTC	ok	True
chr5	6466345	6466346	-	0.414286	mod_ratio	70	86	T	CGTTT	ok	False
chr5	6466425	6466426	-	0.27451	mod_ratio	102	112	T	AGTCT	ok	True
chr5	6466626	6466627	-	0.411215	mod_ratio	107	112	T	TGTTT	ok	True
chr5	6470541	6470542	+	0.894737	mod_ratio	38	51	A	AAACG	ok	False
chr5	6470598	6470599	+	0.555556	mod_ratio	45	52	A	AAACA	ok	True
chr5	6470627	6470628	+	0.833333	mod_ratio	48	54	A	GAACA	ok	True
chr5	6470685	6470686	+	0.54902	mod_ratio	51	54	A	AAACG	ok	False
chr5	6472434	6472435	+	0.425926	mod_ratio	54	64	A	AAACA	ok	True
chr5	6472832	6472833	+	0.6	mod_ratio	45	68	A	AAACT	ok	True
chr5	6524172	6524173	-	0.981132	mod_ratio	53	59	T	AGTTT	ok	True
chr5	6524805	6524806	-	0.38961	mod_ratio	77	86	T	TGTTC	ok	True
chr5	6557154	6557155	+	0.490909	mod_ratio	55	70	A	GGACG	ok	False
chr5	6557513	6557514	+	0.638889	mod_ratio	72	80	A	AGACA	ok	True
chr5	6557594	6557595	+	0.666667	mod_ratio	69	80	A	AAACT	ok	True
chr5	6558030	6558031	+	0.648649	mod_ratio	74	88	A	AAACG	ok	False
chr5	6581758	6581759	-	0.542683	mod_ratio	328	574	T	GGTCT	ok	True
chr5	6581827	6581828	-	0.568966	mod_ratio	406	477	T	TGTTT	ok	True
chr5	6581828	6581829	-	0.522124	mod_ratio	113	596	T	GTTTC	ok	False
chr5	6581850	6581851	-	0.315565	mod_ratio	469	555	T	AGTCT	ok	True
chr5	6581938	6581939	-	0.330869	mod_ratio	541	604	T	TGTCC	ok	True
chr5	6581982	6581983	-	0.324675	mod_ratio	539	583	T	AGTTT	ok	True
chr5	6582012	6582013	-	0.185083	mod_ratio	362	479	T	AGTTT	ok	True
chr5	6582013	6582014	-	0.704545	mod_ratio	88	574	T	GTTTT	ok	False
chr5	6582166	6582167	-	0.159681	mod_ratio	501	564	T	AGTTT	ok	True
chr5	6582180	6582181	-	0.675	mod_ratio	520	586	T	GGTTT	ok	True
chr5	6582410	6582411	-	0.373602	mod_ratio	447	558	T	GGTCT	ok	True
chr5	6582909	6582910	-	0.481481	mod_ratio	378	456	T	GGTTT	ok	True
chr5	6583064	6583065	-	0.656904	mod_ratio	239	283	T	GGTTT	ok	True
chr5	6583147	6583148	-	0.214689	mod_ratio	177	318	T	AGTTT	ok	True
chr5	6583148	6583149	-	0.4	mod_ratio	80	427	T	GTTTT	ok	False
chr5	6595995	6595996	+	0.774194	mod_ratio	31	32	A	AAACG	ok	False
chr5	6601045	6601046	+	0.821918	mod_ratio	73	75	A	AAACA	ok	True
chr5	6601597	6601598	+	0.351351	mod_ratio	74	79	A	AAACT	ok	True
chr5	6601642	6601643	+	0.673913	mod_ratio	46	59	A	GGACA	ok	True
chr5	6610866	6610867	-	0.594203	mod_ratio	69	86	T	GGTTT	ok	True
chr5	6611900	6611901	-	0.40678	mod_ratio	118	132	T	GGTTT	ok	True
chr5	6611940	6611941	-	0.359649	mod_ratio	114	134	T	AGTCC	ok	True
chr5	6611988	6611989	-	0.579832	mod_ratio	119	128	T	GGTTT	ok	True
chr5	6679319	6679320	-	0.806452	mod_ratio	31	51	T	TGTTT	ok	True
chr5	6679361	6679362	-	0.464286	mod_ratio	56	76	T	AGTTC	ok	True
chr5	6679395	6679396	-	0.74359	mod_ratio	156	189	T	TGTCT	ok	True
chr5	6679467	6679468	-	0.329949	mod_ratio	394	442	T	AGTTC	ok	True
chr5	6679627	6679628	-	0.583082	mod_ratio	331	485	T	GGTTT	ok	True
chr5	6679823	6679824	-	0.440367	mod_ratio	109	476	T	GTTTT	ok	False
chr5	6679897	6679898	-	0.139706	mod_ratio	272	356	T	AGTTT	ok	True
chr5	6679898	6679899	-	0.333333	mod_ratio	93	463	T	GTTTT	ok	False
chr5	6680550	6680551	-	0.251256	mod_ratio	398	437	T	TGTTC	ok	True
chr5	6681808	6681809	-	0.163324	mod_ratio	349	385	T	AGTCC	ok	True
chr5	6683195	6683196	-	0.3	mod_ratio	90	107	T	TGTCT	ok	True
chr5	6683521	6683522	-	0.488889	mod_ratio	90	96	T	TGTTC	ok	True
chr5	6683616	6683617	-	0.292683	mod_ratio	82	91	T	TGTTC	ok	True
chr5	6684376	6684377	-	0.342466	mod_ratio	73	82	T	CGTCC	ok	False
chr5	6688164	6688165	+	0.574468	mod_ratio	47	49	A	GAACA	ok	True
chr5	6695772	6695773	-	0.785714	mod_ratio	28	30	T	GGTTT	ok	True
chr5	6709949	6709950	-	0.652778	mod_ratio	72	72	T	TGTCT	ok	True
chr5	6709981	6709982	-	0.656716	mod_ratio	67	72	T	TGTCT	ok	True
chr5	6710187	6710188	-	0.578125	mod_ratio	64	70	T	CGTCC	ok	False
chr5	6711009	6711010	-	0.590909	mod_ratio	44	55	T	TGTCT	ok	True
chr5	6711267	6711268	-	0.468085	mod_ratio	47	50	T	GGTTC	ok	True
chr5	6711471	6711472	-	0.564103	mod_ratio	39	53	T	CGTCC	ok	False
chr5	6712095	6712096	-	0.333333	mod_ratio	132	155	T	AGTCC	ok	True
chr5	6712175	6712176	-	0.275591	mod_ratio	127	159	T	AGTTT	ok	True
chr5	6712837	6712838	-	0.367188	mod_ratio	128	147	T	TGTTT	ok	True
chr5	6713500	6713501	-	0.302326	mod_ratio	129	136	T	AGTTC	ok	True
chr5	6714442	6714443	-	0.569444	mod_ratio	72	93	T	TGTCT	ok	True
chr5	6715581	6715582	-	0.547945	mod_ratio	73	82	T	GGTCT	ok	True
chr5	6715723	6715724	-	0.314286	mod_ratio	70	75	T	AGTTC	ok	True
chr5	6739739	6739740	+	0.339901	mod_ratio	406	502	A	GAACC	ok	True
chr5	6739766	6739767	+	0.256293	mod_ratio	437	530	A	AGACG	ok	False
chr5	6740230	6740231	+	0.384615	mod_ratio	507	577	A	AGACC	ok	True
chr5	6740285	6740286	+	0.624521	mod_ratio	522	598	A	AAACG	ok	False
chr5	6740364	6740365	+	0.467023	mod_ratio	561	626	A	AGACG	ok	False
chr5	6740370	6740371	+	0.47541	mod_ratio	61	625	A	AGACG	ok	False
chr5	6740488	6740489	+	0.698292	mod_ratio	527	639	A	GGACA	ok	True
chr5	6740603	6740604	+	0.108696	mod_ratio	552	662	A	AAACT	ok	True
chr5	6752179	6752180	+	0.939394	mod_ratio	33	36	A	AGACA	ok	True
chr5	6754972	6754973	+	0.744681	mod_ratio	47	58	A	AAACC	ok	True
chr5	6754997	6754998	+	0.5	mod_ratio	48	60	A	AAACA	ok	True
chr5	6755007	6755008	+	0.584906	mod_ratio	53	60	A	GAACA	ok	True
chr5	6755027	6755028	+	0.714286	mod_ratio	35	42	A	AGACA	ok	True
chr5	6760995	6760996	+	0.327354	mod_ratio	223	237	A	AAACT	ok	True
chr5	6761025	6761026	+	0.369231	mod_ratio	195	239	A	GGACA	ok	True
chr5	6761035	6761036	+	0.22549	mod_ratio	204	246	A	GGACA	ok	True
chr5	6761607	6761608	+	0.356436	mod_ratio	202	258	A	AAACC	ok	True
chr5	6762963	6762964	+	0.173228	mod_ratio	127	180	A	AAACC	ok	True
chr5	6763535	6763536	+	0.323529	mod_ratio	170	193	A	AAACT	ok	True
chr5	6763575	6763576	+	0.168675	mod_ratio	166	197	A	GGACA	ok	True
chr5	6764106	6764107	+	0.117347	mod_ratio	196	212	A	GAACA	ok	True
chr5	6764241	6764242	+	0.165803	mod_ratio	193	216	A	GAACC	ok	True
chr5	6764466	6764467	+	0.241611	mod_ratio	149	218	A	GAACC	ok	True
chr5	6764508	6764509	+	0.849315	mod_ratio	73	173	A	GGACC	ok	True
chr5	6779356	6779357	+	0.486111	mod_ratio	72	78	A	AAACC	ok	True
chr5	6780317	6780318	+	0.775	mod_ratio	40	43	A	GGACC	ok	True
chr5	6780850	6780851	+	0.772727	mod_ratio	44	47	A	AGACG	ok	False
chr5	6781837	6781838	+	0.74359	mod_ratio	39	52	A	GGACC	ok	True
chr5	6782341	6782342	+	0.854545	mod_ratio	55	64	A	AAACG	ok	False
chr5	6783883	6783884	+	0.46	mod_ratio	50	58	A	AGACC	ok	True
chr5	6784722	6784723	+	0.448276	mod_ratio	58	64	A	AGACC	ok	True
chr5	6786493	6786494	+	0.884615	mod_ratio	26	78	A	AAACG	ok	False
chr5	6787051	6787052	-	0.72549	mod_ratio	51	114	T	GGTCC	ok	True
chr5	6787111	6787112	-	0.305556	mod_ratio	72	145	T	GATCC	ok	False
chr5	6787158	6787159	-	0.566667	mod_ratio	90	137	T	CGTTT	ok	False
chr5	6787257	6787258	-	0.266187	mod_ratio	139	155	T	GGTTT	ok	True
chr5	6787594	6787595	-	0.8125	mod_ratio	128	152	T	CGTTT	ok	False
chr5	6787949	6787950	-	0.482759	mod_ratio	58	120	T	GTTTT	ok	False
chr5	6787968	6787969	-	0.827586	mod_ratio	87	113	T	TGTTC	ok	True
chr5	6797489	6797490	+	0.836735	mod_ratio	49	57	A	GGACA	ok	True
chr5	6797512	6797513	+	0.471698	mod_ratio	53	59	A	AAACC	ok	True
chr5	6798241	6798242	+	0.72549	mod_ratio	51	74	A	GGACA	ok	True
chr5	6798530	6798531	+	0.383562	mod_ratio	73	80	A	AAACC	ok	True
chr5	6798588	6798589	+	0.434211	mod_ratio	76	83	A	AAACT	ok	True
chr5	6798701	6798702	+	0.607595	mod_ratio	79	86	A	AAACA	ok	True
chr5	6798889	6798890	-	0.928571	mod_ratio	42	82	T	TGTCT	ok	True
chr5	6798954	6798955	-	0.714286	mod_ratio	42	55	T	TGTCT	ok	True
chr5	6799017	6799018	-	0.77551	mod_ratio	49	57	T	CGTCT	ok	False
chr5	6799289	6799290	-	0.415094	mod_ratio	53	56	T	AGTTC	ok	True
chr5	6799300	6799301	-	0.472727	mod_ratio	55	57	T	CGTCC	ok	False
chr5	6800051	6800052	-	0.911765	mod_ratio	34	38	T	CGTTT	ok	False
chr5	6800317	6800318	-	0.675	mod_ratio	40	45	T	AGTTT	ok	True
chr5	6802486	6802487	+	0.473684	mod_ratio	57	69	A	AGACA	ok	True
chr5	6802526	6802527	+	0.507937	mod_ratio	63	69	A	AAACT	ok	True
chr5	6802562	6802563	+	0.878788	mod_ratio	66	70	A	AAACG	ok	False
chr5	6803157	6803158	+	0.8	mod_ratio	75	81	A	AAACT	ok	True
chr5	6803325	6803326	+	0.511905	mod_ratio	84	87	A	AGACA	ok	True
chr5	6803375	6803376	+	0.926829	mod_ratio	82	87	A	AGACA	ok	True
chr5	6803434	6803435	+	0.525641	mod_ratio	78	88	A	AAACA	ok	True
chr5	6803439	6803440	+	0.402439	mod_ratio	82	87	A	AGACA	ok	True
chr5	6803474	6803475	+	0.45679	mod_ratio	81	88	A	AAACT	ok	True
chr5	6803536	6803537	+	0.325301	mod_ratio	83	85	A	AAACT	ok	True
chr5	6805116	6805117	-	0.264151	mod_ratio	106	116	T	TGTCT	ok	True
chr5	6805123	6805124	-	0.261364	mod_ratio	88	116	T	GGTTT	ok	True
chr5	6805705	6805706	-	0.685714	mod_ratio	35	42	T	AGTTT	ok	True
chr5	6811364	6811365	+	0.865385	mod_ratio	52	70	A	AAACG	ok	False
chr5	6811816	6811817	+	0.370968	mod_ratio	62	75	A	GGACT	ok	True
chr5	6811897	6811898	+	0.328358	mod_ratio	67	75	A	AAACA	ok	True
chr5	6811975	6811976	+	0.677419	mod_ratio	62	75	A	AAACA	ok	True
chr5	6814126	6814127	+	0.625	mod_ratio	56	59	A	AAACT	ok	True
chr5	6815117	6815118	+	0.48	mod_ratio	75	87	A	AAACT	ok	True
chr5	6815143	6815144	+	0.367816	mod_ratio	87	95	A	GGACC	ok	True
chr5	6815171	6815172	+	0.37931	mod_ratio	87	91	A	AAACT	ok	True
chr5	6815211	6815212	+	0.630137	mod_ratio	73	88	A	AAACG	ok	False
chr5	6815359	6815360	+	0.40625	mod_ratio	64	84	A	AAACA	ok	True
chr5	6825736	6825737	+	0.810811	mod_ratio	37	41	A	AGACA	ok	True
chr5	6834173	6834174	+	0.547619	mod_ratio	42	50	A	AGACG	ok	False
chr5	6834263	6834264	+	0.511111	mod_ratio	45	54	A	GGACG	ok	False
chr5	6834485	6834486	+	0.557692	mod_ratio	52	60	A	AGACG	ok	False
chr5	6834676	6834677	+	0.877193	mod_ratio	57	63	A	AAACG	ok	False
chr5	6834731	6834732	+	0.844828	mod_ratio	58	64	A	AGACA	ok	True
chr5	6834741	6834742	+	0.54386	mod_ratio	57	63	A	GGACG	ok	False
chr5	6834840	6834841	+	0.534483	mod_ratio	58	69	A	GGACG	ok	False
chr5	6835159	6835160	+	0.789474	mod_ratio	76	85	A	AGACC	ok	True
chr5	6836051	6836052	+	0.504202	mod_ratio	119	125	A	GAACA	ok	True
chr5	6836126	6836127	+	0.333333	mod_ratio	108	127	A	AAACA	ok	True
chr5	6836140	6836141	+	0.239316	mod_ratio	117	122	A	AGACT	ok	True
chr5	6836146	6836147	+	0.389381	mod_ratio	113	128	A	AAACT	ok	True
chr5	6836582	6836583	+	0.878261	mod_ratio	115	143	A	AGACA	ok	True
chr5	6836665	6836666	+	0.401709	mod_ratio	117	137	A	AAACA	ok	True
chr5	6836676	6836677	+	0.872881	mod_ratio	118	136	A	AAACA	ok	True
chr5	6841023	6841024	-	0.675	mod_ratio	40	50	T	GGTTT	ok	True
chr5	6841126	6841127	-	0.780488	mod_ratio	41	50	T	TGTCC	ok	True
chr5	6842355	6842356	-	0.772727	mod_ratio	44	49	T	CGTCC	ok	False
chr5	6842500	6842501	-	0.777778	mod_ratio	36	47	T	CGTTT	ok	False
chr5	6844991	6844992	-	0.829268	mod_ratio	41	45	T	GGTTT	ok	True
chr5	6851552	6851553	-	0.121875	mod_ratio	320	1021	T	AATCC	ok	False
chr5	6851584	6851585	-	0.220628	mod_ratio	1115	1211	T	AGTTT	ok	True
chr5	6851608	6851609	-	0.146825	mod_ratio	252	1127	T	AATCC	ok	False
chr5	6851621	6851622	-	0.447907	mod_ratio	1027	1163	T	AGTTT	ok	True
chr5	6851924	6851925	-	0.230769	mod_ratio	117	1243	T	GGTCC	ok	True
chr5	6852273	6852274	-	0.378731	mod_ratio	1072	1178	T	TGTCT	ok	True
chr5	6852330	6852331	-	0.137143	mod_ratio	700	1166	T	GGTCT	ok	True
chr5	6852432	6852433	-	0.71988	mod_ratio	996	1122	T	CGTCT	ok	False
chr5	6853027	6853028	-	0.601023	mod_ratio	391	893	T	GGTTT	ok	True
chr5	6888611	6888612	-	0.857143	mod_ratio	28	33	T	CGTTT	ok	False
chr5	6939418	6939419	+	0.307229	mod_ratio	166	186	A	AGACT	ok	True
chr5	6939658	6939659	+	0.351515	mod_ratio	165	187	A	GAACT	ok	True
chr5	6939791	6939792	+	0.972603	mod_ratio	73	177	A	AAACG	ok	False
chr5	6939807	6939808	+	0.609375	mod_ratio	64	106	A	AGACC	ok	True
chr5	6943385	6943386	-	0.8	mod_ratio	30	39	T	TGTCC	ok	True
chr5	6956739	6956740	-	0.553191	mod_ratio	47	60	T	GGTTT	ok	True
chr5	6957044	6957045	-	0.297619	mod_ratio	84	90	T	AGTCT	ok	True
chr5	6957924	6957925	-	0.578947	mod_ratio	76	84	T	GGTTT	ok	True
chr5	6973620	6973621	-	0.913043	mod_ratio	46	56	T	CGTCC	ok	False
chr5	6973684	6973685	-	0.54	mod_ratio	50	56	T	TGTCT	ok	True
chr5	6974429	6974430	-	0.705882	mod_ratio	34	40	T	GGTCT	ok	True
chr5	6975389	6975390	-	0.125	mod_ratio	344	385	T	AGTTC	ok	True
chr5	6975492	6975493	-	0.439462	mod_ratio	223	338	T	AGTTT	ok	True
chr5	6975512	6975513	-	0.12	mod_ratio	350	374	T	AGTCC	ok	True
chr5	6975822	6975823	-	0.179402	mod_ratio	301	351	T	GGTTC	ok	True
chr5	6975964	6975965	-	0.416667	mod_ratio	60	278	T	TGTTT	ok	True
chr5	7006026	7006027	-	0.337423	mod_ratio	163	173	T	TGTTT	ok	True
chr5	7006057	7006058	-	0.477419	mod_ratio	155	186	T	TGTCT	ok	True
chr5	7006413	7006414	-	0.339623	mod_ratio	159	178	T	TGTCT	ok	True
chr5	7006523	7006524	-	0.34	mod_ratio	150	172	T	AGTCT	ok	True
chr5	7006647	7006648	-	0.49635	mod_ratio	137	161	T	CGTCC	ok	False
chr5	7006731	7006732	-	0.193548	mod_ratio	124	157	T	GGTTC	ok	True
chr5	7006736	7006737	-	0.266667	mod_ratio	135	158	T	GGTTC	ok	True
chr5	7006770	7006771	-	0.257353	mod_ratio	136	150	T	TGTTT	ok	True
chr5	7006987	7006988	-	0.255814	mod_ratio	129	149	T	GGTTC	ok	True
chr5	7015118	7015119	+	0.496689	mod_ratio	604	763	A	AAACC	ok	True
chr5	7015125	7015126	+	0.16185	mod_ratio	692	766	A	GGACC	ok	True
chr5	7015133	7015134	+	0.894022	mod_ratio	736	777	A	AGACA	ok	True
chr5	7015562	7015563	+	0.122783	mod_ratio	733	820	A	AAACC	ok	True
chr5	7015842	7015843	+	0.77748	mod_ratio	746	876	A	AGACA	ok	True
chr5	7015865	7015866	+	0.57672	mod_ratio	756	872	A	AAACC	ok	True
chr5	7016001	7016002	+	0.12406	mod_ratio	266	883	A	AAACA	ok	True
chr5	7016028	7016029	+	0.144754	mod_ratio	753	886	A	AGACT	ok	True
chr5	7016194	7016195	+	0.429864	mod_ratio	663	889	A	GGACC	ok	True
chr5	7016208	7016209	+	0.512071	mod_ratio	787	882	A	AGACG	ok	False
chr5	7016440	7016441	+	0.298399	mod_ratio	687	816	A	AGACT	ok	True
chr5	7086850	7086851	-	0.831169	mod_ratio	77	84	T	CGTCT	ok	False
chr5	7087335	7087336	-	0.848485	mod_ratio	66	79	T	TGTCT	ok	True
chr5	7087507	7087508	-	0.84127	mod_ratio	63	69	T	TGTTT	ok	True
chr5	7089422	7089423	-	0.488889	mod_ratio	45	51	T	TGTCT	ok	True
chr5	7091413	7091414	+	0.605263	mod_ratio	76	78	A	AAACC	ok	True
chr5	7091900	7091901	+	0.690141	mod_ratio	71	88	A	GGACA	ok	True
chr5	7092118	7092119	+	0.506173	mod_ratio	81	88	A	AAACC	ok	True
chr5	7092247	7092248	+	0.780488	mod_ratio	41	87	A	AAACG	ok	False
chr5	7092340	7092341	+	0.894737	mod_ratio	76	90	A	AGACA	ok	True
chr5	7092411	7092412	+	0.633333	mod_ratio	60	70	A	AAACT	ok	True
chr5	7094780	7094781	-	0.648649	mod_ratio	37	51	T	AGTCC	ok	True
chr5	7095031	7095032	-	0.333333	mod_ratio	84	95	T	TGTTT	ok	True
chr5	7095652	7095653	-	0.368421	mod_ratio	76	96	T	CGTCT	ok	False
chr5	7097020	7097021	-	0.818182	mod_ratio	55	69	T	TGTCT	ok	True
chr5	7107559	7107560	-	0.931034	mod_ratio	29	39	T	CGTTT	ok	False
chr5	7108389	7108390	-	0.675676	mod_ratio	37	43	T	TGTCT	ok	True
chr5	7138871	7138872	+	0.417526	mod_ratio	194	214	A	AAACC	ok	True
chr5	7139430	7139431	+	0.386598	mod_ratio	194	222	A	GGACG	ok	False
chr5	7164741	7164742	+	0.374233	mod_ratio	163	184	A	AAACC	ok	True
chr5	7164770	7164771	+	0.611111	mod_ratio	126	185	A	AAACT	ok	True
chr5	7164962	7164963	+	0.291667	mod_ratio	192	204	A	AGACA	ok	True
chr5	7165843	7165844	+	0.434343	mod_ratio	198	209	A	AAACC	ok	True
chr5	7165853	7165854	+	0.117647	mod_ratio	187	209	A	GGACA	ok	True
chr5	7165883	7165884	+	0.349462	mod_ratio	186	205	A	GAACA	ok	True
chr5	7166065	7166066	+	0.119565	mod_ratio	184	195	A	AAACA	ok	True
chr5	7166093	7166094	+	0.252577	mod_ratio	194	217	A	GAACT	ok	True
chr5	7166605	7166606	+	0.32093	mod_ratio	215	241	A	GAACA	ok	True
chr5	7166618	7166619	+	0.566138	mod_ratio	189	241	A	AAACG	ok	False
chr5	7166622	7166623	+	0.437209	mod_ratio	215	239	A	GGACC	ok	True
chr5	7166905	7166906	+	0.353774	mod_ratio	212	248	A	AAACA	ok	True
chr5	7167016	7167017	+	0.184783	mod_ratio	184	256	A	AAACA	ok	True
chr5	7169855	7169856	+	0.621622	mod_ratio	37	45	A	AAACC	ok	True
chr5	7170268	7170269	+	0.659091	mod_ratio	44	52	A	AAACC	ok	True
chr5	7170448	7170449	+	0.617021	mod_ratio	47	54	A	AAACC	ok	True
chr5	7214582	7214583	-	0.373737	mod_ratio	99	112	T	AGTTC	ok	True
chr5	7214645	7214646	-	0.84127	mod_ratio	63	95	T	TGTCC	ok	True
chr5	7215037	7215038	-	0.2	mod_ratio	115	129	T	TGTCT	ok	True
chr5	7218139	7218140	+	0.742857	mod_ratio	35	40	A	GGACA	ok	True
chr5	7218182	7218183	+	0.875	mod_ratio	32	40	A	AGACA	ok	True
chr5	7220977	7220978	+	0.403509	mod_ratio	57	64	A	AAACG	ok	False
chr5	7222541	7222542	+	0.469136	mod_ratio	81	105	A	GAACG	ok	False
chr5	7222705	7222706	+	0.382353	mod_ratio	102	110	A	GGACG	ok	False
chr5	7222929	7222930	+	0.316832	mod_ratio	101	120	A	AGACC	ok	True
chr5	7223176	7223177	+	0.321429	mod_ratio	112	126	A	GAACC	ok	True
chr5	7223321	7223322	+	0.75	mod_ratio	108	126	A	GGACC	ok	True
chr5	7241420	7241421	-	0.704225	mod_ratio	71	85	T	TGTCT	ok	True
chr5	7242697	7242698	-	0.617647	mod_ratio	68	71	T	AGTTC	ok	True
chr5	7242708	7242709	-	0.363636	mod_ratio	66	72	T	GGTCC	ok	True
chr5	7249350	7249351	-	0.227273	mod_ratio	110	139	T	AGTTT	ok	True
chr5	7249772	7249773	-	0.170886	mod_ratio	158	174	T	TGTTT	ok	True
chr5	7249801	7249802	-	0.644444	mod_ratio	135	177	T	CGTCT	ok	False
chr5	7250382	7250383	-	0.75	mod_ratio	48	130	T	TGTCT	ok	True
chr5	7278856	7278857	+	0.45283	mod_ratio	53	56	A	AAACC	ok	True
chr5	7278958	7278959	+	0.706897	mod_ratio	58	65	A	AAACA	ok	True
chr5	7279146	7279147	+	0.454545	mod_ratio	66	69	A	AAACG	ok	False
chr5	7279378	7279379	+	0.484848	mod_ratio	66	69	A	GAACG	ok	False
chr5	7288239	7288240	-	0.659574	mod_ratio	47	52	T	CGTTC	ok	False
chr5	7289102	7289103	-	0.694444	mod_ratio	36	43	T	CGTCC	ok	False
chr5	7304003	7304004	-	0.47541	mod_ratio	61	70	T	TGTCT	ok	True
chr5	7304220	7304221	-	0.4	mod_ratio	60	66	T	GGTTT	ok	True
chr5	7304266	7304267	-	0.708333	mod_ratio	48	64	T	TGTCC	ok	True
chr5	7304694	7304695	-	0.522727	mod_ratio	44	53	T	GGTCC	ok	True
chr5	7305598	7305599	-	0.714286	mod_ratio	35	41	T	GGTCT	ok	True
chr5	7314988	7314989	-	0.724138	mod_ratio	87	91	T	GGTCT	ok	True
chr5	7315126	7315127	-	0.316456	mod_ratio	79	87	T	TGTTT	ok	True
chr5	7315441	7315442	-	0.42029	mod_ratio	69	73	T	CGTCT	ok	False
chr5	7315581	7315582	-	0.893617	mod_ratio	47	66	T	CGTCC	ok	False
chr5	7315585	7315586	-	0.590164	mod_ratio	61	65	T	CGTCT	ok	False
chr5	7315844	7315845	-	0.843137	mod_ratio	51	62	T	GGTCT	ok	True
chr5	7315977	7315978	-	0.823529	mod_ratio	51	59	T	CGTTT	ok	False
chr5	7316113	7316114	-	0.469388	mod_ratio	49	61	T	TGTCT	ok	True
chr5	7359673	7359674	+	0.613636	mod_ratio	44	58	A	AAACC	ok	True
chr5	7374269	7374270	-	0.48	mod_ratio	50	57	T	GGTTT	ok	True
chr5	7374280	7374281	-	0.534884	mod_ratio	43	54	T	CGTTT	ok	False
chr5	7374343	7374344	-	0.9	mod_ratio	50	56	T	CGTTT	ok	False
chr5	7381782	7381783	+	0.92	mod_ratio	25	28	A	AGACC	ok	True
chr5	7395271	7395272	+	0.672727	mod_ratio	55	62	A	AAACC	ok	True
chr5	7396312	7396313	+	0.342857	mod_ratio	70	72	A	GAACG	ok	False
chr5	7396668	7396669	+	0.515625	mod_ratio	64	74	A	AGACC	ok	True
chr5	7396697	7396698	+	0.770492	mod_ratio	61	74	A	AAACG	ok	False
chr5	7396751	7396752	+	0.48	mod_ratio	50	69	A	AAACA	ok	True
chr5	7396825	7396826	+	0.818182	mod_ratio	33	54	A	AAACT	ok	True
chr5	7404346	7404347	-	0.935484	mod_ratio	31	35	T	CGTTT	ok	False
chr5	7435180	7435181	-	0.580357	mod_ratio	112	151	T	TGTCT	ok	True
chr5	7435231	7435232	-	0.534483	mod_ratio	116	145	T	AGTTT	ok	True
chr5	7435340	7435341	-	0.637795	mod_ratio	127	174	T	GGTTT	ok	True
chr5	7435616	7435617	-	0.79085	mod_ratio	153	165	T	TGTCT	ok	True
chr5	7435867	7435868	-	0.221477	mod_ratio	149	157	T	AGTTT	ok	True
chr5	7435880	7435881	-	0.274648	mod_ratio	142	154	T	TGTTC	ok	True
chr5	7436148	7436149	-	0.240385	mod_ratio	104	141	T	AGTTC	ok	True
chr5	7436156	7436157	-	0.1875	mod_ratio	128	142	T	AGTCT	ok	True
chr5	7474867	7474868	-	0.403509	mod_ratio	57	63	T	AGTTT	ok	True
chr5	7474925	7474926	-	0.5	mod_ratio	58	67	T	GGTCC	ok	True
chr5	7474963	7474964	-	0.4	mod_ratio	65	70	T	AGTCT	ok	True
chr5	7475052	7475053	-	0.676471	mod_ratio	68	70	T	CGTTT	ok	False
chr5	7475217	7475218	-	0.943396	mod_ratio	53	66	T	TGTCT	ok	True
chr5	7475974	7475975	-	0.730769	mod_ratio	52	57	T	GGTCT	ok	True
chr5	7476009	7476010	-	0.742857	mod_ratio	35	56	T	GGTCC	ok	True
chr5	7476544	7476545	-	0.888889	mod_ratio	45	49	T	CGTCC	ok	False
chr5	7477000	7477001	-	0.651163	mod_ratio	43	44	T	AGTTC	ok	True
chr5	7477022	7477023	-	0.511628	mod_ratio	43	44	T	AGTTC	ok	True
chr5	7502959	7502960	+	0.860215	mod_ratio	93	112	A	AGACA	ok	True
chr5	7503195	7503196	+	0.942308	mod_ratio	104	118	A	AAACG	ok	False
chr5	7517980	7517981	-	0.666667	mod_ratio	36	39	T	CGTCT	ok	False
chr5	7518040	7518041	-	0.675676	mod_ratio	37	39	T	CGTCT	ok	False
chr5	7533596	7533597	+	0.866667	mod_ratio	60	71	A	AGACA	ok	True
chr5	7533756	7533757	+	0.803922	mod_ratio	51	62	A	AAACT	ok	True
chr5	7533765	7533766	+	0.953488	mod_ratio	43	57	A	AAACG	ok	False
chr5	7534413	7534414	+	0.604938	mod_ratio	81	90	A	AAACG	ok	False
chr5	7534621	7534622	+	0.385542	mod_ratio	83	90	A	AAACT	ok	True
chr5	7534647	7534648	+	0.38961	mod_ratio	77	92	A	AGACA	ok	True
chr5	7535106	7535107	+	0.238095	mod_ratio	126	153	A	AAACC	ok	True
chr5	7535147	7535148	+	0.311688	mod_ratio	154	179	A	AGACG	ok	False
chr5	7536056	7536057	+	0.675978	mod_ratio	179	208	A	GGACG	ok	False
chr5	7652180	7652181	-	0.515723	mod_ratio	159	179	T	TGTTT	ok	True
chr5	7652398	7652399	-	0.710345	mod_ratio	145	161	T	TGTCT	ok	True
chr5	7652462	7652463	-	0.450704	mod_ratio	142	162	T	AGTTT	ok	True
chr5	7652480	7652481	-	0.503597	mod_ratio	139	159	T	GGTTT	ok	True
chr5	7652504	7652505	-	0.275591	mod_ratio	127	156	T	GGTTC	ok	True
chr5	7652531	7652532	-	0.481203	mod_ratio	133	155	T	GGTTT	ok	True
chr5	7652546	7652547	-	0.470149	mod_ratio	134	155	T	GGTTT	ok	True
chr5	7665024	7665025	+	0.677419	mod_ratio	62	95	A	AAACG	ok	False
chr5	7665547	7665548	+	0.4	mod_ratio	105	111	A	GAACA	ok	True
chr5	7665696	7665697	+	0.960396	mod_ratio	101	116	A	AGACA	ok	True
chr5	7665706	7665707	+	0.428571	mod_ratio	105	116	A	AGACG	ok	False
chr5	7666255	7666256	+	0.708661	mod_ratio	127	138	A	AAACA	ok	True
chr5	7666894	7666895	+	0.378882	mod_ratio	161	185	A	AAACA	ok	True
chr5	7666900	7666901	+	0.241379	mod_ratio	174	186	A	GAACG	ok	False
chr5	7666958	7666959	+	0.649682	mod_ratio	157	189	A	AGACA	ok	True
chr5	7703366	7703367	+	0.5	mod_ratio	78	83	A	AAACC	ok	True
chr5	7703378	7703379	+	0.371795	mod_ratio	78	84	A	GAACG	ok	False
chr5	7703401	7703402	+	0.289474	mod_ratio	76	84	A	GAACA	ok	True
chr5	7703589	7703590	+	0.821429	mod_ratio	84	86	A	AGACC	ok	True
chr5	7705059	7705060	+	0.565217	mod_ratio	92	97	A	GGACA	ok	True
chr5	7705418	7705419	+	0.815534	mod_ratio	103	119	A	AGACA	ok	True
chr5	7706399	7706400	+	0.241379	mod_ratio	145	148	A	GAACG	ok	False
chr5	7706704	7706705	+	0.767606	mod_ratio	142	154	A	AAACG	ok	False
chr5	7706854	7706855	+	0.496124	mod_ratio	129	147	A	AAACA	ok	True
chr5	7706873	7706874	+	0.201681	mod_ratio	119	143	A	GAACT	ok	True
chr5	7719603	7719604	+	0.742857	mod_ratio	35	37	A	GGACG	ok	False
chr5	7719946	7719947	+	0.648649	mod_ratio	37	42	A	AGACA	ok	True
chr5	7721578	7721579	+	0.953488	mod_ratio	43	48	A	AAACA	ok	True
chr5	7721755	7721756	+	0.685714	mod_ratio	35	47	A	AAACA	ok	True
chr5	7729406	7729407	-	0.245902	mod_ratio	122	190	T	GGTTC	ok	True
chr5	7729417	7729418	-	0.278912	mod_ratio	147	179	T	TGTCT	ok	True
chr5	7729441	7729442	-	0.551136	mod_ratio	176	204	T	AGTTT	ok	True
chr5	7730200	7730201	-	0.209459	mod_ratio	148	192	T	CGTTT	ok	False
chr5	7730210	7730211	-	0.754098	mod_ratio	183	195	T	GGTCC	ok	True
chr5	7730223	7730224	-	0.280702	mod_ratio	171	194	T	CGTCC	ok	False
chr5	7730634	7730635	-	0.423729	mod_ratio	177	190	T	TGTCT	ok	True
chr5	7736757	7736758	-	0.575342	mod_ratio	146	735	T	GTTTT	ok	False
chr5	7736785	7736786	-	0.121076	mod_ratio	669	735	T	GGTTC	ok	True
chr5	7736963	7736964	-	0.328125	mod_ratio	192	700	T	GTTTT	ok	False
chr5	7737076	7737077	-	0.121951	mod_ratio	615	692	T	AGTCC	ok	True
chr5	7737156	7737157	-	0.930693	mod_ratio	606	678	T	CGTTT	ok	False
chr5	7737187	7737188	-	0.197432	mod_ratio	623	676	T	TGTTT	ok	True
chr5	7737380	7737381	-	0.115108	mod_ratio	556	640	T	AGTTC	ok	True
chr5	7737405	7737406	-	0.590741	mod_ratio	540	644	T	CGTTT	ok	False
chr5	7737718	7737719	-	0.528261	mod_ratio	460	557	T	GGTTT	ok	True
chr5	7737768	7737769	-	0.483301	mod_ratio	509	596	T	TGTCT	ok	True
chr5	7738010	7738011	-	0.391221	mod_ratio	524	573	T	TGTCC	ok	True
chr5	7738021	7738022	-	0.521569	mod_ratio	510	570	T	GGTTT	ok	True
chr5	7738083	7738084	-	0.30315	mod_ratio	508	542	T	AGTTT	ok	True
chr5	7738322	7738323	-	0.933194	mod_ratio	479	535	T	TGTCT	ok	True
chr5	7738367	7738368	-	0.185455	mod_ratio	275	364	T	AGTTT	ok	True
chr5	7738414	7738415	-	0.146608	mod_ratio	457	512	T	GGTTT	ok	True
chr5	7778374	7778375	+	0.489655	mod_ratio	145	210	A	GGACC	ok	True
chr5	7778473	7778474	+	0.405405	mod_ratio	185	212	A	GAACC	ok	True
chr5	7778587	7778588	+	0.502591	mod_ratio	193	215	A	GAACG	ok	False
chr5	7778592	7778593	+	0.95	mod_ratio	180	215	A	AGACA	ok	True
chr5	7778596	7778597	+	0.265625	mod_ratio	192	217	A	AGACT	ok	True
chr5	7778608	7778609	+	0.132653	mod_ratio	196	214	A	AGACT	ok	True
chr5	7778974	7778975	+	0.511416	mod_ratio	219	240	A	AAACA	ok	True
chr5	7779028	7779029	+	0.442478	mod_ratio	226	244	A	GAACA	ok	True
chr5	7779145	7779146	+	0.342466	mod_ratio	219	242	A	GAACA	ok	True
chr5	7779591	7779592	+	0.177215	mod_ratio	237	259	A	GAACA	ok	True
chr5	7780190	7780191	+	0.292453	mod_ratio	212	269	A	GAACC	ok	True
chr5	7784609	7784610	+	0.688889	mod_ratio	45	61	A	AAACA	ok	True
chr5	7784946	7784947	+	0.613636	mod_ratio	44	56	A	AAACT	ok	True
chr5	7843080	7843081	+	0.971429	mod_ratio	35	40	A	AAACG	ok	False
chr5	7843490	7843491	+	0.571429	mod_ratio	42	44	A	AGACC	ok	True
chr5	7843546	7843547	+	0.6	mod_ratio	40	45	A	GGACA	ok	True
chr5	7844121	7844122	+	0.794118	mod_ratio	34	46	A	AAACA	ok	True
chr5	7847400	7847401	+	0.914894	mod_ratio	47	54	A	AAACA	ok	True
chr5	7851771	7851772	+	0.717391	mod_ratio	46	54	A	AAACG	ok	False
chr5	7851795	7851796	+	0.488889	mod_ratio	45	53	A	GGACG	ok	False
chr5	7937263	7937264	+	0.862069	mod_ratio	29	37	A	AAACG	ok	False
chr5	7938257	7938258	+	0.773585	mod_ratio	53	55	A	AAACA	ok	True
chr5	7938910	7938911	+	0.745098	mod_ratio	51	62	A	GAACA	ok	True
chr5	7939046	7939047	+	0.454545	mod_ratio	66	69	A	GAACA	ok	True
chr5	8008118	8008119	-	0.43609	mod_ratio	133	354	T	TGTTC	ok	True
chr5	8008148	8008149	-	0.488518	mod_ratio	479	567	T	CGTCT	ok	False
chr5	8008164	8008165	-	0.406452	mod_ratio	155	367	T	AGTCT	ok	True
chr5	8008166	8008167	-	0.2	mod_ratio	190	512	T	TCTCC	ok	False
chr5	8008717	8008718	-	0.433121	mod_ratio	471	534	T	GGTTC	ok	True
chr5	8031755	8031756	+	0.157635	mod_ratio	203	235	A	GAACC	ok	True
chr5	8031936	8031937	+	0.310078	mod_ratio	129	228	A	AAACA	ok	True
chr5	8032001	8032002	+	0.236559	mod_ratio	186	238	A	AAACT	ok	True
chr5	8032926	8032927	+	0.527174	mod_ratio	184	258	A	GGACC	ok	True
chr5	8032948	8032949	+	0.144279	mod_ratio	201	237	A	GAACA	ok	True
chr5	8064239	8064240	-	0.696581	mod_ratio	234	263	T	CGTTT	ok	False
chr5	8064589	8064590	-	0.114833	mod_ratio	209	247	T	GGTTC	ok	True
chr5	8064811	8064812	-	0.301802	mod_ratio	222	236	T	TGTCT	ok	True
chr5	8064881	8064882	-	0.890547	mod_ratio	201	228	T	TGTCT	ok	True
chr5	8073361	8073362	-	0.321168	mod_ratio	137	153	T	AGTTC	ok	True
chr5	8073587	8073588	-	0.300813	mod_ratio	123	149	T	GGTCC	ok	True
chr5	8073851	8073852	-	0.217391	mod_ratio	115	128	T	AGTTT	ok	True
chr5	8073864	8073865	-	0.278261	mod_ratio	115	131	T	GGTTT	ok	True
chr5	8073872	8073873	-	0.318584	mod_ratio	113	123	T	AGTCT	ok	True
chr5	8073884	8073885	-	0.508929	mod_ratio	112	126	T	TGTTC	ok	True
chr5	8074049	8074050	-	0.486111	mod_ratio	72	117	T	CGTTT	ok	False
chr5	8074076	8074077	-	0.519231	mod_ratio	104	121	T	GGTTT	ok	True
chr5	8076418	8076419	-	0.6875	mod_ratio	32	47	T	GGTCC	ok	True
chr5	8076575	8076576	-	0.829268	mod_ratio	41	49	T	AGTTT	ok	True
chr5	8157776	8157777	-	0.443182	mod_ratio	88	97	T	AGTTC	ok	True
chr5	8157781	8157782	-	0.391892	mod_ratio	74	97	T	GGTTC	ok	True
chr5	8157786	8157787	-	0.428571	mod_ratio	70	98	T	GGTTT	ok	True
chr5	8157791	8157792	-	0.506024	mod_ratio	83	94	T	GGTTT	ok	True
chr5	8158456	8158457	-	0.595745	mod_ratio	47	68	T	AGTTT	ok	True
chr5	8158488	8158489	-	0.898551	mod_ratio	69	75	T	TGTCT	ok	True
chr5	8159227	8159228	-	0.622642	mod_ratio	53	55	T	GGTTT	ok	True
chr5	8172444	8172445	-	0.825397	mod_ratio	63	74	T	CGTTT	ok	False
chr5	8172445	8172446	-	0.4	mod_ratio	75	155	T	GTTTT	ok	False
chr5	8172576	8172577	-	0.653543	mod_ratio	127	170	T	AGTTT	ok	True
chr5	8172591	8172592	-	0.166667	mod_ratio	138	157	T	TGTTT	ok	True
chr5	8173066	8173067	-	0.761538	mod_ratio	130	152	T	TGTCT	ok	True
chr5	8173088	8173089	-	0.66087	mod_ratio	115	150	T	CGTCC	ok	False
chr5	8174022	8174023	-	0.240741	mod_ratio	108	115	T	GGTTT	ok	True
chr5	8174980	8174981	-	0.328947	mod_ratio	76	95	T	CGTCC	ok	False
chr5	8175340	8175341	-	0.733333	mod_ratio	75	87	T	TGTCC	ok	True
chr5	8175381	8175382	-	0.375	mod_ratio	80	84	T	CGTTC	ok	False
chr5	8188805	8188806	+	0.203448	mod_ratio	290	507	A	GGACC	ok	True
chr5	8188916	8188917	+	0.86	mod_ratio	300	528	A	AAACG	ok	False
chr5	8189116	8189117	+	0.150862	mod_ratio	464	538	A	GAACA	ok	True
chr5	8267791	8267792	+	0.775	mod_ratio	40	41	A	GAACT	ok	True
chr5	8270780	8270781	+	0.627119	mod_ratio	59	67	A	AAACT	ok	True
chr5	8270840	8270841	+	0.397059	mod_ratio	68	68	A	GGACC	ok	True
chr5	8270860	8270861	+	0.421875	mod_ratio	64	68	A	AGACC	ok	True
chr5	8270865	8270866	+	0.389831	mod_ratio	59	68	A	AAACA	ok	True
chr5	8270871	8270872	+	0.476923	mod_ratio	65	68	A	AAACT	ok	True
chr5	8270891	8270892	+	0.68	mod_ratio	50	67	A	GGACC	ok	True
chr5	8270901	8270902	+	0.745098	mod_ratio	51	68	A	AGACC	ok	True
chr5	8270986	8270987	+	0.690476	mod_ratio	42	67	A	AAACC	ok	True
chr5	8271017	8271018	+	0.571429	mod_ratio	42	62	A	AAACT	ok	True
chr5	8278030	8278031	+	0.823899	mod_ratio	159	202	A	GGACG	ok	False
chr5	8278773	8278774	+	0.166667	mod_ratio	174	207	A	GGACG	ok	False
chr5	8279062	8279063	+	0.347826	mod_ratio	184	215	A	AAACC	ok	True
chr5	8279156	8279157	+	0.420635	mod_ratio	126	211	A	AAACC	ok	True
chr5	8326488	8326489	+	0.848485	mod_ratio	33	36	A	AGACC	ok	True
chr5	8326621	8326622	+	0.709677	mod_ratio	31	36	A	AAACC	ok	True
chr5	8330552	8330553	-	0.530612	mod_ratio	49	52	T	GGTTT	ok	True
chr5	8330556	8330557	-	0.54	mod_ratio	50	52	T	TGTCC	ok	True
chr5	8330903	8330904	-	0.738095	mod_ratio	42	45	T	TGTTT	ok	True
chr5	8355671	8355672	+	0.916667	mod_ratio	24	35	A	AAACG	ok	False
chr5	8365716	8365717	+	0.243243	mod_ratio	111	125	A	AGACT	ok	True
chr5	8365803	8365804	+	0.324561	mod_ratio	114	128	A	GGACT	ok	True
chr5	8365871	8365872	+	0.517544	mod_ratio	114	129	A	AGACA	ok	True
chr5	8365915	8365916	+	0.75	mod_ratio	108	134	A	GGACG	ok	False
chr5	8365957	8365958	+	0.55814	mod_ratio	86	133	A	AAACC	ok	True
chr5	8366282	8366283	+	0.285714	mod_ratio	119	131	A	AAACA	ok	True
chr5	8366517	8366518	+	0.934959	mod_ratio	123	151	A	AGACA	ok	True
chr5	8366593	8366594	+	0.413793	mod_ratio	145	163	A	AGACC	ok	True
chr5	8366838	8366839	+	0.144654	mod_ratio	159	173	A	AGACT	ok	True
chr5	8366888	8366889	+	0.473054	mod_ratio	167	178	A	GAACT	ok	True
chr5	8366928	8366929	+	0.33125	mod_ratio	160	179	A	AAACT	ok	True
chr5	8367056	8367057	+	0.383234	mod_ratio	167	182	A	AAACA	ok	True
chr5	8367199	8367200	+	0.217391	mod_ratio	138	187	A	AAACC	ok	True
chr5	8367258	8367259	+	0.474747	mod_ratio	99	187	A	AAACA	ok	True
chr5	8437262	8437263	+	0.8125	mod_ratio	64	74	A	AAACA	ok	True
chr5	8437543	8437544	+	0.309859	mod_ratio	71	78	A	GAACT	ok	True
chr5	8437592	8437593	+	0.739726	mod_ratio	73	82	A	AAACG	ok	False
chr5	8438821	8438822	+	0.3875	mod_ratio	80	90	A	GGACC	ok	True
chr5	8443366	8443367	-	0.341176	mod_ratio	85	102	T	TGTTT	ok	True
chr5	8443559	8443560	-	0.745098	mod_ratio	102	122	T	GGTCT	ok	True
chr5	8455650	8455651	-	0.392857	mod_ratio	84	96	T	AGTTT	ok	True
chr5	8456025	8456026	-	0.671053	mod_ratio	76	85	T	TGTCT	ok	True
chr5	8456521	8456522	-	0.491803	mod_ratio	61	72	T	CGTTT	ok	False
chr5	8468634	8468635	-	0.457831	mod_ratio	83	93	T	AGTTT	ok	True
chr5	8469049	8469050	-	0.36	mod_ratio	75	92	T	CGTCC	ok	False
chr5	8501191	8501192	-	0.452055	mod_ratio	73	84	T	TGTTC	ok	True
chr5	8501586	8501587	-	0.932432	mod_ratio	74	82	T	TGTTT	ok	True
chr5	8515825	8515826	+	0.961538	mod_ratio	26	30	A	AAACG	ok	False
chr5	8516468	8516469	+	0.733333	mod_ratio	30	35	A	GGACA	ok	True
chr5	8535917	8535918	-	0.956522	mod_ratio	23	25	T	TGTCT	ok	True
chr5	8558671	8558672	-	0.648649	mod_ratio	37	46	T	TGTTT	ok	True
chr5	8559013	8559014	-	0.74359	mod_ratio	39	44	T	TGTCC	ok	True
chr5	8559066	8559067	-	0.657143	mod_ratio	35	43	T	TGTCT	ok	True
chr5	8559264	8559265	-	0.944444	mod_ratio	36	40	T	TGTCT	ok	True
chr5	8589569	8589570	+	0.262069	mod_ratio	145	156	A	AAACT	ok	True
chr5	8589716	8589717	+	0.368421	mod_ratio	152	165	A	GAACG	ok	False
chr5	8589770	8589771	+	0.524138	mod_ratio	145	156	A	AAACA	ok	True
chr5	8590095	8590096	+	0.294118	mod_ratio	170	180	A	GGACG	ok	False
chr5	8590840	8590841	+	0.542373	mod_ratio	177	204	A	AGACC	ok	True
chr5	8590967	8590968	+	0.369048	mod_ratio	168	202	A	AGACT	ok	True
chr5	8591028	8591029	+	0.225989	mod_ratio	177	210	A	GAACG	ok	False
chr5	8591041	8591042	+	0.923077	mod_ratio	182	215	A	AAACG	ok	False
chr5	8736625	8736626	+	0.657143	mod_ratio	35	37	A	AAACG	ok	False
chr5	8737529	8737530	+	0.885714	mod_ratio	35	44	A	AGACA	ok	True
chr5	8737553	8737554	+	0.641026	mod_ratio	39	44	A	AAACA	ok	True
chr5	8737891	8737892	+	0.642857	mod_ratio	42	49	A	AAACA	ok	True
chr5	8754806	8754807	-	0.578125	mod_ratio	64	76	T	AGTTT	ok	True
chr5	8756168	8756169	-	0.788462	mod_ratio	52	62	T	GGTTT	ok	True
chr5	8756756	8756757	-	0.674419	mod_ratio	43	50	T	TGTTT	ok	True
chr5	8773915	8773916	+	0.945055	mod_ratio	91	101	A	AAACG	ok	False
chr5	8773975	8773976	+	0.381443	mod_ratio	97	103	A	AAACC	ok	True
chr5	8774077	8774078	+	0.255102	mod_ratio	98	104	A	GAACA	ok	True
chr5	8774216	8774217	+	0.346154	mod_ratio	104	111	A	AAACC	ok	True
chr5	8774456	8774457	+	0.72549	mod_ratio	102	116	A	AGACC	ok	True
chr5	8774637	8774638	+	0.375	mod_ratio	104	114	A	GGACC	ok	True
chr5	8774669	8774670	+	0.264151	mod_ratio	106	118	A	GGACC	ok	True
chr5	8774684	8774685	+	0.488636	mod_ratio	88	116	A	AAACG	ok	False
chr5	8774696	8774697	+	0.563636	mod_ratio	110	120	A	AGACG	ok	False
chr5	8799855	8799856	-	0.682927	mod_ratio	41	47	T	AGTCT	ok	True
chr5	8864285	8864286	+	0.92887	mod_ratio	239	257	A	AAACG	ok	False
chr5	8864304	8864305	+	0.626667	mod_ratio	225	261	A	GGACC	ok	True
chr5	8864310	8864311	+	0.162281	mod_ratio	228	263	A	AAACC	ok	True
chr5	8864318	8864319	+	0.793388	mod_ratio	242	260	A	AGACA	ok	True
chr5	8864329	8864330	+	0.215447	mod_ratio	246	265	A	GAACA	ok	True
chr5	8864342	8864343	+	0.6	mod_ratio	250	267	A	AAACA	ok	True
chr5	8864346	8864347	+	0.376068	mod_ratio	234	259	A	AAACT	ok	True
chr5	8864360	8864361	+	0.520492	mod_ratio	244	262	A	AAACT	ok	True
chr5	8864406	8864407	+	0.17004	mod_ratio	247	280	A	AAACA	ok	True
chr5	8864462	8864463	+	0.387755	mod_ratio	98	286	A	GAACG	ok	False
chr5	8864478	8864479	+	0.162698	mod_ratio	252	283	A	AAACA	ok	True
chr5	8864549	8864550	+	0.38189	mod_ratio	254	299	A	AGACG	ok	False
chr5	8864602	8864603	+	0.674825	mod_ratio	286	307	A	AGACG	ok	False
chr5	8864760	8864761	+	0.352313	mod_ratio	281	323	A	AGACC	ok	True
chr5	8864870	8864871	+	0.101974	mod_ratio	304	330	A	GAACA	ok	True
chr5	8864882	8864883	+	0.226519	mod_ratio	181	335	A	AAACG	ok	False
chr5	8865024	8865025	+	0.239437	mod_ratio	284	351	A	GAACA	ok	True
chr5	8865146	8865147	+	0.494253	mod_ratio	87	367	A	AGACG	ok	False
chr5	8865246	8865247	+	0.867232	mod_ratio	354	377	A	AAACG	ok	False
chr5	8865454	8865455	+	0.548043	mod_ratio	281	383	A	AAACT	ok	True
chr5	8865486	8865487	+	0.741742	mod_ratio	333	391	A	AAACG	ok	False
chr5	8865503	8865504	+	0.181269	mod_ratio	331	373	A	AAACA	ok	True
chr5	8865592	8865593	+	0.267148	mod_ratio	277	308	A	AAACG	ok	False
chr5	8865648	8865649	+	0.22449	mod_ratio	147	188	A	AAACT	ok	True
chr5	8914291	8914292	-	0.37931	mod_ratio	58	83	T	GGTTT	ok	True
chr5	8914553	8914554	-	0.104918	mod_ratio	305	354	T	GGTCC	ok	True
chr5	8914591	8914592	-	0.298305	mod_ratio	295	343	T	GGTTT	ok	True
chr5	8914597	8914598	-	0.208861	mod_ratio	316	347	T	GGTTC	ok	True
chr5	8914731	8914732	-	0.162963	mod_ratio	270	319	T	TGTTT	ok	True
chr5	8915407	8915408	-	0.234848	mod_ratio	264	296	T	AGTTT	ok	True
chr5	8915548	8915549	-	0.656904	mod_ratio	239	271	T	CGTTT	ok	False
chr5	8915589	8915590	-	0.822511	mod_ratio	231	259	T	CGTTT	ok	False
chr5	8915619	8915620	-	0.260163	mod_ratio	123	143	T	AGTTT	ok	True
chr5	8915773	8915774	-	0.474747	mod_ratio	198	222	T	GGTTT	ok	True
chr5	8916003	8916004	-	0.35	mod_ratio	100	132	T	GGTTT	ok	True
chr5	8949231	8949232	+	0.767442	mod_ratio	43	51	A	AAACA	ok	True
chr5	8954194	8954195	+	0.96	mod_ratio	25	31	A	AGACA	ok	True
chr5	8954695	8954696	+	0.685714	mod_ratio	35	37	A	AAACT	ok	True
chr5	8968508	8968509	+	0.923077	mod_ratio	26	34	A	GGACA	ok	True
chr5	9034040	9034041	+	0.666667	mod_ratio	33	35	A	AAACA	ok	True
chr5	9072867	9072868	+	0.92381	mod_ratio	210	235	A	AAACA	ok	True
chr5	9072884	9072885	+	0.125604	mod_ratio	207	236	A	AAACA	ok	True
chr5	9073417	9073418	+	0.655022	mod_ratio	229	241	A	AGACG	ok	False
chr5	9073687	9073688	+	0.702326	mod_ratio	215	247	A	GGACC	ok	True
chr5	9073729	9073730	+	0.904167	mod_ratio	240	256	A	GGACA	ok	True
chr5	9073734	9073735	+	0.221757	mod_ratio	239	255	A	GAACG	ok	False
chr5	9073847	9073848	+	0.31982	mod_ratio	222	259	A	AGACG	ok	False
chr5	9073960	9073961	+	0.479167	mod_ratio	48	263	A	GAACA	ok	True
chr5	9074028	9074029	+	0.212121	mod_ratio	231	265	A	GAACC	ok	True
chr5	9074089	9074090	+	0.375566	mod_ratio	221	271	A	GGACG	ok	False
chr5	9074213	9074214	+	0.757937	mod_ratio	252	271	A	GGACC	ok	True
chr5	9074590	9074591	+	0.2	mod_ratio	135	277	A	AAACT	ok	True
chr5	9074607	9074608	+	0.200893	mod_ratio	224	274	A	GGACT	ok	True
chr5	9074883	9074884	+	0.967626	mod_ratio	278	303	A	AAACG	ok	False
chr5	9074903	9074904	+	0.219409	mod_ratio	237	306	A	AAACC	ok	True
chr5	9075320	9075321	+	0.124579	mod_ratio	297	333	A	GGACT	ok	True
chr5	9075361	9075362	+	0.149837	mod_ratio	307	336	A	AGACC	ok	True
chr5	9075415	9075416	+	0.136986	mod_ratio	292	338	A	GAACC	ok	True
chr5	9075451	9075452	+	0.102041	mod_ratio	294	339	A	GAACG	ok	False
chr5	9075486	9075487	+	0.278523	mod_ratio	298	338	A	AAACC	ok	True
chr5	9075587	9075588	+	0.447653	mod_ratio	277	328	A	AAACT	ok	True
chr5	9075645	9075646	+	0.851852	mod_ratio	27	31	A	AAACC	ok	True
chr5	9079542	9079543	-	0.25	mod_ratio	776	939	T	AGTCT	ok	True
chr5	9079744	9079745	-	0.254252	mod_ratio	1176	1261	T	GGTTC	ok	True
chr5	9079768	9079769	-	0.551376	mod_ratio	1090	1230	T	CGTTT	ok	False
chr5	9079807	9079808	-	0.1587	mod_ratio	1046	1150	T	GGTCT	ok	True
chr5	9079870	9079871	-	0.805556	mod_ratio	36	1229	T	CGTTA	ok	False
chr5	9080252	9080253	-	0.206478	mod_ratio	494	838	T	GGTTT	ok	True
chr5	9080253	9080254	-	0.483333	mod_ratio	180	1060	T	GTTTT	ok	False
chr5	9080561	9080562	-	0.738414	mod_ratio	971	1061	T	CGTCC	ok	False
chr5	9080577	9080578	-	0.760703	mod_ratio	911	1060	T	CGTCT	ok	False
chr5	9080658	9080659	-	0.734136	mod_ratio	914	1016	T	TGTTT	ok	True
chr5	9080705	9080706	-	0.233713	mod_ratio	967	1007	T	TGTCT	ok	True
chr5	9080915	9080916	-	0.415225	mod_ratio	867	954	T	GGTCC	ok	True
chr5	9081059	9081060	-	0.420188	mod_ratio	852	931	T	CGTCC	ok	False
chr5	9081188	9081189	-	0.454545	mod_ratio	121	857	T	TGTTC	ok	True
chr5	9081236	9081237	-	0.77551	mod_ratio	49	804	T	GGTGA	ok	False
chr5	9081301	9081302	-	0.532407	mod_ratio	216	848	T	CGTCT	ok	False
chr5	9081394	9081395	-	0.942731	mod_ratio	454	521	T	CGTTT	ok	False
chr5	9081395	9081396	-	0.11	mod_ratio	300	836	T	GTTTT	ok	False
chr5	9081399	9081400	-	0.243839	mod_ratio	771	828	T	TGTTC	ok	True
chr5	9081430	9081431	-	0.315	mod_ratio	800	829	T	TGTTT	ok	True
chr5	9081441	9081442	-	0.796632	mod_ratio	772	826	T	GGTCC	ok	True
chr5	9081709	9081710	-	0.496382	mod_ratio	691	804	T	CGTCC	ok	False
chr5	9081718	9081719	-	0.113445	mod_ratio	714	803	T	CGTCT	ok	False
chr5	9082239	9082240	-	0.647343	mod_ratio	621	680	T	AGTTT	ok	True
chr5	9082244	9082245	-	0.581955	mod_ratio	665	729	T	AGTTT	ok	True
chr5	9082349	9082350	-	0.315068	mod_ratio	146	680	T	GGTTT	ok	True
chr5	9200574	9200575	+	0.74	mod_ratio	50	57	A	AAACA	ok	True
chr5	9201111	9201112	+	0.338462	mod_ratio	65	70	A	AAACT	ok	True
chr5	9201149	9201150	+	0.552239	mod_ratio	67	71	A	AAACT	ok	True
chr5	9201332	9201333	+	0.627119	mod_ratio	59	71	A	GAACA	ok	True
chr5	9201516	9201517	+	0.636364	mod_ratio	66	76	A	AGACA	ok	True
chr5	9209301	9209302	+	0.271318	mod_ratio	129	144	A	AAACG	ok	False
chr5	9209352	9209353	+	0.258993	mod_ratio	139	149	A	AAACT	ok	True
chr5	9209392	9209393	+	0.489796	mod_ratio	147	156	A	AAACT	ok	True
chr5	9209640	9209641	+	0.643836	mod_ratio	146	163	A	GGACA	ok	True
chr5	9209733	9209734	+	0.59854	mod_ratio	137	164	A	AAACC	ok	True
chr5	9209771	9209772	+	0.20625	mod_ratio	160	168	A	AAACC	ok	True
chr5	9209780	9209781	+	0.469388	mod_ratio	147	163	A	AAACA	ok	True
chr5	9210065	9210066	+	0.183206	mod_ratio	131	152	A	AAACA	ok	True
chr5	9210120	9210121	+	0.357616	mod_ratio	151	180	A	AGACA	ok	True
chr5	9210311	9210312	+	0.489933	mod_ratio	149	183	A	AAACG	ok	False
chr5	9210482	9210483	+	0.518519	mod_ratio	54	174	A	AAACG	ok	False
chr5	9210553	9210554	+	0.362319	mod_ratio	69	72	A	AAACT	ok	True
chr5	9255601	9255602	-	0.759259	mod_ratio	54	59	T	TGTCT	ok	True
chr5	9256299	9256300	-	0.75	mod_ratio	32	37	T	TGTTT	ok	True
chr5	9257086	9257087	-	0.827586	mod_ratio	29	34	T	TGTCC	ok	True
chr5	9258049	9258050	-	0.870968	mod_ratio	31	32	T	TGTCC	ok	True
chr5	9276696	9276697	+	0.376344	mod_ratio	93	106	A	AAACC	ok	True
chr5	9276876	9276877	+	0.340206	mod_ratio	97	107	A	GAACA	ok	True
chr5	9277070	9277071	+	0.37963	mod_ratio	108	114	A	GAACT	ok	True
chr5	9277319	9277320	+	0.277228	mod_ratio	101	118	A	GAACC	ok	True
chr5	9277384	9277385	+	0.281818	mod_ratio	110	117	A	AAACC	ok	True
chr5	9278498	9278499	+	0.52	mod_ratio	50	70	A	GGACT	ok	True
chr5	9285118	9285119	-	0.877358	mod_ratio	106	174	T	TGTCC	ok	True
chr5	9285301	9285302	-	0.170213	mod_ratio	188	212	T	TGTTT	ok	True
chr5	9285395	9285396	-	0.656805	mod_ratio	169	209	T	TGTCC	ok	True
chr5	9285435	9285436	-	0.57754	mod_ratio	187	210	T	CGTCT	ok	False
chr5	9285578	9285579	-	0.194444	mod_ratio	180	192	T	TGTCC	ok	True
chr5	9286933	9286934	-	0.340909	mod_ratio	88	95	T	AGTTT	ok	True
chr5	9287058	9287059	-	0.825	mod_ratio	80	90	T	CGTTC	ok	False
chr5	9287193	9287194	-	0.975	mod_ratio	80	83	T	TGTTT	ok	True
chr5	9287398	9287399	-	0.818182	mod_ratio	55	61	T	CGTTT	ok	False
chr5	9287431	9287432	-	0.338028	mod_ratio	71	79	T	AGTTT	ok	True
chr5	9288115	9288116	-	0.846154	mod_ratio	65	69	T	CGTTT	ok	False
chr5	9307518	9307519	+	0.814815	mod_ratio	27	32	A	GGACA	ok	True
chr5	9421907	9421908	+	0.666667	mod_ratio	36	42	A	AAACT	ok	True
chr5	9425658	9425659	+	0.630435	mod_ratio	46	60	A	AAACC	ok	True
chr5	9426594	9426595	+	0.649123	mod_ratio	57	64	A	AAACA	ok	True
chr5	9440926	9440927	+	0.814815	mod_ratio	27	33	A	GAACG	ok	False
chr5	9458036	9458037	-	0.576271	mod_ratio	59	62	T	TGTCT	ok	True
chr5	9555535	9555536	+	0.621622	mod_ratio	37	41	A	AGACG	ok	False
chr5	9555643	9555644	+	0.810811	mod_ratio	37	41	A	AAACC	ok	True
chr5	9557051	9557052	+	0.509091	mod_ratio	55	65	A	GGACC	ok	True
chr5	9557240	9557241	+	0.539683	mod_ratio	63	72	A	AAACC	ok	True
chr5	9649015	9649016	+	0.527778	mod_ratio	72	80	A	AAACG	ok	False
chr5	9649267	9649268	+	0.714286	mod_ratio	70	83	A	AGACA	ok	True
chr5	9651084	9651085	+	0.341176	mod_ratio	85	89	A	AAACC	ok	True
chr5	9651267	9651268	+	0.38806	mod_ratio	67	91	A	AAACG	ok	False
chr5	9652523	9652524	+	0.494845	mod_ratio	97	101	A	GAACG	ok	False
chr5	9653239	9653240	+	0.295238	mod_ratio	105	115	A	GAACT	ok	True
chr5	9654104	9654105	+	0.225806	mod_ratio	124	138	A	AAACG	ok	False
chr5	9654170	9654171	+	0.492063	mod_ratio	126	143	A	AAACT	ok	True
chr5	9654395	9654396	+	0.709677	mod_ratio	31	45	A	GGACA	ok	True
chr5	9668032	9668033	-	0.758621	mod_ratio	29	38	T	GGTCT	ok	True
chr5	9668826	9668827	-	0.519231	mod_ratio	52	53	T	TGTCC	ok	True
chr5	9669287	9669288	-	0.511628	mod_ratio	43	48	T	GGTTT	ok	True
chr5	9674521	9674522	-	0.65	mod_ratio	40	51	T	TGTCT	ok	True
chr5	9689119	9689120	+	0.815789	mod_ratio	38	43	A	AGACA	ok	True
chr5	9689276	9689277	+	0.621622	mod_ratio	37	40	A	AGACT	ok	True
chr5	9689310	9689311	+	0.777778	mod_ratio	36	41	A	AAACA	ok	True
chr5	9695715	9695716	+	0.592593	mod_ratio	54	61	A	GGACG	ok	False
chr5	9696594	9696595	+	0.507246	mod_ratio	69	70	A	GAACA	ok	True
chr5	9696897	9696898	+	0.342466	mod_ratio	73	82	A	AGACT	ok	True
chr5	9697246	9697247	+	0.681818	mod_ratio	44	62	A	GGACT	ok	True
chr5	9727310	9727311	+	0.857143	mod_ratio	28	32	A	AAACA	ok	True
chr5	9731930	9731931	+	0.555556	mod_ratio	45	55	A	GAACA	ok	True
chr5	9732439	9732440	+	0.627451	mod_ratio	51	59	A	AGACG	ok	False
chr5	9733182	9733183	+	0.354839	mod_ratio	62	66	A	AGACC	ok	True
chr5	9733349	9733350	+	0.407407	mod_ratio	54	68	A	AGACA	ok	True
chr5	9781163	9781164	-	0.851852	mod_ratio	27	37	T	TGTCT	ok	True
chr5	9781408	9781409	-	0.8	mod_ratio	30	37	T	TGTCT	ok	True
chr5	9792897	9792898	-	0.27957	mod_ratio	93	108	T	TGTTT	ok	True
chr5	9792990	9792991	-	0.46	mod_ratio	100	111	T	GGTTT	ok	True
chr5	9793367	9793368	-	0.309524	mod_ratio	84	96	T	TGTTC	ok	True
chr5	9807444	9807445	-	0.404762	mod_ratio	294	428	T	AGTTC	ok	True
chr5	9807544	9807545	-	0.158996	mod_ratio	239	288	T	AGTTT	ok	True
chr5	9807545	9807546	-	0.349693	mod_ratio	163	471	T	GTTTT	ok	False
chr5	9807549	9807550	-	0.603819	mod_ratio	419	462	T	TGTTT	ok	True
chr5	9807799	9807800	-	0.493766	mod_ratio	401	462	T	TGTCC	ok	True
chr5	9808040	9808041	-	0.948571	mod_ratio	175	218	T	CGTTT	ok	False
chr5	9830857	9830858	+	0.638889	mod_ratio	36	103	A	AAACC	ok	True
chr5	9831752	9831753	+	0.681319	mod_ratio	91	106	A	AAACT	ok	True
chr5	9836236	9836237	+	0.209115	mod_ratio	373	441	A	AAACC	ok	True
chr5	9837048	9837049	+	0.105128	mod_ratio	390	459	A	GGACC	ok	True
chr5	9837114	9837115	+	0.545024	mod_ratio	422	465	A	AAACC	ok	True
chr5	9837192	9837193	+	0.589474	mod_ratio	95	433	A	AGATA	ok	False
chr5	9837278	9837279	+	0.941176	mod_ratio	85	287	A	AAACA	ok	True
chr5	9837299	9837300	+	0.7	mod_ratio	110	168	A	GGACT	ok	True
chr5	9873897	9873898	+	0.44089	mod_ratio	719	783	A	GAACT	ok	True
chr5	9874043	9874044	+	0.707281	mod_ratio	673	814	A	GGACA	ok	True
chr5	9874188	9874189	+	0.765432	mod_ratio	729	829	A	GGACC	ok	True
chr5	9874381	9874382	+	0.149315	mod_ratio	730	823	A	AGACT	ok	True
chr5	9874415	9874416	+	0.790323	mod_ratio	558	766	A	AGACA	ok	True
chr5	9874423	9874424	+	0.458333	mod_ratio	192	721	A	GGATA	ok	False
chr5	10018101	10018102	+	0.781818	mod_ratio	55	59	A	AAACG	ok	False
chr5	10018142	10018143	+	0.529412	mod_ratio	51	59	A	AAACC	ok	True
chr5	10018223	10018224	+	0.479167	mod_ratio	48	58	A	GGACG	ok	False
chr5	10018378	10018379	+	0.935484	mod_ratio	31	45	A	AAACT	ok	True
chr5	10026386	10026387	-	0.860465	mod_ratio	43	72	T	CGTCC	ok	False
chr5	10026442	10026443	-	0.515152	mod_ratio	66	70	T	AGTTT	ok	True
chr5	10026789	10026790	-	0.806452	mod_ratio	62	68	T	TGTTT	ok	True
chr5	10027195	10027196	-	0.551724	mod_ratio	58	65	T	GGTTC	ok	True
chr5	10027339	10027340	-	0.403509	mod_ratio	57	64	T	AGTTC	ok	True
chr5	10044004	10044005	-	0.318519	mod_ratio	135	156	T	AGTTC	ok	True
chr5	10044082	10044083	-	0.301887	mod_ratio	106	141	T	TGTTT	ok	True
chr5	10069592	10069593	-	0.523438	mod_ratio	384	464	T	AGTTT	ok	True
chr5	10069631	10069632	-	0.386525	mod_ratio	564	618	T	TGTTT	ok	True
chr5	10069647	10069648	-	0.218579	mod_ratio	183	695	T	GATCC	ok	False
chr5	10069711	10069712	-	0.743103	mod_ratio	580	665	T	TGTCT	ok	True
chr5	10069788	10069789	-	0.589347	mod_ratio	582	702	T	CGTCT	ok	False
chr5	10070250	10070251	-	0.115824	mod_ratio	613	653	T	AGTTC	ok	True
chr5	10070282	10070283	-	0.697068	mod_ratio	614	667	T	GGTCC	ok	True
chr5	10070757	10070758	-	0.305506	mod_ratio	563	622	T	AGTTT	ok	True
chr5	10070764	10070765	-	0.143939	mod_ratio	396	643	T	GGTCC	ok	True
chr5	10070832	10070833	-	0.530435	mod_ratio	345	571	T	GGTTT	ok	True
chr5	10477942	10477943	+	0.76	mod_ratio	50	56	A	AAACC	ok	True
chr5	10478162	10478163	+	0.423077	mod_ratio	52	58	A	GAACA	ok	True
chr5	10478222	10478223	+	0.627451	mod_ratio	51	61	A	AAACC	ok	True
chr5	10478499	10478500	+	0.714286	mod_ratio	42	48	A	GAACT	ok	True
chr5	10478526	10478527	+	0.695652	mod_ratio	46	52	A	AAACC	ok	True
chr5	10478884	10478885	+	0.592593	mod_ratio	54	68	A	GAACG	ok	False
chr5	10540608	10540609	-	0.871795	mod_ratio	39	45	T	CGTTT	ok	False
chr5	10540626	10540627	-	0.479167	mod_ratio	48	52	T	CGTCT	ok	False
chr5	10784131	10784132	-	0.230769	mod_ratio	208	246	T	AGTCT	ok	True
chr5	10784176	10784177	-	0.514563	mod_ratio	103	135	T	AGTTT	ok	True
chr5	10784178	10784179	-	0.57265	mod_ratio	117	275	T	TTTTT	ok	False
chr5	10784245	10784246	-	0.699248	mod_ratio	266	304	T	TGTCT	ok	True
chr5	10785388	10785389	-	0.173267	mod_ratio	202	250	T	GGTTT	ok	True
chr5	10785419	10785420	-	0.46281	mod_ratio	242	294	T	AGTTT	ok	True
chr5	10785428	10785429	-	0.672199	mod_ratio	241	295	T	GGTCC	ok	True
chr5	10785521	10785522	-	0.21519	mod_ratio	237	285	T	GGTTC	ok	True
chr5	10785539	10785540	-	0.747706	mod_ratio	218	283	T	CGTCC	ok	False
chr5	10785564	10785565	-	0.266667	mod_ratio	240	276	T	TGTTT	ok	True
chr5	10796594	10796595	-	0.769231	mod_ratio	52	64	T	TGTCT	ok	True
chr5	10796606	10796607	-	0.696429	mod_ratio	56	63	T	TGTCT	ok	True
chr5	10797001	10797002	-	0.421053	mod_ratio	57	60	T	TGTCT	ok	True
chr5	10797052	10797053	-	0.583333	mod_ratio	60	62	T	TGTTT	ok	True
chr5	10797243	10797244	-	0.963636	mod_ratio	55	58	T	CGTCT	ok	False
chr5	10797346	10797347	-	0.829787	mod_ratio	47	55	T	CGTTT	ok	False
chr5	10797372	10797373	-	0.470588	mod_ratio	51	52	T	AGTTT	ok	True
chr5	10862206	10862207	-	0.681818	mod_ratio	66	106	T	GGTCC	ok	True
chr5	10862360	10862361	-	0.160494	mod_ratio	162	403	T	AATCC	ok	False
chr5	10862524	10862525	-	0.240602	mod_ratio	399	427	T	AGTTC	ok	True
chr5	10862591	10862592	-	0.365123	mod_ratio	367	414	T	TGTTC	ok	True
chr5	10862771	10862772	-	0.820051	mod_ratio	389	412	T	TGTCT	ok	True
chr5	10863051	10863052	-	0.274011	mod_ratio	354	379	T	GGTCT	ok	True
chr5	10863233	10863234	-	0.383648	mod_ratio	318	353	T	TGTTC	ok	True
chr5	10863475	10863476	-	0.255319	mod_ratio	94	326	T	AGTCT	ok	True
chr5	10864005	10864006	-	0.809917	mod_ratio	242	271	T	TGTTC	ok	True
chr5	11619091	11619092	-	0.923077	mod_ratio	26	58	T	TGTTT	ok	True
chr5	11619119	11619120	-	0.376404	mod_ratio	178	286	T	GGTTT	ok	True
chr5	11619179	11619180	-	0.377358	mod_ratio	371	410	T	TGTCT	ok	True
chr5	11619224	11619225	-	0.389381	mod_ratio	113	196	T	TGTTT	ok	True
chr5	11619225	11619226	-	0.449612	mod_ratio	129	320	T	GTTTT	ok	False
chr5	11619226	11619227	-	0.17931	mod_ratio	145	435	T	TTTTT	ok	False
chr5	11619336	11619337	-	0.674359	mod_ratio	390	498	T	GGTCC	ok	True
chr5	11619644	11619645	-	0.490909	mod_ratio	55	491	T	TGTCT	ok	True
chr5	11619682	11619683	-	0.403628	mod_ratio	441	490	T	TGTCT	ok	True
chr5	11619690	11619691	-	0.475375	mod_ratio	467	491	T	TGTCT	ok	True
chr5	11619803	11619804	-	0.160714	mod_ratio	280	331	T	AGTTT	ok	True
chr5	11619804	11619805	-	0.294964	mod_ratio	139	477	T	GTTTT	ok	False
chr5	11620078	11620079	-	0.580645	mod_ratio	403	450	T	GGTTT	ok	True
chr5	11620552	11620553	-	0.285714	mod_ratio	84	415	T	CGTTC	ok	False
chr5	11620564	11620565	-	0.207349	mod_ratio	381	410	T	AGTTC	ok	True
chr5	11620699	11620700	-	0.30854	mod_ratio	363	396	T	TGTTC	ok	True
chr5	11620761	11620762	-	0.150418	mod_ratio	359	392	T	AGTCT	ok	True
chr5	11620953	11620954	-	0.175	mod_ratio	360	387	T	TGTTC	ok	True
chr5	11621019	11621020	-	0.116022	mod_ratio	362	381	T	CGTTC	ok	False
chr5	11621125	11621126	-	0.103976	mod_ratio	327	370	T	TGTTC	ok	True
chr5	11621230	11621231	-	0.181818	mod_ratio	187	347	T	AGTCT	ok	True
chr5	12078092	12078093	+	0.810811	mod_ratio	37	47	A	AAACG	ok	False
chr5	12078341	12078342	+	0.536585	mod_ratio	41	48	A	AAACA	ok	True
chr5	12078355	12078356	+	0.866667	mod_ratio	30	48	A	AAACA	ok	True
chr5	12079985	12079986	+	0.883721	mod_ratio	43	52	A	GGACA	ok	True
chr5	12080291	12080292	+	0.772727	mod_ratio	44	51	A	AGACA	ok	True
chr5	12080509	12080510	+	0.796296	mod_ratio	54	58	A	AAACG	ok	False
chr5	12080595	12080596	+	0.604651	mod_ratio	43	63	A	GGACA	ok	True
chr5	12080813	12080814	+	0.852459	mod_ratio	61	66	A	AAACG	ok	False
chr5	12589061	12589062	+	0.613636	mod_ratio	44	48	A	AAACG	ok	False
chr5	12590400	12590401	+	0.55814	mod_ratio	43	55	A	AAACC	ok	True
chr5	12590610	12590611	+	0.454545	mod_ratio	55	61	A	AAACT	ok	True
chr5	12591176	12591177	+	0.75	mod_ratio	56	73	A	AAACG	ok	False
chr5	12591605	12591606	+	0.8	mod_ratio	55	69	A	AGACA	ok	True
chr5	12591616	12591617	+	0.596491	mod_ratio	57	71	A	AAACT	ok	True
chr5	13108263	13108264	-	0.52381	mod_ratio	84	102	T	CGTTC	ok	False
chr5	13108413	13108414	-	0.453704	mod_ratio	108	128	T	AGTTC	ok	True
chr5	13108684	13108685	-	0.52439	mod_ratio	82	115	T	GGTTC	ok	True
chr5	13108706	13108707	-	0.378378	mod_ratio	111	120	T	TGTTC	ok	True
chr5	13108776	13108777	-	0.309091	mod_ratio	110	116	T	GGTTC	ok	True
chr5	13110485	13110486	-	0.333333	mod_ratio	78	83	T	TGTTC	ok	True
chr5	13110511	13110512	-	0.546667	mod_ratio	75	82	T	TGTCT	ok	True
chr5	13360558	13360559	-	0.714286	mod_ratio	42	52	T	CGTTT	ok	False
chr5	13360605	13360606	-	0.714286	mod_ratio	42	57	T	TGTTT	ok	True
chr5	13361089	13361090	-	0.944444	mod_ratio	36	40	T	CGTTT	ok	False
chr5	13420180	13420181	+	0.939394	mod_ratio	33	37	A	GGACA	ok	True
chr5	13420415	13420416	+	0.875	mod_ratio	32	37	A	GGACA	ok	True
chr5	13420431	13420432	+	0.794118	mod_ratio	34	38	A	AAACC	ok	True
chr5	13423486	13423487	+	0.403509	mod_ratio	57	62	A	GAACT	ok	True
chr5	13423508	13423509	+	0.45283	mod_ratio	53	62	A	GAACA	ok	True
chr5	13423541	13423542	+	0.904762	mod_ratio	42	55	A	AAACA	ok	True
chr5	13423634	13423635	+	0.6	mod_ratio	45	58	A	AAACT	ok	True
chr5	13432788	13432789	+	0.884615	mod_ratio	26	30	A	AGACC	ok	True
chr5	13484738	13484739	-	0.75	mod_ratio	40	48	T	CGTTT	ok	False
chr5	13584303	13584304	+	0.688889	mod_ratio	90	100	A	GGACG	ok	False
chr5	13584533	13584534	+	0.873563	mod_ratio	87	105	A	AGACA	ok	True
chr5	13584546	13584547	+	0.472527	mod_ratio	91	102	A	AAACT	ok	True
chr5	13584569	13584570	+	0.273684	mod_ratio	95	109	A	AAACT	ok	True
chr5	13585000	13585001	+	0.862385	mod_ratio	109	116	A	GGACC	ok	True
chr5	13585660	13585661	+	0.368421	mod_ratio	95	128	A	AAACT	ok	True
chr5	13586107	13586108	+	0.632479	mod_ratio	117	128	A	AGACA	ok	True
chr5	13586983	13586984	+	0.282443	mod_ratio	131	141	A	AAACA	ok	True
chr5	13587136	13587137	+	0.318841	mod_ratio	138	152	A	AGACC	ok	True
chr5	13587283	13587284	+	0.415254	mod_ratio	118	157	A	GGACA	ok	True
chr5	13587595	13587596	+	0.671533	mod_ratio	137	161	A	GAACG	ok	False
chr5	13587815	13587816	+	0.523438	mod_ratio	128	158	A	AAACT	ok	True
chr5	13588254	13588255	+	0.870748	mod_ratio	147	167	A	AAACG	ok	False
chr5	13588341	13588342	+	0.294964	mod_ratio	139	169	A	AAACT	ok	True
chr5	13588358	13588359	+	0.279279	mod_ratio	111	151	A	AGACT	ok	True
chr5	13588408	13588409	+	0.309091	mod_ratio	110	160	A	AAACA	ok	True
chr5	13672790	13672791	+	0.468085	mod_ratio	47	50	A	AGACG	ok	False
chr5	13674027	13674028	+	0.410714	mod_ratio	56	62	A	AGACT	ok	True
chr5	13674391	13674392	+	0.596491	mod_ratio	57	65	A	GAACG	ok	False
chr5	13674540	13674541	+	0.462963	mod_ratio	54	65	A	AAACA	ok	True
chr5	13710243	13710244	-	0.349206	mod_ratio	63	215	T	AATTC	ok	False
chr5	13710299	13710300	-	0.930233	mod_ratio	43	174	T	TGTCC	ok	True
chr5	13710327	13710328	-	0.460606	mod_ratio	165	198	T	GGTTT	ok	True
chr5	13710504	13710505	-	0.122449	mod_ratio	196	232	T	GGTCC	ok	True
chr5	13710523	13710524	-	0.8	mod_ratio	200	230	T	GGTCC	ok	True
chr5	13710658	13710659	-	0.445055	mod_ratio	182	225	T	TGTCT	ok	True
chr5	13711770	13711771	-	0.47191	mod_ratio	178	203	T	TGTCC	ok	True
chr5	13711934	13711935	-	0.448276	mod_ratio	87	96	T	CGTTT	ok	False
chr5	13711935	13711936	-	0.402299	mod_ratio	87	194	T	GTTTT	ok	False
chr5	13712044	13712045	-	0.213333	mod_ratio	150	182	T	AGTTC	ok	True
chr5	13765368	13765369	-	0.691489	mod_ratio	94	120	T	TGTCT	ok	True
chr5	13765402	13765403	-	0.37931	mod_ratio	116	127	T	TGTTT	ok	True
chr5	13765420	13765421	-	0.584	mod_ratio	125	135	T	AGTCT	ok	True
chr5	13765843	13765844	-	0.526786	mod_ratio	112	129	T	GGTTT	ok	True
chr5	13766692	13766693	-	0.327731	mod_ratio	119	125	T	TGTCC	ok	True
chr5	13766914	13766915	-	0.388889	mod_ratio	108	117	T	GGTCT	ok	True
chr5	13824853	13824854	-	0.415385	mod_ratio	65	92	T	TGTCC	ok	True
chr5	13824863	13824864	-	0.627119	mod_ratio	59	78	T	TGTCT	ok	True
chr5	13825598	13825599	-	0.521368	mod_ratio	117	129	T	CGTCC	ok	False
chr5	13825807	13825808	-	0.52381	mod_ratio	84	125	T	AGTTT	ok	True
chr5	13825824	13825825	-	0.801802	mod_ratio	111	128	T	TGTCT	ok	True
chr5	13825969	13825970	-	0.657895	mod_ratio	114	120	T	AGTCT	ok	True
chr5	13826262	13826263	-	0.252427	mod_ratio	103	113	T	TGTTT	ok	True
chr5	13830689	13830690	+	0.506494	mod_ratio	693	952	A	AAACA	ok	True
chr5	13830696	13830697	+	0.597923	mod_ratio	674	897	A	AAACT	ok	True
chr5	13831323	13831324	+	0.715342	mod_ratio	1082	1214	A	AAACA	ok	True
chr5	13831424	13831425	+	0.353526	mod_ratio	1106	1231	A	AGACA	ok	True
chr5	13831431	13831432	+	0.316254	mod_ratio	1132	1243	A	AAACC	ok	True
chr5	13831588	13831589	+	0.225806	mod_ratio	1147	1223	A	AGACT	ok	True
chr5	13831634	13831635	+	0.4875	mod_ratio	1200	1307	A	GAACT	ok	True
chr5	13831918	13831919	+	0.793774	mod_ratio	1028	1312	A	GGACA	ok	True
chr5	13831946	13831947	+	0.25	mod_ratio	1308	1370	A	AAACA	ok	True
chr5	13831950	13831951	+	0.565256	mod_ratio	1134	1336	A	AAACG	ok	False
chr5	13832104	13832105	+	0.139605	mod_ratio	1318	1413	A	GAACA	ok	True
chr5	13832130	13832131	+	0.816464	mod_ratio	741	1418	A	AAACG	ok	False
chr5	13832387	13832388	+	0.609017	mod_ratio	1353	1562	A	GGACA	ok	True
chr5	13832631	13832632	+	0.124915	mod_ratio	1465	1665	A	GAACA	ok	True
chr5	13832664	13832665	+	0.421657	mod_ratio	1219	1659	A	AAACC	ok	True
chr5	13832684	13832685	+	0.623119	mod_ratio	1661	1726	A	GAACG	ok	False
chr5	13832708	13832709	+	0.607143	mod_ratio	56	1592	A	TTACA	ok	False
chr5	13832768	13832769	+	0.146135	mod_ratio	1656	1789	A	GAACC	ok	True
chr5	13832816	13832817	+	0.325843	mod_ratio	89	1831	A	AAACG	ok	False
chr5	13832845	13832846	+	0.883005	mod_ratio	1624	1850	A	AGACA	ok	True
chr5	13832858	13832859	+	0.52	mod_ratio	50	1841	A	TGACC	ok	True
chr5	13832993	13832994	+	0.750706	mod_ratio	1416	1890	A	GGACG	ok	False
chr5	13833135	13833136	+	0.630713	mod_ratio	1641	1931	A	GGACC	ok	True
chr5	13833250	13833251	+	0.403565	mod_ratio	1571	1917	A	AAACT	ok	True
chr5	13833304	13833305	+	0.634345	mod_ratio	1351	1855	A	AAACA	ok	True
chr5	13833312	13833313	+	0.180556	mod_ratio	360	1913	A	GGATT	ok	False
chr5	13833318	13833319	+	0.606041	mod_ratio	1523	1743	A	AGACA	ok	True
chr5	13833353	13833354	+	0.253566	mod_ratio	1262	1590	A	AAACT	ok	True
chr5	13833369	13833370	+	0.372423	mod_ratio	776	1221	A	GGACA	ok	True
chr5	13858591	13858592	-	0.544	mod_ratio	125	150	T	CGTCT	ok	False
chr5	13858971	13858972	-	0.6	mod_ratio	95	121	T	GGTTT	ok	True
chr5	13957327	13957328	-	0.769231	mod_ratio	78	95	T	TGTCT	ok	True
chr5	13957374	13957375	-	0.475	mod_ratio	80	93	T	TGTCT	ok	True
chr5	13957447	13957448	-	0.541667	mod_ratio	72	91	T	CGTCC	ok	False
chr5	13957605	13957606	-	0.47561	mod_ratio	82	87	T	GGTTT	ok	True
chr5	13957936	13957937	-	0.349206	mod_ratio	63	65	T	TGTTC	ok	True
chr5	13958184	13958185	-	0.946429	mod_ratio	56	60	T	TGTTT	ok	True
chr5	13958314	13958315	-	0.634615	mod_ratio	52	55	T	TGTTT	ok	True
chr5	13958344	13958345	-	0.627119	mod_ratio	59	61	T	TGTTT	ok	True
chr5	13958464	13958465	-	0.537037	mod_ratio	54	59	T	TGTTT	ok	True
chr5	13958701	13958702	-	0.470588	mod_ratio	51	56	T	AGTTT	ok	True
chr5	14118949	14118950	-	0.206612	mod_ratio	121	126	T	TGTTC	ok	True
chr5	14118981	14118982	-	0.208696	mod_ratio	115	128	T	TGTTT	ok	True
chr5	14119030	14119031	-	0.289062	mod_ratio	128	145	T	GGTTC	ok	True
chr5	14119057	14119058	-	0.465517	mod_ratio	116	127	T	GGTTT	ok	True
chr5	14119084	14119085	-	0.784173	mod_ratio	139	146	T	GGTCC	ok	True
chr5	14119095	14119096	-	0.198582	mod_ratio	141	145	T	AGTCC	ok	True
chr5	14119164	14119165	-	0.18254	mod_ratio	126	146	T	AGTCT	ok	True
chr5	14119291	14119292	-	0.582609	mod_ratio	115	136	T	TGTTT	ok	True
chr5	14120751	14120752	-	0.282051	mod_ratio	78	112	T	TGTTT	ok	True
chr5	14120872	14120873	-	0.846939	mod_ratio	98	107	T	TGTTT	ok	True
chr5	14121062	14121063	-	0.444444	mod_ratio	81	86	T	TGTTT	ok	True
chr5	14121202	14121203	-	0.511364	mod_ratio	88	94	T	GGTCC	ok	True
chr5	14122162	14122163	-	0.458333	mod_ratio	72	83	T	CGTTC	ok	False
chr5	14122713	14122714	-	0.384615	mod_ratio	65	68	T	CGTTC	ok	False
chr5	14233154	14233155	-	0.722222	mod_ratio	54	69	T	TGTTT	ok	True
chr5	14233258	14233259	-	0.861111	mod_ratio	72	79	T	CGTCT	ok	False
chr5	14233543	14233544	-	0.546875	mod_ratio	64	72	T	AGTTT	ok	True
chr5	14234148	14234149	-	0.415094	mod_ratio	53	60	T	GGTTT	ok	True
chr5	14235003	14235004	-	0.658537	mod_ratio	41	45	T	GGTCT	ok	True
chr5	14236149	14236150	-	0.909091	mod_ratio	33	57	T	GGTCC	ok	True
chr5	14236331	14236332	-	0.921569	mod_ratio	51	56	T	AGTTT	ok	True
chr5	14236360	14236361	-	0.596154	mod_ratio	52	56	T	CGTCT	ok	False
chr5	14236914	14236915	-	0.644444	mod_ratio	45	46	T	CGTCT	ok	False
chr5	14237237	14237238	-	0.888889	mod_ratio	36	38	T	AGTTT	ok	True
chr5	14237248	14237249	-	0.88	mod_ratio	25	39	T	CGTTT	ok	False
chr5	14274082	14274083	+	0.510638	mod_ratio	47	51	A	AGACC	ok	True
chr5	14274264	14274265	+	0.603774	mod_ratio	53	55	A	GAACT	ok	True
chr5	14274911	14274912	+	0.596154	mod_ratio	52	57	A	GAACA	ok	True
chr5	14276072	14276073	+	0.724138	mod_ratio	58	69	A	AAACC	ok	True
chr5	14276793	14276794	+	0.448276	mod_ratio	58	74	A	AAACA	ok	True
chr5	14304833	14304834	+	0.871795	mod_ratio	39	42	A	GGACA	ok	True
chr5	14421895	14421896	-	0.23494	mod_ratio	166	173	T	AGTTC	ok	True
chr5	14422192	14422193	-	0.423077	mod_ratio	156	173	T	TGTCC	ok	True
chr5	14422365	14422366	-	0.207317	mod_ratio	164	173	T	AGTCC	ok	True
chr5	14422704	14422705	-	0.247525	mod_ratio	101	161	T	GGTTT	ok	True
chr5	14422750	14422751	-	0.368421	mod_ratio	152	162	T	TGTTC	ok	True
chr5	14423551	14423552	-	0.170543	mod_ratio	129	135	T	AGTCT	ok	True
chr5	14423595	14423596	-	0.198347	mod_ratio	121	127	T	TGTTT	ok	True
chr5	14423767	14423768	-	0.551724	mod_ratio	116	130	T	AGTTT	ok	True
chr5	14424189	14424190	-	0.397959	mod_ratio	98	122	T	AGTTT	ok	True
chr5	14424368	14424369	-	0.4	mod_ratio	105	112	T	AGTTT	ok	True
chr5	14481492	14481493	-	0.416058	mod_ratio	137	149	T	TGTCC	ok	True
chr5	14481665	14481666	-	0.178295	mod_ratio	129	144	T	AGTCC	ok	True
chr5	14482004	14482005	-	0.298851	mod_ratio	87	133	T	GGTTT	ok	True
chr5	14482050	14482051	-	0.348837	mod_ratio	129	135	T	TGTTC	ok	True
chr5	14482895	14482896	-	0.234694	mod_ratio	98	114	T	TGTTT	ok	True
chr5	14483067	14483068	-	0.552381	mod_ratio	105	117	T	AGTTT	ok	True
chr5	14483489	14483490	-	0.431579	mod_ratio	95	113	T	AGTTT	ok	True
chr5	14483668	14483669	-	0.366667	mod_ratio	90	94	T	AGTTT	ok	True
chr5	14561948	14561949	-	0.258278	mod_ratio	151	170	T	AGTCT	ok	True
chr5	14562036	14562037	-	0.271186	mod_ratio	118	146	T	AGTTT	ok	True
chr5	14562051	14562052	-	0.264901	mod_ratio	151	164	T	TGTTT	ok	True
chr5	14562118	14562119	-	0.205128	mod_ratio	156	169	T	TGTTC	ok	True
chr5	14562269	14562270	-	0.288136	mod_ratio	118	132	T	AGTTT	ok	True
chr5	14562489	14562490	-	0.210084	mod_ratio	119	154	T	CGTCT	ok	False
chr5	14562660	14562661	-	0.325	mod_ratio	80	104	T	AGTTT	ok	True
chr5	14805333	14805334	-	0.558824	mod_ratio	68	82	T	AGTTT	ok	True
chr5	14806329	14806330	-	0.756757	mod_ratio	74	80	T	TGTCC	ok	True
chr5	14806514	14806515	-	0.5625	mod_ratio	64	72	T	AGTTT	ok	True
chr5	14808002	14808003	-	0.610169	mod_ratio	59	67	T	GGTTT	ok	True
chr5	14866129	14866130	-	0.736842	mod_ratio	38	47	T	CGTTC	ok	False
chr5	14867261	14867262	-	0.666667	mod_ratio	42	46	T	GGTTT	ok	True
chr5	14868634	14868635	-	0.833333	mod_ratio	36	37	T	GGTTT	ok	True
chr5	14898437	14898438	+	0.531915	mod_ratio	47	48	A	GAACT	ok	True
chr5	14898985	14898986	+	0.839286	mod_ratio	56	62	A	AGACA	ok	True
chr5	14899494	14899495	+	0.94	mod_ratio	50	67	A	AGACA	ok	True
chr5	14899645	14899646	+	0.638298	mod_ratio	47	63	A	AAACC	ok	True
chr5	14899750	14899751	+	0.378788	mod_ratio	66	75	A	AGACT	ok	True
chr5	14899756	14899757	+	0.535211	mod_ratio	71	74	A	GAACG	ok	False
chr5	14900262	14900263	+	0.244444	mod_ratio	90	99	A	AAACC	ok	True
chr5	14900434	14900435	+	0.55102	mod_ratio	49	66	A	AGACC	ok	True
chr5	14900528	14900529	+	0.54717	mod_ratio	53	76	A	AAACT	ok	True
chr5	14933391	14933392	-	0.844828	mod_ratio	58	75	T	TGTTT	ok	True
chr5	14933634	14933635	-	0.27381	mod_ratio	84	92	T	TGTTC	ok	True
chr5	14933690	14933691	-	0.519481	mod_ratio	77	90	T	CGTCC	ok	False
chr5	14933849	14933850	-	0.525	mod_ratio	80	88	T	AGTCT	ok	True
chr5	14933913	14933914	-	0.736842	mod_ratio	76	84	T	TGTCT	ok	True
chr5	14933919	14933920	-	0.338235	mod_ratio	68	84	T	AGTCC	ok	True
chr5	14934090	14934091	-	0.551282	mod_ratio	78	82	T	CGTTC	ok	False
chr5	14934110	14934111	-	0.409836	mod_ratio	61	75	T	GGTTT	ok	True
chr5	14934999	14935000	-	0.56	mod_ratio	50	59	T	AGTTC	ok	True
chr5	14993008	14993009	+	0.55814	mod_ratio	43	47	A	GAACG	ok	False
chr5	14993235	14993236	+	0.666667	mod_ratio	36	50	A	GGACC	ok	True
chr5	14993254	14993255	+	0.711111	mod_ratio	45	50	A	GGACC	ok	True
chr5	14993530	14993531	+	0.674419	mod_ratio	43	51	A	AAACT	ok	True
chr5	14998988	14998989	-	0.48	mod_ratio	50	67	T	GGTTT	ok	True
chr5	14999291	14999292	-	0.923077	mod_ratio	65	82	T	CGTTT	ok	False
chr5	14999345	14999346	-	0.470588	mod_ratio	68	80	T	CGTCC	ok	False
chr5	14999369	14999370	-	0.738462	mod_ratio	65	78	T	CGTCT	ok	False
chr5	14999513	14999514	-	0.532258	mod_ratio	62	76	T	CGTCC	ok	False
chr5	15004671	15004672	-	0.754386	mod_ratio	57	106	T	TGTTT	ok	True
chr5	15004706	15004707	-	0.607843	mod_ratio	51	120	T	TTTTT	ok	False
chr5	15005095	15005096	-	0.282353	mod_ratio	85	109	T	TGTCC	ok	True
chr5	15005115	15005116	-	0.657143	mod_ratio	35	107	T	TGTTC	ok	True
chr5	15006093	15006094	-	0.380435	mod_ratio	92	102	T	TGTTC	ok	True
chr5	15068674	15068675	+	0.461538	mod_ratio	52	54	A	AAACG	ok	False
chr5	15068758	15068759	+	0.56	mod_ratio	50	55	A	GAACT	ok	True
chr5	15377308	15377309	-	0.6125	mod_ratio	400	512	T	TGTCT	ok	True
chr5	15377406	15377407	-	0.142857	mod_ratio	406	15666	T	AATCC	ok	False
chr5	15377420	15377421	-	0.269113	mod_ratio	10817	15293	T	TGTCT	ok	True
chr5	15377486	15377487	-	0.633675	mod_ratio	11902	13092	T	TGTTT	ok	True
chr5	15377487	15377488	-	0.325224	mod_ratio	2343	15607	T	GTTTT	ok	False
chr5	15377653	15377654	-	0.369906	mod_ratio	638	15538	T	CATCC	ok	False
chr5	15377679	15377680	-	0.239166	mod_ratio	13430	15431	T	TGTCC	ok	True
chr5	15377701	15377702	-	0.142857	mod_ratio	252	15350	T	TATCC	ok	False
chr5	15377711	15377712	-	0.249725	mod_ratio	909	14811	T	TGTTT	ok	True
chr5	15377712	15377713	-	0.147458	mod_ratio	590	15388	T	GTTTC	ok	False
chr5	15377717	15377718	-	0.631579	mod_ratio	38	15081	T	CGTGC	ok	False
chr5	15377956	15377957	-	0.333333	mod_ratio	174	13714	T	GGTAG	ok	False
chr5	15377992	15377993	-	0.233645	mod_ratio	214	14606	T	GGTCA	ok	True
chr5	15378160	15378161	-	0.5	mod_ratio	48	14055	T	CGTTG	ok	False
chr5	15378191	15378192	-	0.118157	mod_ratio	12585	14193	T	GGTCT	ok	True
chr5	15378342	15378343	-	0.840278	mod_ratio	144	6662	T	CGTTT	ok	False
chr5	15380985	15380986	-	0.497354	mod_ratio	189	328	T	TGTTT	ok	True
chr5	15381103	15381104	-	0.154781	mod_ratio	5679	6488	T	AGTTC	ok	True
chr5	15381164	15381165	-	0.142492	mod_ratio	5081	6694	T	GGTTC	ok	True
chr5	15381355	15381356	-	0.360825	mod_ratio	194	6554	T	CATCC	ok	False
chr5	15381381	15381382	-	0.228237	mod_ratio	5560	6484	T	TGTCC	ok	True
chr5	15381391	15381392	-	0.124748	mod_ratio	5467	6494	T	CGTCC	ok	False
chr5	15381403	15381404	-	0.174603	mod_ratio	126	6456	T	TATCC	ok	False
chr5	15381413	15381414	-	0.27882	mod_ratio	373	6224	T	TGTTT	ok	True
chr5	15381414	15381415	-	0.206897	mod_ratio	261	6481	T	GTTTC	ok	False
chr5	15381628	15381629	-	0.454545	mod_ratio	66	5811	T	GGTAG	ok	False
chr5	15381664	15381665	-	0.338462	mod_ratio	65	6126	T	GGTCA	ok	True
chr5	15381832	15381833	-	0.560976	mod_ratio	41	5901	T	CGTTG	ok	False
chr5	15382011	15382012	-	0.42735	mod_ratio	117	4379	T	GGTTT	ok	True
chr5	15384256	15384257	-	0.59276	mod_ratio	663	1898	T	AGTTT	ok	True
chr5	15384257	15384258	-	0.533024	mod_ratio	2589	4543	T	GTTTT	ok	False
chr5	15384259	15384260	-	0.587591	mod_ratio	274	5332	T	TTTTT	ok	False
chr5	15384502	15384503	-	0.463768	mod_ratio	207	5456	T	CATCC	ok	False
chr5	15384528	15384529	-	0.212185	mod_ratio	4727	5432	T	TGTCC	ok	True
chr5	15384560	15384561	-	0.262172	mod_ratio	267	5221	T	TGTTT	ok	True
chr5	15384561	15384562	-	0.130841	mod_ratio	214	5425	T	GTTTC	ok	False
chr5	15384842	15384843	-	0.349206	mod_ratio	63	5138	T	GGTCA	ok	True
chr5	15404716	15404717	+	0.761905	mod_ratio	42	46	A	AAACG	ok	False
chr5	15404772	15404773	+	0.638889	mod_ratio	36	47	A	AAACC	ok	True
chr5	15405471	15405472	+	0.581395	mod_ratio	43	47	A	AAACT	ok	True
chr5	15405543	15405544	+	0.725	mod_ratio	40	45	A	AGACC	ok	True
chr5	15406176	15406177	+	0.893617	mod_ratio	47	52	A	AGACA	ok	True
chr5	15406204	15406205	+	0.531915	mod_ratio	47	51	A	AAACC	ok	True
chr5	15406218	15406219	+	0.565217	mod_ratio	46	53	A	GAACT	ok	True
chr5	15406593	15406594	+	0.553571	mod_ratio	56	60	A	AAACG	ok	False
chr5	15406608	15406609	+	0.634615	mod_ratio	52	60	A	AAACC	ok	True
chr5	15407206	15407207	+	0.492063	mod_ratio	63	69	A	GAACA	ok	True
chr5	15407269	15407270	+	0.377049	mod_ratio	61	70	A	GAACG	ok	False
chr5	15407500	15407501	+	0.42623	mod_ratio	61	74	A	AAACA	ok	True
chr5	15407533	15407534	+	0.590164	mod_ratio	61	73	A	AGACC	ok	True
chr5	15407649	15407650	+	0.560976	mod_ratio	41	59	A	AAACT	ok	True
chr5	15409759	15409760	+	0.444444	mod_ratio	54	192	A	AAACC	ok	True
chr5	15410320	15410321	+	0.216216	mod_ratio	259	280	A	GAACA	ok	True
chr5	15410329	15410330	+	0.520755	mod_ratio	265	280	A	GAACG	ok	False
chr5	15410372	15410373	+	0.405594	mod_ratio	143	288	A	AAACT	ok	True
chr5	15410389	15410390	+	0.100372	mod_ratio	269	288	A	GAACT	ok	True
chr5	15410433	15410434	+	0.122137	mod_ratio	262	291	A	GAACG	ok	False
chr5	15411093	15411094	+	0.244966	mod_ratio	298	343	A	GGACA	ok	True
chr5	15411361	15411362	+	0.183824	mod_ratio	136	346	A	GGATT	ok	False
chr5	15411374	15411375	+	0.594203	mod_ratio	138	257	A	AGACA	ok	True
chr5	15411406	15411407	+	0.677419	mod_ratio	279	308	A	AAACT	ok	True
chr5	15411476	15411477	+	0.568966	mod_ratio	58	276	A	AAAAC	ok	False
chr5	15411477	15411478	+	0.469388	mod_ratio	196	261	A	AAACT	ok	True
chr5	15421652	15421653	+	0.585106	mod_ratio	94	98	A	GGACG	ok	False
chr5	15421877	15421878	+	0.544554	mod_ratio	101	112	A	AAACT	ok	True
chr5	15422106	15422107	+	0.22449	mod_ratio	98	114	A	AAACC	ok	True
chr5	15423062	15423063	+	0.241935	mod_ratio	124	132	A	GGACT	ok	True
chr5	15423155	15423156	+	0.604651	mod_ratio	86	137	A	GGACA	ok	True
chr5	15423300	15423301	+	0.277108	mod_ratio	83	121	A	AGACA	ok	True
chr5	15426341	15426342	+	0.727273	mod_ratio	33	41	A	AAACT	ok	True
chr5	15426353	15426354	+	0.75	mod_ratio	36	42	A	AGACA	ok	True
chr5	15471004	15471005	-	0.675	mod_ratio	40	58	T	AGTCC	ok	True
chr5	15471065	15471066	-	0.375	mod_ratio	64	81	T	TGTTC	ok	True
chr5	15471282	15471283	-	0.525641	mod_ratio	78	87	T	GGTTT	ok	True
chr5	15471290	15471291	-	0.333333	mod_ratio	75	88	T	CGTCT	ok	False
chr5	15472587	15472588	-	0.770833	mod_ratio	48	74	T	CGTTT	ok	False
chr5	15473162	15473163	-	0.707692	mod_ratio	65	92	T	AGTTC	ok	True
chr5	15473277	15473278	-	0.356061	mod_ratio	132	173	T	TGTCT	ok	True
chr5	15473329	15473330	-	0.39726	mod_ratio	146	176	T	AGTCT	ok	True
chr5	15473468	15473469	-	0.370861	mod_ratio	151	170	T	TGTTT	ok	True
chr5	15473473	15473474	-	0.414474	mod_ratio	152	176	T	GGTCC	ok	True
chr5	15473908	15473909	-	0.528662	mod_ratio	157	175	T	CGTCT	ok	False
chr5	15474058	15474059	-	0.483871	mod_ratio	124	136	T	CGTTT	ok	False
chr5	15474059	15474060	-	1	mod_ratio	31	172	T	GTTTT	ok	False
chr5	15474519	15474520	-	0.707143	mod_ratio	140	163	T	GGTTT	ok	True
chr5	15474785	15474786	-	0.392857	mod_ratio	140	160	T	AGTTC	ok	True
chr5	15475346	15475347	-	0.391667	mod_ratio	120	153	T	CGTCT	ok	False
chr5	15546273	15546274	-	0.88	mod_ratio	25	28	T	CGTCT	ok	False
chr5	15607083	15607084	+	0.825581	mod_ratio	86	303	A	AAACG	ok	False
chr5	15642986	15642987	+	0.846154	mod_ratio	26	29	A	AAACG	ok	False
chr5	15703455	15703456	+	0.473684	mod_ratio	57	68	A	AAACC	ok	True
chr5	15703468	15703469	+	0.42623	mod_ratio	61	68	A	AAACC	ok	True
chr5	15703760	15703761	+	0.4	mod_ratio	60	68	A	GAACT	ok	True
chr5	15704007	15704008	+	0.433962	mod_ratio	53	70	A	AAACG	ok	False
chr5	15744403	15744404	+	0.840909	mod_ratio	44	50	A	GGACC	ok	True
chr5	15744466	15744467	+	0.772727	mod_ratio	44	54	A	GGACG	ok	False
chr5	15744595	15744596	+	0.510638	mod_ratio	47	55	A	AAACA	ok	True
chr5	15749714	15749715	+	0.860465	mod_ratio	43	50	A	AGACA	ok	True
chr5	15822829	15822830	+	0.433962	mod_ratio	53	55	A	GGACC	ok	True
chr5	15822904	15822905	+	0.660377	mod_ratio	53	55	A	AAACT	ok	True
chr5	15823263	15823264	+	0.55102	mod_ratio	49	61	A	AAACG	ok	False
chr5	15826482	15826483	-	0.216	mod_ratio	125	166	T	AGTTT	ok	True
chr5	15826628	15826629	-	0.570513	mod_ratio	156	169	T	GGTTC	ok	True
chr5	15826925	15826926	-	0.593985	mod_ratio	133	155	T	AGTTT	ok	True
chr5	15827388	15827389	-	0.448276	mod_ratio	116	137	T	GGTTT	ok	True
chr5	15844017	15844018	+	0.787234	mod_ratio	47	53	A	AAACG	ok	False
chr5	15846006	15846007	+	0.536	mod_ratio	125	135	A	AGACC	ok	True
chr5	15854500	15854501	-	0.8	mod_ratio	30	37	T	TGTCT	ok	True
chr5	15902669	15902670	+	0.460526	mod_ratio	76	91	A	AAACT	ok	True
chr5	15904004	15904005	+	0.596206	mod_ratio	369	445	A	AGACA	ok	True
chr5	15904061	15904062	+	0.174757	mod_ratio	412	446	A	AGACA	ok	True
chr5	15904146	15904147	+	0.117493	mod_ratio	383	460	A	GGACT	ok	True
chr5	15904464	15904465	+	0.342711	mod_ratio	391	471	A	GAACC	ok	True
chr5	15904509	15904510	+	0.173077	mod_ratio	364	484	A	GGACT	ok	True
chr5	15904519	15904520	+	0.182028	mod_ratio	434	472	A	GGACT	ok	True
chr5	15904681	15904682	+	0.737557	mod_ratio	442	494	A	GGACG	ok	False
chr5	15904768	15904769	+	0.127273	mod_ratio	385	430	A	GAACT	ok	True
chr5	15904795	15904796	+	0.693267	mod_ratio	401	453	A	AAACT	ok	True
chr5	15905088	15905089	+	0.28913	mod_ratio	460	531	A	AAACT	ok	True
chr5	15905141	15905142	+	0.899015	mod_ratio	406	532	A	AAACG	ok	False
chr5	15905246	15905247	+	0.41958	mod_ratio	429	498	A	AGACT	ok	True
chr5	15905252	15905253	+	0.310541	mod_ratio	351	513	A	AAACA	ok	True
chr5	15990783	15990784	-	0.714286	mod_ratio	49	96	T	GGTCT	ok	True
chr5	15990921	15990922	-	0.252874	mod_ratio	87	106	T	CGTCC	ok	False
chr5	15991737	15991738	-	0.376623	mod_ratio	77	95	T	AGTTT	ok	True
chr5	16062989	16062990	-	0.851852	mod_ratio	27	29	T	TGTCT	ok	True
chr5	16073011	16073012	+	0.818182	mod_ratio	33	38	A	AGACA	ok	True
chr5	16073102	16073103	+	0.78125	mod_ratio	32	38	A	AAACA	ok	True
chr5	16073200	16073201	+	0.757576	mod_ratio	33	37	A	AAACC	ok	True
chr5	16147689	16147690	-	0.340102	mod_ratio	197	231	T	AGTTC	ok	True
chr5	16147695	16147696	-	0.404762	mod_ratio	84	241	T	AATCC	ok	False
chr5	16147907	16147908	-	0.580488	mod_ratio	205	249	T	AGTTT	ok	True
chr5	16149077	16149078	-	0.283871	mod_ratio	155	225	T	AGTTT	ok	True
chr5	16248769	16248770	-	0.44898	mod_ratio	49	57	T	GGTTC	ok	True
chr5	16250333	16250334	-	0.742857	mod_ratio	35	40	T	CGTTC	ok	False
chr5	16283190	16283191	+	0.488889	mod_ratio	45	48	A	AAACT	ok	True
chr5	16285944	16285945	+	0.604651	mod_ratio	43	80	A	GAACA	ok	True
chr5	16287553	16287554	+	0.318681	mod_ratio	91	102	A	GAACG	ok	False
chr5	16287723	16287724	+	0.453125	mod_ratio	64	76	A	AAACA	ok	True
chr5	16301115	16301116	+	0.453901	mod_ratio	141	186	A	AAACC	ok	True
chr5	16301137	16301138	+	0.577922	mod_ratio	154	189	A	AAACG	ok	False
chr5	16313313	16313314	+	1	mod_ratio	23	26	A	AAACG	ok	False
chr5	16313844	16313845	+	0.846154	mod_ratio	26	26	A	AAACT	ok	True
chr5	16315379	16315380	-	0.482759	mod_ratio	87	97	T	AGTTT	ok	True
chr5	16315595	16315596	-	0.297872	mod_ratio	94	110	T	GGTTC	ok	True
chr5	16316082	16316083	-	0.382022	mod_ratio	89	95	T	AGTTT	ok	True
chr5	16316554	16316555	-	0.531646	mod_ratio	79	88	T	CGTTC	ok	False
chr5	16341528	16341529	+	0.343434	mod_ratio	99	109	A	GAACT	ok	True
chr5	16342411	16342412	+	0.472222	mod_ratio	72	95	A	AGACA	ok	True
chr5	16342531	16342532	+	0.761905	mod_ratio	63	101	A	AAACC	ok	True
chr5	16367567	16367568	+	0.829268	mod_ratio	41	48	A	GGACA	ok	True
chr5	16368014	16368015	+	0.575	mod_ratio	40	51	A	GGACG	ok	False
chr5	16368826	16368827	+	0.48	mod_ratio	50	61	A	AAACA	ok	True
chr5	16368878	16368879	+	0.478261	mod_ratio	46	54	A	GGACA	ok	True
chr5	16381528	16381529	-	0.44	mod_ratio	75	101	T	GGTCT	ok	True
chr5	16381668	16381669	-	0.42029	mod_ratio	69	98	T	TGTTT	ok	True
chr5	16381858	16381859	-	0.55914	mod_ratio	93	99	T	TGTCT	ok	True
chr5	16382385	16382386	-	0.886364	mod_ratio	44	52	T	TGTTT	ok	True
chr5	16383829	16383830	-	0.613636	mod_ratio	44	51	T	TGTCC	ok	True
chr5	16404757	16404758	+	0.6875	mod_ratio	32	33	A	AGACA	ok	True
chr5	16405073	16405074	+	0.84375	mod_ratio	32	34	A	AGACA	ok	True
chr5	16410973	16410974	+	0.158059	mod_ratio	639	730	A	AAACC	ok	True
chr5	16411131	16411132	+	0.132102	mod_ratio	704	791	A	AAACC	ok	True
chr5	16411720	16411721	+	0.140152	mod_ratio	264	850	A	AAACT	ok	True
chr5	16411754	16411755	+	0.437584	mod_ratio	745	873	A	AGACG	ok	False
chr5	16424011	16424012	+	0.452055	mod_ratio	73	86	A	AAACA	ok	True
chr5	16433415	16433416	-	0.833333	mod_ratio	42	53	T	TGTCT	ok	True
chr5	16433466	16433467	-	0.519231	mod_ratio	52	62	T	AGTTT	ok	True
chr5	16434007	16434008	-	0.632653	mod_ratio	49	54	T	TGTTT	ok	True
chr5	16434023	16434024	-	0.615385	mod_ratio	39	48	T	AGTTT	ok	True
chr5	16442699	16442700	+	0.651163	mod_ratio	43	46	A	GGACG	ok	False
chr5	16442754	16442755	+	0.5	mod_ratio	44	48	A	GAACA	ok	True
chr5	16442758	16442759	+	0.636364	mod_ratio	44	48	A	AAACT	ok	True
chr5	16442797	16442798	+	0.6	mod_ratio	40	48	A	AGACC	ok	True
chr5	16443417	16443418	+	0.5	mod_ratio	52	58	A	GAACC	ok	True
chr5	16492420	16492421	-	0.596491	mod_ratio	57	78	T	AGTTC	ok	True
chr5	16492641	16492642	-	0.638554	mod_ratio	83	91	T	GGTCT	ok	True
chr5	16538172	16538173	-	0.862069	mod_ratio	29	43	T	CGTCC	ok	False
chr5	16609222	16609223	-	0.432836	mod_ratio	67	483	T	GATCC	ok	False
chr5	16609276	16609277	-	0.667712	mod_ratio	319	411	T	GGTTT	ok	True
chr5	16609277	16609278	-	0.566929	mod_ratio	127	574	T	GTTTT	ok	False
chr5	16609296	16609297	-	0.380583	mod_ratio	515	579	T	AGTTC	ok	True
chr5	16609314	16609315	-	0.226415	mod_ratio	106	599	T	CGTTC	ok	False
chr5	16609370	16609371	-	0.166667	mod_ratio	558	592	T	AGTCC	ok	True
chr5	16610454	16610455	-	0.118182	mod_ratio	440	476	T	AGTCT	ok	True
chr5	16610629	16610630	-	0.845118	mod_ratio	297	402	T	CGTTT	ok	False
chr5	16665638	16665639	-	0.628571	mod_ratio	35	40	T	TGTCC	ok	True
chr5	16669451	16669452	-	0.461538	mod_ratio	117	129	T	GGTTT	ok	True
chr5	16676082	16676083	+	0.925764	mod_ratio	229	307	A	AAACG	ok	False
chr5	16676117	16676118	+	0.131034	mod_ratio	290	309	A	AGACC	ok	True
chr5	16676609	16676610	+	0.606452	mod_ratio	155	240	A	AAACC	ok	True
chr5	16676612	16676613	+	0.842105	mod_ratio	76	317	A	CCACC	ok	False
chr5	16676793	16676794	+	0.434629	mod_ratio	283	326	A	GGACG	ok	False
chr5	16677160	16677161	+	0.278008	mod_ratio	241	333	A	AAACC	ok	True
chr5	16677194	16677195	+	0.243151	mod_ratio	292	336	A	AAACT	ok	True
chr5	16677199	16677200	+	0.100775	mod_ratio	258	333	A	GGACT	ok	True
chr5	16677223	16677224	+	0.3	mod_ratio	300	335	A	AAACA	ok	True
chr5	16790085	16790086	+	1	mod_ratio	24	27	A	AAACG	ok	False
chr5	16791733	16791734	+	0.560976	mod_ratio	41	45	A	GGACA	ok	True
chr5	16792453	16792454	+	0.658537	mod_ratio	41	53	A	AGACA	ok	True
chr5	16792785	16792786	+	0.730769	mod_ratio	52	58	A	AGACA	ok	True
chr5	16792943	16792944	+	0.783784	mod_ratio	37	58	A	AAACC	ok	True
chr5	16811476	16811477	-	0.828571	mod_ratio	35	75	T	GTTTT	ok	False
chr5	16811521	16811522	-	0.652174	mod_ratio	69	77	T	AGTTT	ok	True
chr5	16811767	16811768	-	0.557377	mod_ratio	61	70	T	GGTTT	ok	True
chr5	16811797	16811798	-	0.83871	mod_ratio	62	74	T	CGTTT	ok	False
chr5	16811843	16811844	-	0.467742	mod_ratio	62	71	T	AGTTT	ok	True
chr5	16812011	16812012	-	0.838235	mod_ratio	68	71	T	TGTCT	ok	True
chr5	16812996	16812997	-	0.619048	mod_ratio	42	48	T	GGTTT	ok	True
chr5	16815771	16815772	+	0.8	mod_ratio	30	35	A	AGACA	ok	True
chr5	16816221	16816222	+	0.611111	mod_ratio	36	45	A	GGACA	ok	True
chr5	16816327	16816328	+	0.883721	mod_ratio	43	46	A	AAACG	ok	False
chr5	16816544	16816545	+	0.488889	mod_ratio	45	51	A	AAACA	ok	True
chr5	16816906	16816907	+	0.591837	mod_ratio	49	55	A	GGACA	ok	True
chr5	16816960	16816961	+	0.759259	mod_ratio	54	59	A	AAACA	ok	True
chr5	16819002	16819003	-	0.535714	mod_ratio	56	80	T	GGTTT	ok	True
chr5	16819048	16819049	-	0.690476	mod_ratio	42	63	T	TGTTT	ok	True
chr5	16819124	16819125	-	0.317647	mod_ratio	85	97	T	TGTTT	ok	True
chr5	16819155	16819156	-	0.445946	mod_ratio	74	98	T	TGTCT	ok	True
chr5	16819393	16819394	-	0.534884	mod_ratio	86	98	T	CGTCC	ok	False
chr5	16819947	16819948	-	0.291139	mod_ratio	79	92	T	AGTTT	ok	True
chr5	16820763	16820764	-	0.373134	mod_ratio	67	72	T	CGTTC	ok	False
chr5	16821094	16821095	-	0.666667	mod_ratio	57	66	T	CGTCT	ok	False
chr5	16821313	16821314	-	0.55102	mod_ratio	49	57	T	AGTTC	ok	True
chr5	16822135	16822136	-	0.916667	mod_ratio	24	29	T	TGTTT	ok	True
chr5	16823638	16823639	-	0.764706	mod_ratio	34	38	T	CGTCC	ok	False
chr5	16826950	16826951	+	0.806452	mod_ratio	31	34	A	AGACG	ok	False
chr5	16827531	16827532	+	0.578947	mod_ratio	38	42	A	GAACT	ok	True
chr5	16828402	16828403	+	0.763158	mod_ratio	38	43	A	AAACG	ok	False
chr5	16854321	16854322	-	0.493671	mod_ratio	79	90	T	TGTTT	ok	True
chr5	16854334	16854335	-	0.353982	mod_ratio	113	134	T	AGTCT	ok	True
chr5	16854380	16854381	-	0.784	mod_ratio	125	144	T	TGTCT	ok	True
chr5	16854571	16854572	-	0.52381	mod_ratio	126	148	T	CGTCT	ok	False
chr5	16854592	16854593	-	0.647059	mod_ratio	68	97	T	GGTTT	ok	True
chr5	16854619	16854620	-	0.92029	mod_ratio	138	149	T	TGTCT	ok	True
chr5	16855302	16855303	-	0.219512	mod_ratio	123	137	T	GGTTT	ok	True
chr5	16855423	16855424	-	0.625	mod_ratio	112	132	T	TGTTT	ok	True
chr5	16855431	16855432	-	0.357143	mod_ratio	126	137	T	GGTTT	ok	True
chr5	16855530	16855531	-	0.509259	mod_ratio	108	127	T	AGTTT	ok	True
chr5	16891082	16891083	+	0.916667	mod_ratio	36	40	A	AAACG	ok	False
chr5	16902677	16902678	+	0.375	mod_ratio	152	171	A	AAACC	ok	True
chr5	16902742	16902743	+	0.490741	mod_ratio	108	122	A	AAACC	ok	True
chr5	16902894	16902895	+	0.213018	mod_ratio	169	190	A	GAACC	ok	True
chr5	16902939	16902940	+	0.71875	mod_ratio	32	186	A	TCACC	ok	False
chr5	16902965	16902966	+	0.290323	mod_ratio	155	187	A	AAACG	ok	False
chr5	16903021	16903022	+	0.339744	mod_ratio	156	175	A	GAACA	ok	True
chr5	16903390	16903391	+	0.492611	mod_ratio	203	223	A	AAACC	ok	True
chr5	16903848	16903849	+	0.118721	mod_ratio	219	283	A	AGACC	ok	True
chr5	16903878	16903879	+	0.435606	mod_ratio	264	289	A	AGACC	ok	True
chr5	16904152	16904153	+	0.328185	mod_ratio	259	311	A	AGACG	ok	False
chr5	16904215	16904216	+	0.13879	mod_ratio	281	323	A	GGACC	ok	True
chr5	16904257	16904258	+	0.228125	mod_ratio	320	329	A	AGACT	ok	True
chr5	16904654	16904655	+	0.722222	mod_ratio	36	378	A	AGACG	ok	False
chr5	16904751	16904752	+	0.652439	mod_ratio	328	396	A	GGACA	ok	True
chr5	16905036	16905037	+	0.262032	mod_ratio	374	413	A	AAACT	ok	True
chr5	16905077	16905078	+	0.258333	mod_ratio	240	399	A	GGACA	ok	True
chr5	16905184	16905185	+	0.482955	mod_ratio	176	282	A	AGACT	ok	True
chr5	16912462	16912463	-	0.495238	mod_ratio	105	142	T	GGTTT	ok	True
chr5	16912518	16912519	-	0.603636	mod_ratio	275	379	T	CGTCT	ok	False
chr5	16912536	16912537	-	0.122449	mod_ratio	245	313	T	TGTCT	ok	True
chr5	16912567	16912568	-	0.522337	mod_ratio	291	339	T	AGTTT	ok	True
chr5	16912579	16912580	-	0.80236	mod_ratio	339	376	T	TGTCC	ok	True
chr5	16913656	16913657	-	0.277259	mod_ratio	321	372	T	AGTCC	ok	True
chr5	16913723	16913724	-	0.152866	mod_ratio	314	370	T	TGTTC	ok	True
chr5	16913729	16913730	-	0.176471	mod_ratio	306	370	T	GGTTT	ok	True
chr5	16952172	16952173	+	0.75	mod_ratio	40	48	A	AGACA	ok	True
chr5	16952720	16952721	+	0.564103	mod_ratio	39	49	A	AAACT	ok	True
chr5	16952979	16952980	+	0.904762	mod_ratio	42	50	A	AAACG	ok	False
chr5	17004827	17004828	-	0.308943	mod_ratio	123	165	T	GGTTC	ok	True
chr5	17004959	17004960	-	0.262069	mod_ratio	145	168	T	GGTTC	ok	True
chr5	17005005	17005006	-	0.350365	mod_ratio	137	164	T	GGTTT	ok	True
chr5	17097952	17097953	-	0.449275	mod_ratio	69	76	T	TGTTT	ok	True
chr5	17098354	17098355	-	0.981481	mod_ratio	54	61	T	CGTTT	ok	False
chr5	17098677	17098678	-	0.666667	mod_ratio	48	57	T	CGTCC	ok	False
chr5	17099158	17099159	-	0.641026	mod_ratio	39	51	T	GGTCC	ok	True
chr5	17137187	17137188	+	0.870968	mod_ratio	31	34	A	AAACA	ok	True
chr5	17137317	17137318	+	0.965517	mod_ratio	29	31	A	GGACG	ok	False
chr5	17140153	17140154	+	0.642857	mod_ratio	42	45	A	AGACA	ok	True
chr5	17140506	17140507	+	0.904762	mod_ratio	42	49	A	AAACG	ok	False
chr5	17140598	17140599	+	0.634146	mod_ratio	41	49	A	AGACA	ok	True
chr5	17140654	17140655	+	0.657895	mod_ratio	38	48	A	AAACG	ok	False
chr5	17151519	17151520	-	0.705882	mod_ratio	34	39	T	CGTCT	ok	False
chr5	17159167	17159168	-	0.8625	mod_ratio	80	85	T	GGTTT	ok	True
chr5	17159246	17159247	-	0.739726	mod_ratio	73	95	T	AGTTC	ok	True
chr5	17159587	17159588	-	0.414634	mod_ratio	82	100	T	CGTTC	ok	False
chr5	17160988	17160989	-	0.625	mod_ratio	48	53	T	CGTCT	ok	False
chr5	17164360	17164361	-	0.589744	mod_ratio	39	46	T	TGTCT	ok	True
chr5	17181974	17181975	-	0.19469	mod_ratio	113	127	T	AGTCC	ok	True
chr5	17182137	17182138	-	0.715596	mod_ratio	109	132	T	CGTCC	ok	False
chr5	17182188	17182189	-	0.814433	mod_ratio	97	116	T	AGTTT	ok	True
chr5	17182295	17182296	-	0.196581	mod_ratio	117	127	T	AGTCT	ok	True
chr5	17182495	17182496	-	0.325843	mod_ratio	89	116	T	TGTTT	ok	True
chr5	17182500	17182501	-	0.778846	mod_ratio	104	122	T	CGTCT	ok	False
chr5	17194273	17194274	-	0.68	mod_ratio	50	72	T	TGTTC	ok	True
chr5	17194320	17194321	-	0.552941	mod_ratio	85	109	T	TGTTC	ok	True
chr5	17194423	17194424	-	0.714286	mod_ratio	105	118	T	AGTTT	ok	True
chr5	17194472	17194473	-	0.398058	mod_ratio	103	120	T	GGTTT	ok	True
chr5	17242755	17242756	+	0.23545	mod_ratio	378	1129	A	AAACA	ok	True
chr5	17242819	17242820	+	0.318925	mod_ratio	856	1135	A	GGACC	ok	True
chr5	17242854	17242855	+	0.407512	mod_ratio	1065	1208	A	AAACT	ok	True
chr5	17243360	17243361	+	0.151544	mod_ratio	1036	1215	A	AGACT	ok	True
chr5	17243471	17243472	+	0.173358	mod_ratio	1096	1247	A	GAACG	ok	False
chr5	17243697	17243698	+	0.858019	mod_ratio	1141	1297	A	AGACA	ok	True
chr5	17243842	17243843	+	0.416667	mod_ratio	120	1124	A	AAACT	ok	True
chr5	17248477	17248478	-	0.727273	mod_ratio	33	35	T	AGTTT	ok	True
chr5	17249001	17249002	-	1	mod_ratio	27	32	T	CGTTT	ok	False
chr5	17268504	17268505	+	0.833333	mod_ratio	30	30	A	AAACG	ok	False
chr5	17269675	17269676	-	0.560976	mod_ratio	41	52	T	GGTTT	ok	True
chr5	17270340	17270341	-	0.590909	mod_ratio	44	53	T	GGTTC	ok	True
chr5	17270369	17270370	-	0.893617	mod_ratio	47	52	T	GGTCT	ok	True
chr5	17271923	17271924	-	0.827586	mod_ratio	29	29	T	CGTTT	ok	False
chr5	17325106	17325107	+	0.244048	mod_ratio	168	201	A	GAACA	ok	True
chr5	17325529	17325530	+	0.205714	mod_ratio	175	210	A	GAACA	ok	True
chr5	17325643	17325644	+	0.345745	mod_ratio	188	220	A	AAACC	ok	True
chr5	17325706	17325707	+	0.45283	mod_ratio	159	215	A	AAACC	ok	True
chr5	17325711	17325712	+	0.262857	mod_ratio	175	220	A	AAACC	ok	True
chr5	17357992	17357993	-	0.654545	mod_ratio	55	70	T	GGTTT	ok	True
chr5	17358011	17358012	-	0.564103	mod_ratio	39	59	T	GGTTT	ok	True
chr5	17385929	17385930	-	0.568182	mod_ratio	44	49	T	TGTTC	ok	True
chr5	17386147	17386148	-	0.617021	mod_ratio	47	53	T	GGTCT	ok	True
chr5	17386560	17386561	-	0.906977	mod_ratio	43	49	T	TGTCT	ok	True
chr5	17386929	17386930	-	0.585366	mod_ratio	41	46	T	GGTTT	ok	True
chr5	17386974	17386975	-	0.8	mod_ratio	40	46	T	GGTCT	ok	True
chr5	17387138	17387139	-	0.578947	mod_ratio	38	46	T	TGTCC	ok	True
chr5	17387853	17387854	-	0.742857	mod_ratio	35	39	T	TGTTC	ok	True
chr5	17388209	17388210	-	0.857143	mod_ratio	35	38	T	CGTCC	ok	False
chr5	17388905	17388906	-	0.962963	mod_ratio	27	30	T	CGTCC	ok	False
chr5	17400619	17400620	-	0.766667	mod_ratio	30	34	T	CGTCT	ok	False
chr5	17400777	17400778	-	0.785714	mod_ratio	28	31	T	AGTTT	ok	True
chr5	17459958	17459959	+	0.678571	mod_ratio	56	77	A	AGACA	ok	True
chr5	17459991	17459992	+	0.393939	mod_ratio	66	76	A	AGACC	ok	True
chr5	17459996	17459997	+	0.426471	mod_ratio	68	74	A	AAACT	ok	True
chr5	17460961	17460962	+	0.84058	mod_ratio	69	85	A	AGACA	ok	True
chr5	17461191	17461192	+	0.394366	mod_ratio	71	87	A	GGACC	ok	True
chr5	17508056	17508057	-	0.45098	mod_ratio	51	61	T	TGTTT	ok	True
chr5	17508186	17508187	-	0.644444	mod_ratio	45	62	T	TGTTC	ok	True
chr5	17550536	17550537	+	0.280899	mod_ratio	89	92	A	GGACA	ok	True
chr5	17550545	17550546	+	0.4	mod_ratio	85	93	A	AAACT	ok	True
chr5	17550626	17550627	+	0.54023	mod_ratio	87	97	A	AAACC	ok	True
chr5	17550790	17550791	+	0.651685	mod_ratio	89	102	A	AGACA	ok	True
chr5	17550885	17550886	+	0.349398	mod_ratio	83	104	A	AAACA	ok	True
chr5	17551209	17551210	+	0.258929	mod_ratio	112	123	A	AAACC	ok	True
chr5	17551249	17551250	+	0.425	mod_ratio	120	125	A	AAACA	ok	True
chr5	17551276	17551277	+	0.738318	mod_ratio	107	126	A	AAACA	ok	True
chr5	17551298	17551299	+	0.607143	mod_ratio	112	126	A	AAACT	ok	True
chr5	17551424	17551425	+	0.714286	mod_ratio	105	124	A	AAACT	ok	True
chr5	17551533	17551534	+	0.402778	mod_ratio	72	78	A	GAACA	ok	True
chr5	17580029	17580030	-	0.45679	mod_ratio	162	198	T	CGTTC	ok	False
chr5	17580166	17580167	-	0.174129	mod_ratio	201	224	T	AGTCC	ok	True
chr5	17580264	17580265	-	0.58427	mod_ratio	178	215	T	GGTTT	ok	True
chr5	17580630	17580631	-	0.422857	mod_ratio	175	211	T	AGTTT	ok	True
chr5	17580940	17580941	-	0.47541	mod_ratio	183	208	T	AGTCT	ok	True
chr5	17580972	17580973	-	0.184783	mod_ratio	184	207	T	TGTCT	ok	True
chr5	17580977	17580978	-	0.195489	mod_ratio	133	203	T	GGTTC	ok	True
chr5	17581177	17581178	-	0.96	mod_ratio	25	84	T	TGTCT	ok	True
chr5	17589430	17589431	-	0.956522	mod_ratio	23	41	T	AGTTT	ok	True
chr5	17590687	17590688	-	0.621622	mod_ratio	37	45	T	GGTCT	ok	True
chr5	17591147	17591148	-	0.903226	mod_ratio	31	35	T	TGTCT	ok	True
chr5	17591310	17591311	-	0.766667	mod_ratio	30	36	T	CGTCT	ok	False
chr5	17622394	17622395	-	0.269231	mod_ratio	104	110	T	AGTCT	ok	True
chr5	17622402	17622403	-	0.35	mod_ratio	100	111	T	AGTCT	ok	True
chr5	17622418	17622419	-	0.558824	mod_ratio	102	123	T	AGTTT	ok	True
chr5	17622474	17622475	-	0.63964	mod_ratio	111	128	T	CGTTT	ok	False
chr5	17622489	17622490	-	0.642857	mod_ratio	84	123	T	GGTTT	ok	True
chr5	17622591	17622592	-	0.46729	mod_ratio	107	134	T	GGTTT	ok	True
chr5	17623297	17623298	-	0.647727	mod_ratio	88	115	T	CGTTT	ok	False
chr5	17627290	17627291	-	0.343511	mod_ratio	131	196	T	TGTTT	ok	True
chr5	17627291	17627292	-	0.748538	mod_ratio	171	368	T	GTTTT	ok	False
chr5	17627380	17627381	-	0.383908	mod_ratio	435	467	T	GGTTT	ok	True
chr5	17627458	17627459	-	0.513317	mod_ratio	413	465	T	TGTCC	ok	True
chr5	17627784	17627785	-	0.427441	mod_ratio	379	446	T	CGTCC	ok	False
chr5	17628525	17628526	-	0.133858	mod_ratio	381	424	T	AGTTC	ok	True
chr5	17628553	17628554	-	0.168067	mod_ratio	357	420	T	GGTTC	ok	True
chr5	17628849	17628850	-	0.115169	mod_ratio	356	383	T	AGTCT	ok	True
chr5	17628856	17628857	-	0.489362	mod_ratio	47	402	T	GGTCC	ok	True
chr5	17684434	17684435	+	0.352	mod_ratio	125	137	A	GAACA	ok	True
chr5	17685450	17685451	+	0.365517	mod_ratio	145	168	A	GAACC	ok	True
chr5	17685616	17685617	+	0.807692	mod_ratio	52	175	A	AAACA	ok	True
chr5	17685670	17685671	+	0.398734	mod_ratio	158	179	A	AAACT	ok	True
chr5	17686048	17686049	+	0.196319	mod_ratio	163	204	A	GGACA	ok	True
chr5	17686103	17686104	+	0.224719	mod_ratio	178	207	A	GAACA	ok	True
chr5	17686130	17686131	+	0.148571	mod_ratio	175	209	A	GAACC	ok	True
chr5	17686462	17686463	+	0.257576	mod_ratio	132	164	A	AGACT	ok	True
chr5	17686521	17686522	+	0.601942	mod_ratio	103	140	A	AGACC	ok	True
chr5	17692872	17692873	+	0.285714	mod_ratio	98	160	A	AAACT	ok	True
chr5	17692936	17692937	+	0.340136	mod_ratio	147	172	A	AAACA	ok	True
chr5	17692957	17692958	+	0.584416	mod_ratio	154	174	A	AAACT	ok	True
chr5	17693018	17693019	+	0.41791	mod_ratio	134	177	A	AAACT	ok	True
chr5	17693058	17693059	+	0.25	mod_ratio	160	179	A	GGACA	ok	True
chr5	17712505	17712506	+	0.40884	mod_ratio	181	203	A	GAACA	ok	True
chr5	17712528	17712529	+	0.153846	mod_ratio	169	197	A	GAACC	ok	True
chr5	17712589	17712590	+	0.895604	mod_ratio	182	208	A	AAACG	ok	False
chr5	17712640	17712641	+	0.167513	mod_ratio	197	206	A	GGACT	ok	True
chr5	17713124	17713125	+	0.133333	mod_ratio	180	203	A	GAACA	ok	True
chr5	17713975	17713976	+	0.830435	mod_ratio	230	252	A	GAACA	ok	True
chr5	17714068	17714069	+	0.403141	mod_ratio	191	251	A	AAACA	ok	True
chr5	17714175	17714176	+	0.129534	mod_ratio	193	230	A	GAACC	ok	True
chr5	17754242	17754243	-	0.625	mod_ratio	56	67	T	TGTCT	ok	True
chr5	17754275	17754276	-	0.393443	mod_ratio	61	67	T	GGTTT	ok	True
chr5	17754304	17754305	-	0.703125	mod_ratio	64	67	T	GGTTT	ok	True
chr5	17754389	17754390	-	0.45098	mod_ratio	51	68	T	AGTTT	ok	True
chr5	17761390	17761391	+	0.619048	mod_ratio	42	50	A	AAACC	ok	True
chr5	17761419	17761420	+	0.659091	mod_ratio	44	53	A	GGACG	ok	False
chr5	17761432	17761433	+	0.595745	mod_ratio	47	52	A	AAACT	ok	True
chr5	17761621	17761622	+	0.586957	mod_ratio	46	60	A	AGACA	ok	True
chr5	17798402	17798403	+	0.6875	mod_ratio	32	67	A	AAACC	ok	True
chr5	17798800	17798801	+	0.356522	mod_ratio	115	126	A	AAACG	ok	False
chr5	17798874	17798875	+	0.326087	mod_ratio	92	125	A	AAACC	ok	True
chr5	17799271	17799272	+	0.830508	mod_ratio	118	130	A	GGACG	ok	False
chr5	17799851	17799852	+	0.409091	mod_ratio	132	155	A	GGACG	ok	False
chr5	17800341	17800342	+	0.681159	mod_ratio	138	160	A	AGACA	ok	True
chr5	17800350	17800351	+	0.712329	mod_ratio	146	161	A	GGACC	ok	True
chr5	17800574	17800575	+	0.695652	mod_ratio	92	172	A	AAACC	ok	True
chr5	17800678	17800679	+	0.329114	mod_ratio	158	170	A	AAACT	ok	True
chr5	17800729	17800730	+	0.261194	mod_ratio	134	174	A	AGACG	ok	False
chr5	17840776	17840777	-	0.964286	mod_ratio	28	29	T	TGTCT	ok	True
chr5	17841451	17841452	-	0.916667	mod_ratio	24	25	T	CGTCT	ok	False
chr5	17859272	17859273	-	0.5	mod_ratio	128	161	T	AGTTT	ok	True
chr5	17859299	17859300	-	0.548872	mod_ratio	133	164	T	GGTTT	ok	True
chr5	17859565	17859566	-	0.298013	mod_ratio	151	171	T	CGTCC	ok	False
chr5	17859736	17859737	-	0.278146	mod_ratio	151	159	T	TGTTT	ok	True
chr5	17859852	17859853	-	0.469697	mod_ratio	132	152	T	CGTCC	ok	False
chr5	17859912	17859913	-	0.172932	mod_ratio	133	149	T	AGTTC	ok	True
chr5	17860256	17860257	-	0.722689	mod_ratio	119	132	T	TGTCC	ok	True
chr5	17860859	17860860	-	0.867257	mod_ratio	113	120	T	CGTTC	ok	False
chr5	17861009	17861010	-	0.435644	mod_ratio	101	112	T	GGTTT	ok	True
chr5	17878784	17878785	-	0.8	mod_ratio	45	54	T	TGTCT	ok	True
chr5	17878855	17878856	-	0.673077	mod_ratio	52	59	T	GGTTT	ok	True
chr5	17878934	17878935	-	0.6	mod_ratio	45	52	T	GGTTT	ok	True
chr5	17879031	17879032	-	0.73913	mod_ratio	46	55	T	TGTCC	ok	True
chr5	17879067	17879068	-	0.622222	mod_ratio	45	53	T	TGTCT	ok	True
chr5	17879857	17879858	-	0.862069	mod_ratio	29	34	T	CGTCT	ok	False
chr5	17979433	17979434	+	0.16	mod_ratio	200	234	A	GAACT	ok	True
chr5	17980111	17980112	+	0.117647	mod_ratio	221	261	A	AGACC	ok	True
chr5	17980208	17980209	+	0.114286	mod_ratio	210	253	A	GGACT	ok	True
chr5	18013736	18013737	+	0.826667	mod_ratio	75	86	A	AAACG	ok	False
chr5	18014056	18014057	+	0.432099	mod_ratio	81	86	A	GAACA	ok	True
chr5	18024621	18024622	-	0.638889	mod_ratio	72	81	T	TGTCT	ok	True
chr5	18024673	18024674	-	0.430556	mod_ratio	72	78	T	TGTTT	ok	True
chr5	18024836	18024837	-	0.716667	mod_ratio	60	67	T	TGTTT	ok	True
chr5	18025792	18025793	-	0.76087	mod_ratio	46	58	T	GGTCT	ok	True
chr5	18025906	18025907	-	0.980392	mod_ratio	51	58	T	TGTCT	ok	True
chr5	18042258	18042259	+	0.888889	mod_ratio	36	42	A	AAACG	ok	False
chr5	18042423	18042424	+	0.714286	mod_ratio	35	41	A	AAACT	ok	True
chr5	18043945	18043946	+	0.536585	mod_ratio	41	56	A	GGACC	ok	True
chr5	18044600	18044601	+	0.785714	mod_ratio	56	66	A	AGACC	ok	True
chr5	18044639	18044640	+	0.54902	mod_ratio	51	61	A	AAACC	ok	True
chr5	18044649	18044650	+	0.47619	mod_ratio	63	65	A	AGACC	ok	True
chr5	18044983	18044984	+	0.65	mod_ratio	60	72	A	AAACT	ok	True
chr5	18045005	18045006	+	0.507692	mod_ratio	65	72	A	AGACA	ok	True
chr5	18045174	18045175	+	0.343284	mod_ratio	67	71	A	GAACT	ok	True
chr5	18071102	18071103	-	0.857143	mod_ratio	28	30	T	TGTCT	ok	True
chr5	18071573	18071574	-	0.956522	mod_ratio	23	26	T	TGTCT	ok	True
chr5	18168232	18168233	-	0.55	mod_ratio	40	49	T	TGTTT	ok	True
chr5	18245056	18245057	+	0.773585	mod_ratio	53	58	A	AAACA	ok	True
chr5	18245529	18245530	+	0.622642	mod_ratio	53	62	A	AGACG	ok	False
chr5	18246016	18246017	+	0.849057	mod_ratio	53	65	A	AAACG	ok	False
chr5	18270387	18270388	-	0.875	mod_ratio	40	52	T	TGTCT	ok	True
chr5	18271293	18271294	-	0.576923	mod_ratio	52	56	T	TGTTC	ok	True
chr5	18381981	18381982	-	0.318182	mod_ratio	110	145	T	AGTTT	ok	True
chr5	18382039	18382040	-	0.539326	mod_ratio	89	119	T	TGTTT	ok	True
chr5	18382067	18382068	-	0.462264	mod_ratio	106	143	T	AGTCC	ok	True
chr5	18384803	18384804	-	0.825	mod_ratio	40	40	T	CGTTC	ok	False
chr5	18396382	18396383	+	0.619355	mod_ratio	155	165	A	AAACC	ok	True
chr5	18396445	18396446	+	0.264516	mod_ratio	155	170	A	AAACC	ok	True
chr5	18396450	18396451	+	0.705128	mod_ratio	156	169	A	AAACA	ok	True
chr5	18396466	18396467	+	0.192053	mod_ratio	151	171	A	AAACC	ok	True
chr5	18396475	18396476	+	0.666667	mod_ratio	153	170	A	AAACT	ok	True
chr5	18396497	18396498	+	0.292994	mod_ratio	157	171	A	GAACA	ok	True
chr5	18396712	18396713	+	0.577778	mod_ratio	180	189	A	AAACT	ok	True
chr5	18397401	18397402	+	0.119792	mod_ratio	192	234	A	GGACC	ok	True
chr5	18397483	18397484	+	0.238938	mod_ratio	226	251	A	GAACC	ok	True
chr5	18397504	18397505	+	0.511848	mod_ratio	211	252	A	AAACC	ok	True
chr5	18397879	18397880	+	0.39604	mod_ratio	202	269	A	AAACC	ok	True
chr5	18402280	18402281	-	0.49505	mod_ratio	101	118	T	TGTCC	ok	True
chr5	18402318	18402319	-	0.696429	mod_ratio	56	81	T	TGTTT	ok	True
chr5	18402319	18402320	-	0.741935	mod_ratio	31	112	T	GTTTT	ok	False
chr5	18402657	18402658	-	0.360656	mod_ratio	61	74	T	GGTTT	ok	True
chr5	18402820	18402821	-	0.405063	mod_ratio	79	90	T	GGTTT	ok	True
chr5	18406011	18406012	-	0.967742	mod_ratio	31	36	T	TGTCT	ok	True
chr5	18409333	18409334	+	0.52381	mod_ratio	42	42	A	GAACA	ok	True
chr5	18411560	18411561	+	0.621212	mod_ratio	66	70	A	AAACT	ok	True
chr5	18411665	18411666	+	0.314286	mod_ratio	70	76	A	AGACC	ok	True
chr5	18411869	18411870	+	0.574468	mod_ratio	47	78	A	AAACC	ok	True
chr5	18431932	18431933	+	0.638889	mod_ratio	36	39	A	AAACA	ok	True
chr5	18464418	18464419	+	0.714286	mod_ratio	42	58	A	AAACG	ok	False
chr5	18464773	18464774	+	0.541667	mod_ratio	48	59	A	GGACT	ok	True
chr5	18464977	18464978	+	0.785714	mod_ratio	42	54	A	AAACA	ok	True
chr5	18501711	18501712	+	0.647059	mod_ratio	34	35	A	GAACA	ok	True
chr5	18503794	18503795	+	1	mod_ratio	39	46	A	AGACA	ok	True
chr5	18529033	18529034	+	0.410714	mod_ratio	56	58	A	AGACG	ok	False
chr5	18529283	18529284	+	0.836364	mod_ratio	55	61	A	AAACG	ok	False
chr5	18529437	18529438	+	0.396552	mod_ratio	58	66	A	GAACA	ok	True
chr5	18529666	18529667	+	0.551724	mod_ratio	58	67	A	GAACG	ok	False
chr5	18529681	18529682	+	0.77193	mod_ratio	57	69	A	AAACA	ok	True
chr5	18529828	18529829	+	0.424242	mod_ratio	66	71	A	AGACA	ok	True
chr5	18529840	18529841	+	0.492308	mod_ratio	65	71	A	AAACC	ok	True
chr5	18530920	18530921	+	0.372263	mod_ratio	137	177	A	GAACT	ok	True
chr5	18530978	18530979	+	0.194969	mod_ratio	159	190	A	AAACA	ok	True
chr5	18531005	18531006	+	0.150602	mod_ratio	166	192	A	AAACA	ok	True
chr5	18531133	18531134	+	0.25	mod_ratio	156	200	A	AAACA	ok	True
chr5	18565105	18565106	-	0.349398	mod_ratio	83	119	T	AGTTT	ok	True
chr5	18565149	18565150	-	0.214022	mod_ratio	271	396	T	GGTTC	ok	True
chr5	18565182	18565183	-	0.766667	mod_ratio	30	455	T	TGTCA	ok	True
chr5	18565217	18565218	-	0.544118	mod_ratio	68	520	T	CATCC	ok	False
chr5	18565293	18565294	-	0.19469	mod_ratio	452	517	T	TGTTC	ok	True
chr5	18565427	18565428	-	0.282407	mod_ratio	432	512	T	CGTTC	ok	False
chr5	18565446	18565447	-	0.154839	mod_ratio	465	507	T	AGTCC	ok	True
chr5	18566176	18566177	-	0.559719	mod_ratio	427	462	T	GGTTT	ok	True
chr5	18566353	18566354	-	0.271071	mod_ratio	439	456	T	AGTTT	ok	True
chr5	18566369	18566370	-	0.135501	mod_ratio	369	459	T	TGTCC	ok	True
chr5	18566381	18566382	-	0.146988	mod_ratio	415	456	T	GGTTC	ok	True
chr5	18628815	18628816	+	0.717949	mod_ratio	39	44	A	AAACC	ok	True
chr5	18628872	18628873	+	0.55814	mod_ratio	43	45	A	GAACT	ok	True
chr5	18629117	18629118	+	0.913043	mod_ratio	46	50	A	AGACC	ok	True
chr5	18629170	18629171	+	0.468085	mod_ratio	47	52	A	AGACG	ok	False
chr5	18629362	18629363	+	0.520833	mod_ratio	48	56	A	GGACG	ok	False
chr5	18629483	18629484	+	0.568627	mod_ratio	51	55	A	AGACA	ok	True
chr5	18634152	18634153	+	0.43038	mod_ratio	79	89	A	AAACA	ok	True
chr5	18634227	18634228	+	0.35	mod_ratio	80	96	A	GGACG	ok	False
chr5	18634381	18634382	+	0.32967	mod_ratio	91	101	A	AAACC	ok	True
chr5	18634748	18634749	+	0.876404	mod_ratio	89	105	A	GAACG	ok	False
chr5	18636078	18636079	+	0.304348	mod_ratio	115	127	A	AAACC	ok	True
chr5	18636353	18636354	+	0.368852	mod_ratio	122	137	A	GAACA	ok	True
chr5	18636429	18636430	+	0.612069	mod_ratio	116	141	A	GGACG	ok	False
chr5	18662912	18662913	-	0.735849	mod_ratio	106	136	T	AGTTT	ok	True
chr5	18662986	18662987	-	0.585366	mod_ratio	41	91	T	GGTTT	ok	True
chr5	18662987	18662988	-	0.397959	mod_ratio	98	193	T	GTTTT	ok	False
chr5	18663389	18663390	-	0.149425	mod_ratio	174	191	T	TGTTC	ok	True
chr5	18663394	18663395	-	0.252033	mod_ratio	123	149	T	GGTTT	ok	True
chr5	18663575	18663576	-	0.52	mod_ratio	150	161	T	AGTTC	ok	True
chr5	18663583	18663584	-	0.462264	mod_ratio	106	122	T	GGTTT	ok	True
chr5	18663722	18663723	-	0.756579	mod_ratio	152	187	T	TGTCT	ok	True
chr5	18664027	18664028	-	0.659722	mod_ratio	144	155	T	TGTTT	ok	True
chr5	18664631	18664632	-	0.328358	mod_ratio	134	153	T	TGTTT	ok	True
chr5	18670222	18670223	+	0.403226	mod_ratio	62	86	A	AAACA	ok	True
chr5	18671139	18671140	+	0.350515	mod_ratio	97	122	A	AGACG	ok	False
chr5	18697664	18697665	+	0.497934	mod_ratio	484	556	A	AGACG	ok	False
chr5	18697727	18697728	+	0.338235	mod_ratio	476	563	A	AAACC	ok	True
chr5	18697841	18697842	+	0.2393	mod_ratio	514	573	A	AAACC	ok	True
chr5	18698581	18698582	+	0.885529	mod_ratio	463	574	A	AAACG	ok	False
chr5	18698824	18698825	+	0.157627	mod_ratio	590	618	A	GAACC	ok	True
chr5	18699063	18699064	+	0.659004	mod_ratio	522	643	A	GGACA	ok	True
chr5	18699256	18699257	+	0.690909	mod_ratio	605	652	A	AAACA	ok	True
chr5	18699394	18699395	+	0.399671	mod_ratio	608	699	A	GGACA	ok	True
chr5	18699575	18699576	+	0.702265	mod_ratio	618	678	A	AAACT	ok	True
chr5	18699578	18699579	+	0.333333	mod_ratio	84	735	A	CTACT	ok	False
chr5	18699815	18699816	+	0.330357	mod_ratio	112	817	A	AAACG	ok	False
chr5	18699825	18699826	+	0.818841	mod_ratio	690	803	A	AAACG	ok	False
chr5	18699990	18699991	+	0.174434	mod_ratio	751	845	A	GAACA	ok	True
chr5	18700055	18700056	+	0.115735	mod_ratio	769	856	A	AAACG	ok	False
chr5	18719345	18719346	-	0.818182	mod_ratio	33	35	T	CGTCT	ok	False
chr5	18755663	18755664	+	0.764706	mod_ratio	34	40	A	AGACC	ok	True
chr5	18755713	18755714	+	0.875	mod_ratio	40	44	A	AGACA	ok	True
chr5	18757134	18757135	+	0.648649	mod_ratio	37	50	A	AAACG	ok	False
chr5	18757750	18757751	+	0.589286	mod_ratio	56	61	A	GGACA	ok	True
chr5	18757893	18757894	+	0.638298	mod_ratio	47	59	A	GGACA	ok	True
chr5	18757900	18757901	+	0.607143	mod_ratio	56	61	A	GAACA	ok	True
chr5	18758038	18758039	+	0.52459	mod_ratio	61	65	A	AAACC	ok	True
chr5	18758116	18758117	+	0.44	mod_ratio	50	65	A	AAACT	ok	True
chr5	18758254	18758255	+	0.581395	mod_ratio	43	58	A	AAACT	ok	True
chr5	18774205	18774206	-	0.342105	mod_ratio	76	94	T	AGTTT	ok	True
chr5	18774444	18774445	-	0.459184	mod_ratio	98	116	T	GGTTT	ok	True
chr5	18774496	18774497	-	0.473684	mod_ratio	95	109	T	AGTTT	ok	True
chr5	18774617	18774618	-	0.979167	mod_ratio	96	112	T	CGTTT	ok	False
chr5	18775342	18775343	-	0.890411	mod_ratio	73	90	T	CGTTT	ok	False
chr5	18775706	18775707	-	0.517647	mod_ratio	85	89	T	AGTTT	ok	True
chr5	18776460	18776461	-	0.772727	mod_ratio	44	59	T	TGTTT	ok	True
chr5	18776467	18776468	-	0.684211	mod_ratio	57	63	T	CGTTT	ok	False
chr5	18830848	18830849	+	0.862069	mod_ratio	29	30	A	AGACA	ok	True
chr5	18832804	18832805	+	0.489796	mod_ratio	49	50	A	AAACT	ok	True
chr5	18833487	18833488	+	0.34413	mod_ratio	247	303	A	AGACC	ok	True
chr5	18834356	18834357	+	0.271429	mod_ratio	280	337	A	AGACG	ok	False
chr5	18834560	18834561	+	0.771739	mod_ratio	92	134	A	AGACA	ok	True
chr5	18834572	18834573	+	0.544118	mod_ratio	68	88	A	AGACC	ok	True
chr5	18897485	18897486	-	0.634146	mod_ratio	41	55	T	AGTTT	ok	True
chr5	18897605	18897606	-	0.684211	mod_ratio	57	61	T	TGTCT	ok	True
chr5	18897682	18897683	-	0.76	mod_ratio	50	58	T	TGTCC	ok	True
chr5	18897725	18897726	-	0.627907	mod_ratio	43	52	T	CGTTT	ok	False
chr5	18897769	18897770	-	0.641509	mod_ratio	53	57	T	GGTCT	ok	True
chr5	18922807	18922808	+	0.763158	mod_ratio	38	41	A	GGACA	ok	True
chr5	18970423	18970424	-	0.823529	mod_ratio	34	41	T	CGTTT	ok	False
chr5	18988777	18988778	-	0.155779	mod_ratio	199	242	T	GGTTT	ok	True
chr5	18988938	18988939	-	0.462366	mod_ratio	93	125	T	GGTTT	ok	True
chr5	18989045	18989046	-	0.336842	mod_ratio	190	238	T	TGTCC	ok	True
chr5	18989061	18989062	-	0.222222	mod_ratio	216	234	T	TGTCT	ok	True
chr5	18989648	18989649	-	0.784314	mod_ratio	153	168	T	TGTTT	ok	True
chr5	18989717	18989718	-	0.302013	mod_ratio	149	165	T	AGTTT	ok	True
chr5	19036491	19036492	-	0.237113	mod_ratio	97	106	T	CGTTC	ok	False
chr5	19036661	19036662	-	0.480769	mod_ratio	52	86	T	AGTTT	ok	True
chr5	19036685	19036686	-	0.397727	mod_ratio	88	98	T	GGTTT	ok	True
chr5	19040223	19040224	-	0.473684	mod_ratio	76	85	T	GGTTT	ok	True
chr5	19090391	19090392	+	0.315385	mod_ratio	130	146	A	AAACA	ok	True
chr5	19090469	19090470	+	0.21875	mod_ratio	128	143	A	GAACT	ok	True
chr5	19090531	19090532	+	0.645833	mod_ratio	144	153	A	GGACC	ok	True
chr5	19090562	19090563	+	0.503497	mod_ratio	143	155	A	AAACC	ok	True
chr5	19091721	19091722	+	0.471429	mod_ratio	140	167	A	GGACA	ok	True
chr5	19091769	19091770	+	0.431507	mod_ratio	146	168	A	AAACC	ok	True
chr5	19092077	19092078	+	0.375	mod_ratio	136	180	A	AAACT	ok	True
chr5	19092169	19092170	+	0.780952	mod_ratio	105	182	A	GGACT	ok	True
chr5	19092210	19092211	+	0.373984	mod_ratio	123	172	A	AAACC	ok	True
chr5	19092280	19092281	+	0.69697	mod_ratio	99	132	A	AAACT	ok	True
chr5	19093327	19093328	-	0.571429	mod_ratio	49	58	T	GGTCT	ok	True
chr5	19094572	19094573	-	0.904762	mod_ratio	42	44	T	GGTCT	ok	True
chr5	19095070	19095071	-	0.742857	mod_ratio	35	39	T	TGTCT	ok	True
chr5	19095448	19095449	-	0.862069	mod_ratio	29	36	T	CGTCT	ok	False
chr5	19134138	19134139	-	0.375	mod_ratio	248	284	T	AGTTC	ok	True
chr5	19134274	19134275	-	0.178423	mod_ratio	241	287	T	TGTTT	ok	True
chr5	19134291	19134292	-	0.207547	mod_ratio	265	288	T	AGTCT	ok	True
chr5	19134313	19134314	-	0.15528	mod_ratio	161	260	T	AGTTT	ok	True
chr5	19134317	19134318	-	0.829545	mod_ratio	264	289	T	TGTCT	ok	True
chr5	19134375	19134376	-	0.15	mod_ratio	160	186	T	TGTTT	ok	True
chr5	19134567	19134568	-	0.223176	mod_ratio	233	259	T	AGTTC	ok	True
chr5	19134880	19134881	-	0.822034	mod_ratio	118	135	T	AGTTT	ok	True
chr5	19134902	19134903	-	0.923445	mod_ratio	209	244	T	TGTTT	ok	True
chr5	19134916	19134917	-	0.598326	mod_ratio	239	249	T	AGTTC	ok	True
chr5	19134955	19134956	-	0.865	mod_ratio	200	223	T	CGTCT	ok	False
chr5	19134997	19134998	-	0.591837	mod_ratio	49	247	T	GTTTT	ok	False
chr5	19136062	19136063	+	0.438596	mod_ratio	57	70	A	AAACG	ok	False
chr5	19136067	19136068	+	0.446429	mod_ratio	56	72	A	AAACA	ok	True
chr5	19136180	19136181	+	0.757143	mod_ratio	70	79	A	AAACG	ok	False
chr5	19136686	19136687	+	0.333333	mod_ratio	75	79	A	GAACT	ok	True
chr5	19137040	19137041	+	0.363636	mod_ratio	77	80	A	GAACT	ok	True
chr5	19137389	19137390	+	0.567568	mod_ratio	74	88	A	AAACA	ok	True
chr5	19137770	19137771	+	0.522388	mod_ratio	67	82	A	AAACT	ok	True
chr5	19164324	19164325	-	0.195652	mod_ratio	138	333	T	AATCC	ok	False
chr5	19164423	19164424	-	0.152597	mod_ratio	308	346	T	GGTTT	ok	True
chr5	19164458	19164459	-	0.470852	mod_ratio	223	335	T	AGTTT	ok	True
chr5	19164462	19164463	-	0.119816	mod_ratio	217	346	T	TGTCC	ok	True
chr5	19164479	19164480	-	0.188235	mod_ratio	255	348	T	AGTCT	ok	True
chr5	19165212	19165213	-	0.706107	mod_ratio	262	340	T	TGTCT	ok	True
chr5	19165251	19165252	-	0.243137	mod_ratio	255	314	T	CGTTT	ok	False
chr5	19165360	19165361	-	0.413559	mod_ratio	295	315	T	AGTTT	ok	True
chr5	19165402	19165403	-	0.245614	mod_ratio	285	328	T	GGTCT	ok	True
chr5	19165410	19165411	-	0.298851	mod_ratio	261	306	T	AGTCT	ok	True
chr5	19165657	19165658	-	0.203636	mod_ratio	275	307	T	GGTTT	ok	True
chr5	19165707	19165708	-	0.570896	mod_ratio	268	296	T	AGTTT	ok	True
chr5	19165737	19165738	-	0.422794	mod_ratio	272	302	T	AGTTT	ok	True
chr5	19165852	19165853	-	0.14	mod_ratio	250	279	T	AGTCT	ok	True
chr5	19167914	19167915	+	0.278261	mod_ratio	115	127	A	GGACG	ok	False
chr5	19167930	19167931	+	0.245455	mod_ratio	110	127	A	AAACT	ok	True
chr5	19168040	19168041	+	0.752294	mod_ratio	109	124	A	GGACA	ok	True
chr5	19168066	19168067	+	0.618182	mod_ratio	110	126	A	GGACA	ok	True
chr5	19168239	19168240	+	0.210084	mod_ratio	119	126	A	AAACA	ok	True
chr5	19168342	19168343	+	0.827957	mod_ratio	93	130	A	AGACA	ok	True
chr5	19168544	19168545	+	0.724138	mod_ratio	116	137	A	AGACA	ok	True
chr5	19168786	19168787	+	0.509259	mod_ratio	108	130	A	AGACT	ok	True
chr5	19168881	19168882	+	0.71134	mod_ratio	97	127	A	AAACC	ok	True
chr5	19169109	19169110	-	0.433333	mod_ratio	240	257	T	AGTTT	ok	True
chr5	19169215	19169216	-	0.113565	mod_ratio	317	332	T	GGTCT	ok	True
chr5	19169515	19169516	-	0.638298	mod_ratio	94	114	T	CGTTT	ok	False
chr5	19169948	19169949	-	0.255725	mod_ratio	262	281	T	GGTTT	ok	True
chr5	19170006	19170007	-	0.299065	mod_ratio	214	256	T	GGTTC	ok	True
chr5	19170154	19170155	-	0.939394	mod_ratio	198	217	T	CGTTT	ok	False
chr5	19170272	19170273	-	0.542857	mod_ratio	175	221	T	TGTCC	ok	True
chr5	19170306	19170307	-	0.350962	mod_ratio	208	219	T	CGTTC	ok	False
chr5	19170351	19170352	-	0.360656	mod_ratio	183	215	T	GGTCC	ok	True
chr5	19170484	19170485	-	0.1875	mod_ratio	176	204	T	TGTCC	ok	True
chr5	19171018	19171019	-	0.240506	mod_ratio	158	181	T	AGTCT	ok	True
chr5	19171074	19171075	-	0.448718	mod_ratio	156	176	T	GGTTT	ok	True
chr5	19171161	19171162	-	0.333333	mod_ratio	144	163	T	TGTTT	ok	True
chr5	19171167	19171168	-	0.656489	mod_ratio	131	157	T	TGTTT	ok	True
chr5	19202524	19202525	+	0.894737	mod_ratio	38	50	A	AAACA	ok	True
chr5	19202567	19202568	+	0.833333	mod_ratio	42	50	A	AAACA	ok	True
chr5	19202591	19202592	+	0.860465	mod_ratio	43	51	A	GGACA	ok	True
chr5	19205007	19205008	+	0.755102	mod_ratio	49	54	A	AAACG	ok	False
chr5	19241942	19241943	+	0.561404	mod_ratio	57	64	A	AAACT	ok	True
chr5	19242229	19242230	+	0.52459	mod_ratio	61	65	A	AAACT	ok	True
chr5	19242318	19242319	+	0.45283	mod_ratio	53	67	A	AAACA	ok	True
chr5	19242436	19242437	+	0.474576	mod_ratio	59	70	A	GGACG	ok	False
chr5	19242984	19242985	+	0.457627	mod_ratio	59	79	A	AAACA	ok	True
chr5	19243103	19243104	+	0.592105	mod_ratio	76	80	A	AAACT	ok	True
chr5	19243299	19243300	+	0.680556	mod_ratio	72	81	A	AGACA	ok	True
chr5	19243409	19243410	+	0.508475	mod_ratio	59	77	A	AGACT	ok	True
chr5	19248528	19248529	-	0.394366	mod_ratio	71	80	T	GGTTT	ok	True
chr5	19248601	19248602	-	0.566667	mod_ratio	60	80	T	GGTCC	ok	True
chr5	19248652	19248653	-	0.507246	mod_ratio	69	79	T	GGTCC	ok	True
chr5	19249311	19249312	-	0.809524	mod_ratio	63	73	T	GGTCC	ok	True
chr5	19249334	19249335	-	0.538462	mod_ratio	52	70	T	AGTTT	ok	True
chr5	19271598	19271599	-	0.965517	mod_ratio	29	33	T	TGTCC	ok	True
chr5	19283951	19283952	-	0.875	mod_ratio	32	38	T	CGTCT	ok	False
chr5	19286521	19286522	-	0.6	mod_ratio	85	98	T	TGTCT	ok	True
chr5	19286528	19286529	-	0.352273	mod_ratio	88	99	T	TGTTT	ok	True
chr5	19286555	19286556	-	0.244681	mod_ratio	94	106	T	TGTTT	ok	True
chr5	19286662	19286663	-	0.597826	mod_ratio	92	109	T	TGTCC	ok	True
chr5	19286771	19286772	-	0.301075	mod_ratio	93	110	T	CGTCT	ok	False
chr5	19286848	19286849	-	0.58427	mod_ratio	89	105	T	GGTCC	ok	True
chr5	19287873	19287874	-	0.271676	mod_ratio	173	193	T	GGTCT	ok	True
chr5	19288045	19288046	-	0.305882	mod_ratio	170	183	T	GGTTC	ok	True
chr5	19288072	19288073	-	0.680272	mod_ratio	147	186	T	TGTCT	ok	True
chr5	19288260	19288261	-	0.503067	mod_ratio	163	171	T	TGTTT	ok	True
chr5	19288330	19288331	-	0.5625	mod_ratio	96	165	T	CGTTT	ok	False
chr5	19288428	19288429	-	0.472603	mod_ratio	146	154	T	TGTTC	ok	True
chr5	19288439	19288440	-	0.426573	mod_ratio	143	156	T	AGTTT	ok	True
chr5	19288452	19288453	-	0.358108	mod_ratio	148	156	T	TGTTC	ok	True
chr5	19288531	19288532	-	0.258333	mod_ratio	120	150	T	GGTTC	ok	True
chr5	19288721	19288722	-	0.443478	mod_ratio	115	134	T	TGTCC	ok	True
chr5	19288885	19288886	-	0.491935	mod_ratio	124	130	T	TGTTC	ok	True
chr5	19289121	19289122	-	0.923077	mod_ratio	104	117	T	CGTTT	ok	False
chr5	19289933	19289934	-	0.330189	mod_ratio	106	123	T	TGTTC	ok	True
chr5	19290142	19290143	-	0.846154	mod_ratio	78	119	T	CGTTT	ok	False
chr5	19290232	19290233	-	0.669811	mod_ratio	106	117	T	TGTCC	ok	True
chr5	19290245	19290246	-	0.775281	mod_ratio	89	116	T	TGTCC	ok	True
chr5	19290260	19290261	-	0.61165	mod_ratio	103	113	T	CGTTC	ok	False
chr5	19290351	19290352	-	0.275862	mod_ratio	87	105	T	TGTTT	ok	True
chr5	19292750	19292751	-	0.278481	mod_ratio	79	254	T	AGTCT	ok	True
chr5	19292769	19292770	-	0.5	mod_ratio	94	237	T	TGTCT	ok	True
chr5	19292777	19292778	-	0.235294	mod_ratio	221	283	T	AGTTC	ok	True
chr5	19292838	19292839	-	0.37931	mod_ratio	203	243	T	TGTTT	ok	True
chr5	19292839	19292840	-	0.6	mod_ratio	45	291	T	GTTTT	ok	False
chr5	19292865	19292866	-	0.303846	mod_ratio	260	292	T	GGTCT	ok	True
chr5	19294209	19294210	-	0.460377	mod_ratio	265	291	T	CGTTC	ok	False
chr5	19294416	19294417	-	0.227799	mod_ratio	259	285	T	AGTCC	ok	True
chr5	19294424	19294425	-	0.349776	mod_ratio	223	284	T	TGTCC	ok	True
chr5	19302663	19302664	-	0.97619	mod_ratio	42	47	T	CGTTT	ok	False
chr5	19302716	19302717	-	0.658537	mod_ratio	41	46	T	GGTCC	ok	True
chr5	19303124	19303125	-	0.714286	mod_ratio	35	42	T	CGTCC	ok	False
chr5	19303259	19303260	-	0.694444	mod_ratio	36	39	T	GGTTT	ok	True
chr5	19309450	19309451	+	0.690141	mod_ratio	71	86	A	AAACG	ok	False
chr5	19309498	19309499	+	0.607595	mod_ratio	79	86	A	AGACA	ok	True
chr5	19309974	19309975	+	0.45	mod_ratio	80	103	A	GGACA	ok	True
chr5	19310089	19310090	+	0.229167	mod_ratio	96	103	A	GAACG	ok	False
chr5	19327910	19327911	-	0.28266	mod_ratio	421	553	T	GGTTC	ok	True
chr5	19327932	19327933	-	0.17381	mod_ratio	420	490	T	AGTTC	ok	True
chr5	19327982	19327983	-	0.330377	mod_ratio	451	536	T	AGTCT	ok	True
chr5	19328066	19328067	-	0.311567	mod_ratio	536	601	T	GGTTC	ok	True
chr5	19328070	19328071	-	0.539855	mod_ratio	552	612	T	CGTCC	ok	False
chr5	19328266	19328267	-	0.162214	mod_ratio	524	594	T	CGTTC	ok	False
chr5	19328292	19328293	-	0.339518	mod_ratio	539	594	T	CGTTT	ok	False
chr5	19331004	19331005	+	0.75	mod_ratio	36	42	A	AGACA	ok	True
chr5	19345764	19345765	+	0.423729	mod_ratio	59	66	A	AAACT	ok	True
chr5	19346515	19346516	+	0.688525	mod_ratio	61	77	A	AAACG	ok	False
chr5	19346865	19346866	+	0.441176	mod_ratio	68	82	A	AGACG	ok	False
chr5	19347156	19347157	+	0.294872	mod_ratio	78	88	A	GAACG	ok	False
chr5	19347530	19347531	+	0.521127	mod_ratio	71	94	A	AAACC	ok	True
chr5	19349302	19349303	+	0.846154	mod_ratio	26	30	A	AGACC	ok	True
chr5	19350417	19350418	+	0.6	mod_ratio	40	42	A	AAACC	ok	True
chr5	19377631	19377632	+	0.530973	mod_ratio	113	126	A	AGACT	ok	True
chr5	19378074	19378075	+	0.546218	mod_ratio	119	137	A	AAACC	ok	True
chr5	19378178	19378179	+	0.781609	mod_ratio	87	132	A	GGACC	ok	True
chr5	19378270	19378271	+	0.814815	mod_ratio	54	111	A	AGACA	ok	True
chr5	19382226	19382227	+	0.757576	mod_ratio	33	34	A	AAACC	ok	True
chr5	19383528	19383529	+	0.851852	mod_ratio	27	37	A	GAACA	ok	True
chr5	19384303	19384304	+	0.805556	mod_ratio	36	42	A	AGACC	ok	True
chr5	19384408	19384409	-	0.423729	mod_ratio	59	103	T	AGTTT	ok	True
chr5	19384667	19384668	-	0.493151	mod_ratio	73	78	T	TGTCC	ok	True
chr5	19386280	19386281	-	0.928571	mod_ratio	28	35	T	TGTCT	ok	True
chr5	19388989	19388990	+	0.506667	mod_ratio	150	163	A	GAACG	ok	False
chr5	19390457	19390458	+	0.729167	mod_ratio	48	164	A	AAACC	ok	True
chr5	19390560	19390561	+	0.341176	mod_ratio	85	112	A	GAACT	ok	True
chr5	19390572	19390573	+	0.802632	mod_ratio	76	112	A	AAACC	ok	True
chr5	19406273	19406274	-	0.717949	mod_ratio	351	461	T	TGTTT	ok	True
chr5	19406274	19406275	-	0.530387	mod_ratio	181	614	T	GTTTC	ok	False
chr5	19406289	19406290	-	0.177358	mod_ratio	530	608	T	AGTTC	ok	True
chr5	19406314	19406315	-	0.80117	mod_ratio	171	223	T	AGTTT	ok	True
chr5	19406315	19406316	-	0.639205	mod_ratio	352	601	T	GTTTT	ok	False
chr5	19406490	19406491	-	0.919075	mod_ratio	519	642	T	TGTCT	ok	True
chr5	19406498	19406499	-	0.328767	mod_ratio	73	640	T	AGTTT	ok	True
chr5	19406517	19406518	-	0.467433	mod_ratio	522	623	T	AGTTT	ok	True
chr5	19407225	19407226	-	0.966368	mod_ratio	446	491	T	CGTTT	ok	False
chr5	19407226	19407227	-	0.95098	mod_ratio	102	604	T	GTTTT	ok	False
chr5	19464580	19464581	-	0.88	mod_ratio	25	27	T	CGTTT	ok	False
chr5	19466225	19466226	-	0.676471	mod_ratio	34	42	T	TGTCT	ok	True
chr5	19467889	19467890	-	0.828571	mod_ratio	35	36	T	CGTTT	ok	False
chr5	19468092	19468093	-	0.96875	mod_ratio	32	37	T	CGTTT	ok	False
chr5	19469014	19469015	-	0.9	mod_ratio	30	32	T	CGTCT	ok	False
chr5	19522581	19522582	-	0.774194	mod_ratio	31	37	T	TGTCT	ok	True
chr5	19541160	19541161	-	0.333333	mod_ratio	138	178	T	AGTTT	ok	True
chr5	19541828	19541829	-	0.27193	mod_ratio	114	141	T	CGTCC	ok	False
chr5	19541944	19541945	-	0.661017	mod_ratio	118	134	T	GGTCT	ok	True
chr5	19551613	19551614	+	0.866667	mod_ratio	45	47	A	AAACA	ok	True
chr5	19552707	19552708	-	0.446154	mod_ratio	65	77	T	TGTCC	ok	True
chr5	19553809	19553810	-	0.839286	mod_ratio	56	64	T	CGTCC	ok	False
chr5	19570562	19570563	+	0.5	mod_ratio	90	96	A	AAACT	ok	True
chr5	19570724	19570725	+	0.336957	mod_ratio	92	98	A	GAACT	ok	True
chr5	19571151	19571152	+	0.595506	mod_ratio	89	110	A	GGACG	ok	False
chr5	19571200	19571201	+	0.663366	mod_ratio	101	110	A	GGACG	ok	False
chr5	19571224	19571225	+	0.39726	mod_ratio	73	109	A	AAACC	ok	True
chr5	19571507	19571508	+	0.380435	mod_ratio	92	110	A	GGACT	ok	True
chr5	19571759	19571760	+	0.735043	mod_ratio	117	129	A	AAACC	ok	True
chr5	19572070	19572071	+	0.434426	mod_ratio	122	144	A	GGACT	ok	True
chr5	19572227	19572228	+	0.353846	mod_ratio	130	146	A	AGACT	ok	True
chr5	19572321	19572322	+	0.70339	mod_ratio	118	155	A	AAACG	ok	False
chr5	19572447	19572448	+	0.276596	mod_ratio	141	154	A	AAACA	ok	True
chr5	19588135	19588136	+	0.972973	mod_ratio	37	44	A	AAACG	ok	False
chr5	19589131	19589132	+	0.785714	mod_ratio	42	47	A	GGACA	ok	True
chr5	19589558	19589559	+	0.945946	mod_ratio	37	49	A	AAACG	ok	False
chr5	19646312	19646313	-	0.258427	mod_ratio	89	95	T	AGTCT	ok	True
chr5	19646349	19646350	-	0.987952	mod_ratio	83	91	T	TGTTT	ok	True
chr5	19646370	19646371	-	0.448276	mod_ratio	87	93	T	AGTTC	ok	True
chr5	19648022	19648023	-	0.5	mod_ratio	52	78	T	AGTTT	ok	True
chr5	19648023	19648024	-	0.27027	mod_ratio	111	193	T	GTTTT	ok	False
chr5	19648057	19648058	-	0.52381	mod_ratio	189	235	T	TGTTT	ok	True
chr5	19676369	19676370	+	0.853659	mod_ratio	41	48	A	AAACG	ok	False
chr5	19677584	19677585	+	0.634146	mod_ratio	41	51	A	GGACA	ok	True
chr5	19677962	19677963	+	0.44	mod_ratio	50	58	A	AAACC	ok	True
chr5	19696097	19696098	-	0.444444	mod_ratio	63	79	T	GGTTT	ok	True
chr5	19696221	19696222	-	0.675676	mod_ratio	37	46	T	GGTTT	ok	True
chr5	19696415	19696416	-	0.366667	mod_ratio	60	83	T	AGTTT	ok	True
chr5	19696639	19696640	-	0.356164	mod_ratio	73	83	T	AGTTC	ok	True
chr5	19698741	19698742	+	0.681818	mod_ratio	44	49	A	AAACA	ok	True
chr5	19699434	19699435	+	0.431373	mod_ratio	51	54	A	AGACA	ok	True
chr5	19699691	19699692	+	0.767442	mod_ratio	43	53	A	GGACA	ok	True
chr5	19771392	19771393	-	0.414894	mod_ratio	94	120	T	AGTTT	ok	True
chr5	19771940	19771941	-	0.315315	mod_ratio	111	127	T	GGTTC	ok	True
chr5	19772201	19772202	-	0.438776	mod_ratio	98	126	T	CGTCT	ok	False
chr5	19772476	19772477	-	0.362832	mod_ratio	113	119	T	GGTTT	ok	True
chr5	19779993	19779994	-	0.433333	mod_ratio	60	62	T	AGTTT	ok	True
chr5	19780303	19780304	-	0.627907	mod_ratio	43	60	T	AGTTT	ok	True
chr5	19781639	19781640	-	0.682927	mod_ratio	41	53	T	TGTCT	ok	True
chr5	19789133	19789134	-	0.557971	mod_ratio	138	228	T	GGTCT	ok	True
chr5	19789168	19789169	-	0.74026	mod_ratio	154	234	T	TGTCT	ok	True
chr5	19789199	19789200	-	0.735294	mod_ratio	170	217	T	AGTTT	ok	True
chr5	19789268	19789269	-	0.668103	mod_ratio	232	274	T	GGTCT	ok	True
chr5	19789482	19789483	-	0.673171	mod_ratio	205	259	T	TGTCC	ok	True
chr5	19805611	19805612	-	0.597015	mod_ratio	67	72	T	TGTTC	ok	True
chr5	19805626	19805627	-	0.507463	mod_ratio	67	73	T	AGTCT	ok	True
chr5	19805684	19805685	-	0.686567	mod_ratio	67	75	T	CGTCT	ok	False
chr5	19807567	19807568	-	0.744681	mod_ratio	47	54	T	TGTTT	ok	True
chr5	19813377	19813378	+	0.607143	mod_ratio	56	74	A	AAACC	ok	True
chr5	19815208	19815209	-	0.37931	mod_ratio	58	68	T	GGTTC	ok	True
chr5	19815499	19815500	-	0.833333	mod_ratio	54	62	T	TGTTT	ok	True
chr5	19815751	19815752	-	0.641509	mod_ratio	53	58	T	CGTTT	ok	False
chr5	19827771	19827772	+	0.846154	mod_ratio	26	28	A	AAACG	ok	False
chr5	19828763	19828764	+	0.909091	mod_ratio	33	34	A	AAACG	ok	False
chr5	19836535	19836536	-	0.18593	mod_ratio	199	231	T	AGTCC	ok	True
chr5	19836683	19836684	-	0.661972	mod_ratio	213	239	T	AGTTT	ok	True
chr5	19836692	19836693	-	0.22807	mod_ratio	228	252	T	TGTTC	ok	True
chr5	19836785	19836786	-	0.37788	mod_ratio	217	244	T	GGTCC	ok	True
chr5	19836983	19836984	-	0.720812	mod_ratio	197	224	T	TGTCC	ok	True
chr5	19837091	19837092	-	0.243655	mod_ratio	197	218	T	AGTCT	ok	True
chr5	19837121	19837122	-	0.362637	mod_ratio	182	204	T	AGTTT	ok	True
chr5	19837137	19837138	-	0.930693	mod_ratio	202	212	T	CGTTT	ok	False
chr5	19837257	19837258	-	0.359477	mod_ratio	153	200	T	GGTCT	ok	True
chr5	19837380	19837381	-	0.620112	mod_ratio	179	193	T	GGTCC	ok	True
chr5	19837399	19837400	-	0.287356	mod_ratio	174	184	T	TGTTC	ok	True
chr5	19837963	19837964	-	0.230263	mod_ratio	152	161	T	GGTCT	ok	True
chr5	19838043	19838044	-	0.211268	mod_ratio	142	157	T	TGTCT	ok	True
chr5	19951464	19951465	+	0.578947	mod_ratio	38	50	A	AAACC	ok	True
chr5	20011922	20011923	-	0.813333	mod_ratio	75	88	T	AGTTT	ok	True
chr5	20011988	20011989	-	0.530612	mod_ratio	98	128	T	GGTCC	ok	True
chr5	20012042	20012043	-	0.236641	mod_ratio	131	165	T	GGTTC	ok	True
chr5	20012162	20012163	-	0.447059	mod_ratio	85	106	T	GGTTT	ok	True
chr5	20012174	20012175	-	0.802721	mod_ratio	147	192	T	CGTCC	ok	False
chr5	20012208	20012209	-	0.684932	mod_ratio	146	182	T	TGTTT	ok	True
chr5	20012319	20012320	-	0.627737	mod_ratio	137	155	T	TGTTT	ok	True
chr5	20012429	20012430	-	0.225	mod_ratio	160	175	T	TGTTC	ok	True
chr5	20012449	20012450	-	0.22293	mod_ratio	157	173	T	TGTTT	ok	True
chr5	20013428	20013429	-	0.606742	mod_ratio	89	94	T	TGTTT	ok	True
chr5	20015553	20015554	-	0.465753	mod_ratio	73	75	T	AGTTT	ok	True
chr5	20016242	20016243	-	0.540984	mod_ratio	61	69	T	CGTCC	ok	False
chr5	20049265	20049266	-	0.589744	mod_ratio	39	49	T	CGTCT	ok	False
chr5	20049310	20049311	-	0.595745	mod_ratio	47	51	T	CGTCC	ok	False
chr5	20052576	20052577	+	0.709677	mod_ratio	31	31	A	AGACA	ok	True
chr5	20055234	20055235	+	1	mod_ratio	23	27	A	AAACG	ok	False
chr5	20057178	20057179	+	0.944444	mod_ratio	36	38	A	AAACG	ok	False
chr5	20057744	20057745	+	0.9	mod_ratio	40	46	A	GGACA	ok	True
chr5	20058010	20058011	+	0.511111	mod_ratio	45	53	A	GGACC	ok	True
chr5	20058041	20058042	+	0.479167	mod_ratio	48	54	A	AAACA	ok	True
chr5	20070795	20070796	+	0.391304	mod_ratio	69	85	A	AAACT	ok	True
chr5	20070973	20070974	+	0.535354	mod_ratio	99	124	A	AGACG	ok	False
chr5	20070985	20070986	+	0.442478	mod_ratio	113	125	A	GAACG	ok	False
chr5	20071057	20071058	+	0.235294	mod_ratio	119	138	A	AAACG	ok	False
chr5	20071247	20071248	+	0.683824	mod_ratio	136	151	A	AAACG	ok	False
chr5	20071440	20071441	+	0.426966	mod_ratio	89	128	A	GAACA	ok	True
chr5	20082490	20082491	+	0.777778	mod_ratio	72	82	A	AAACG	ok	False
chr5	20082512	20082513	+	0.697674	mod_ratio	43	60	A	GGACA	ok	True
chr5	20082601	20082602	+	0.58	mod_ratio	50	70	A	GAACA	ok	True
chr5	20104632	20104633	-	0.511628	mod_ratio	43	53	T	AGTTT	ok	True
chr5	20104726	20104727	-	0.9	mod_ratio	50	53	T	AGTTT	ok	True
chr5	20104771	20104772	-	0.789474	mod_ratio	57	60	T	CGTTT	ok	False
chr5	20197452	20197453	-	0.45679	mod_ratio	81	119	T	AGTTT	ok	True
chr5	20197462	20197463	-	0.230769	mod_ratio	117	126	T	AGTTC	ok	True
chr5	20197474	20197475	-	0.546512	mod_ratio	86	97	T	TGTTT	ok	True
chr5	20197492	20197493	-	0.422018	mod_ratio	109	130	T	AGTTT	ok	True
chr5	20197613	20197614	-	0.45	mod_ratio	100	132	T	TGTTT	ok	True
chr5	20197649	20197650	-	0.666667	mod_ratio	117	142	T	AGTTT	ok	True
chr5	20197670	20197671	-	0.405941	mod_ratio	101	135	T	TGTTT	ok	True
chr5	20197690	20197691	-	0.957627	mod_ratio	118	143	T	GGTCT	ok	True
chr5	20197920	20197921	-	0.277228	mod_ratio	101	133	T	GGTTC	ok	True
chr5	20198002	20198003	-	0.324561	mod_ratio	114	127	T	TGTTT	ok	True
chr5	20198013	20198014	-	0.358974	mod_ratio	117	128	T	GGTTT	ok	True
chr5	20198149	20198150	-	0.567568	mod_ratio	74	96	T	GGTTT	ok	True
chr5	20198673	20198674	-	0.564706	mod_ratio	85	101	T	GGTCT	ok	True
chr5	20198688	20198689	-	0.358696	mod_ratio	92	100	T	GGTCC	ok	True
chr5	20198890	20198891	-	0.4	mod_ratio	90	98	T	TGTCC	ok	True
chr5	20199098	20199099	-	0.409639	mod_ratio	83	91	T	CGTCC	ok	False
chr5	20199645	20199646	-	0.666667	mod_ratio	63	73	T	TGTTT	ok	True
chr5	20200041	20200042	-	0.745098	mod_ratio	51	62	T	CGTCT	ok	False
chr5	20200082	20200083	-	0.724138	mod_ratio	58	62	T	CGTTT	ok	False
chr5	20200127	20200128	-	0.553571	mod_ratio	56	58	T	TGTTT	ok	True
chr5	20201446	20201447	-	0.835294	mod_ratio	85	99	T	CGTCT	ok	False
chr5	20201739	20201740	-	0.43038	mod_ratio	79	95	T	GGTCT	ok	True
chr5	20201825	20201826	-	0.471264	mod_ratio	87	91	T	GGTTT	ok	True
chr5	20202013	20202014	-	0.597403	mod_ratio	77	85	T	TGTCC	ok	True
chr5	20202307	20202308	-	0.483333	mod_ratio	60	73	T	AGTTT	ok	True
chr5	20202368	20202369	-	0.78125	mod_ratio	64	73	T	CGTCT	ok	False
chr5	20205640	20205641	-	0.878049	mod_ratio	82	93	T	CGTCT	ok	False
chr5	20205933	20205934	-	0.5375	mod_ratio	80	91	T	GGTCT	ok	True
chr5	20206019	20206020	-	0.341463	mod_ratio	82	86	T	GGTTT	ok	True
chr5	20206500	20206501	-	0.467742	mod_ratio	62	68	T	AGTTT	ok	True
chr5	20206561	20206562	-	0.862745	mod_ratio	51	59	T	CGTCT	ok	False
chr5	20207255	20207256	-	0.543478	mod_ratio	46	60	T	GGTCT	ok	True
chr5	20245927	20245928	+	0.74359	mod_ratio	39	41	A	AAACA	ok	True
chr5	20246047	20246048	+	0.918919	mod_ratio	37	44	A	AAACG	ok	False
chr5	20303548	20303549	+	0.295238	mod_ratio	105	129	A	AAACC	ok	True
chr5	20303562	20303563	+	0.185484	mod_ratio	124	134	A	AAACC	ok	True
chr5	20303645	20303646	+	0.508333	mod_ratio	120	139	A	GGACG	ok	False
chr5	20303653	20303654	+	0.245902	mod_ratio	122	132	A	AAACA	ok	True
chr5	20303861	20303862	+	0.811594	mod_ratio	138	150	A	AAACG	ok	False
chr5	20304227	20304228	+	0.181818	mod_ratio	143	165	A	GGACG	ok	False
chr5	20304335	20304336	+	0.378205	mod_ratio	156	167	A	AAACT	ok	True
chr5	20304785	20304786	+	0.801242	mod_ratio	161	187	A	AGACA	ok	True
chr5	20304789	20304790	+	0.141176	mod_ratio	170	186	A	AAACA	ok	True
chr5	20304922	20304923	+	0.3875	mod_ratio	160	187	A	AAACC	ok	True
chr5	20305225	20305226	+	0.198925	mod_ratio	186	200	A	GAACC	ok	True
chr5	20305498	20305499	+	0.441026	mod_ratio	195	209	A	AAACA	ok	True
chr5	20305550	20305551	+	0.157895	mod_ratio	171	223	A	GGACA	ok	True
chr5	20305723	20305724	+	0.772727	mod_ratio	220	245	A	GGACA	ok	True
chr5	20305747	20305748	+	0.14978	mod_ratio	227	247	A	GGACA	ok	True
chr5	20305960	20305961	+	0.177489	mod_ratio	231	273	A	GAACC	ok	True
chr5	20305986	20305987	+	0.885496	mod_ratio	262	277	A	AGACA	ok	True
chr5	20306248	20306249	+	0.761905	mod_ratio	42	290	A	AGACA	ok	True
chr5	20306284	20306285	+	0.295019	mod_ratio	261	294	A	AGACA	ok	True
chr5	20306410	20306411	+	0.447761	mod_ratio	67	170	A	AAACA	ok	True
chr5	20315502	20315503	+	0.426667	mod_ratio	75	88	A	GGACG	ok	False
chr5	20315521	20315522	+	0.376623	mod_ratio	77	89	A	AGACC	ok	True
chr5	20316919	20316920	+	0.25	mod_ratio	96	107	A	GAACT	ok	True
chr5	20317182	20317183	+	0.3	mod_ratio	90	110	A	AAACT	ok	True
chr5	20317230	20317231	+	0.236559	mod_ratio	93	105	A	AAACA	ok	True
chr5	20329470	20329471	+	0.651163	mod_ratio	43	45	A	AGACC	ok	True
chr5	20330033	20330034	+	0.710526	mod_ratio	38	46	A	AAACG	ok	False
chr5	20330943	20330944	+	0.488889	mod_ratio	45	52	A	AAACT	ok	True
chr5	20332605	20332606	+	0.655172	mod_ratio	58	64	A	AAACC	ok	True
chr5	20332632	20332633	+	0.54902	mod_ratio	51	64	A	GGACA	ok	True
chr5	20332853	20332854	+	0.509091	mod_ratio	55	66	A	AGACG	ok	False
chr5	20332956	20332957	+	0.625	mod_ratio	40	60	A	AAACC	ok	True
chr5	20343035	20343036	-	0.933333	mod_ratio	30	33	T	GGTCT	ok	True
chr5	20343558	20343559	-	0.88	mod_ratio	25	31	T	TGTCT	ok	True
chr5	20344974	20344975	-	0.92	mod_ratio	25	28	T	CGTCT	ok	False
chr5	20371892	20371893	+	0.675676	mod_ratio	37	68	A	GGACA	ok	True
chr5	20371973	20371974	+	0.55814	mod_ratio	86	94	A	AAACC	ok	True
chr5	20372248	20372249	+	0.655172	mod_ratio	87	99	A	AAACT	ok	True
chr5	20372417	20372418	+	0.309859	mod_ratio	71	100	A	AAACA	ok	True
chr5	20372424	20372425	+	0.663265	mod_ratio	98	100	A	GAACT	ok	True
chr5	20372493	20372494	+	0.655556	mod_ratio	90	102	A	AAACA	ok	True
chr5	20372773	20372774	+	0.247423	mod_ratio	97	107	A	GAACC	ok	True
chr5	20373211	20373212	+	0.321839	mod_ratio	87	112	A	AAACC	ok	True
chr5	20452591	20452592	-	0.844828	mod_ratio	58	71	T	GGTTT	ok	True
chr5	20452960	20452961	-	0.478261	mod_ratio	69	72	T	CGTTC	ok	False
chr5	20453041	20453042	-	0.727273	mod_ratio	66	69	T	CGTTC	ok	False
chr5	20551561	20551562	-	0.727273	mod_ratio	66	202	T	GATCC	ok	False
chr5	20552471	20552472	-	0.245614	mod_ratio	171	190	T	AGTCT	ok	True
chr5	20552504	20552505	-	0.75	mod_ratio	172	196	T	CGTCC	ok	False
chr5	20645270	20645271	+	0.771429	mod_ratio	35	35	A	AAACG	ok	False
chr5	20675892	20675893	-	0.626506	mod_ratio	83	99	T	CGTTT	ok	False
chr5	20675998	20675999	-	0.416667	mod_ratio	84	106	T	TGTCC	ok	True
chr5	20691297	20691298	+	0.692308	mod_ratio	104	124	A	GGACA	ok	True
chr5	20692138	20692139	+	0.333333	mod_ratio	120	131	A	GAACG	ok	False
chr5	20692152	20692153	+	0.603175	mod_ratio	126	130	A	GGACG	ok	False
chr5	20693079	20693080	+	0.671053	mod_ratio	76	99	A	AAACC	ok	True
chr5	20693082	20693083	+	0.75	mod_ratio	32	138	A	CCACC	ok	False
chr5	20699524	20699525	-	0.75	mod_ratio	56	56	T	AGTTT	ok	True
chr5	20699864	20699865	-	0.425926	mod_ratio	54	64	T	AGTCC	ok	True
chr5	20715524	20715525	-	0.451128	mod_ratio	133	216	T	AGTCC	ok	True
chr5	20715901	20715902	-	0.31457	mod_ratio	302	351	T	GGTCT	ok	True
chr5	20716054	20716055	-	0.908333	mod_ratio	240	295	T	TGTCT	ok	True
chr5	20716073	20716074	-	0.791111	mod_ratio	225	280	T	CGTCT	ok	False
chr5	20716082	20716083	-	0.806723	mod_ratio	238	258	T	TGTTT	ok	True
chr5	20716096	20716097	-	0.300885	mod_ratio	226	271	T	GGTCT	ok	True
chr5	20716108	20716109	-	0.3379	mod_ratio	219	256	T	TGTTT	ok	True
chr5	20716169	20716170	-	0.363229	mod_ratio	223	240	T	AGTCT	ok	True
chr5	20716223	20716224	-	0.735849	mod_ratio	212	227	T	CGTTT	ok	False
chr5	20716247	20716248	-	0.188976	mod_ratio	127	160	T	TGTTT	ok	True
chr5	20716277	20716278	-	0.107843	mod_ratio	204	225	T	TGTCT	ok	True
chr5	20716378	20716379	-	0.772152	mod_ratio	158	213	T	CGTCT	ok	False
chr5	20716444	20716445	-	0.49711	mod_ratio	173	194	T	AGTTT	ok	True
chr5	20716609	20716610	-	0.239521	mod_ratio	167	192	T	AGTCC	ok	True
chr5	20716658	20716659	-	0.845714	mod_ratio	175	188	T	CGTCT	ok	False
chr5	20716675	20716676	-	0.39011	mod_ratio	182	188	T	CGTTT	ok	False
chr5	20716686	20716687	-	0.473988	mod_ratio	173	188	T	GGTTT	ok	True
chr5	20716775	20716776	-	0.512048	mod_ratio	166	178	T	TGTCT	ok	True
chr5	20716809	20716810	-	0.89726	mod_ratio	146	171	T	GGTCT	ok	True
chr5	20716896	20716897	-	0.682119	mod_ratio	151	163	T	TGTCC	ok	True
chr5	20717433	20717434	-	0.295918	mod_ratio	98	128	T	AGTTT	ok	True
chr5	20717449	20717450	-	0.260163	mod_ratio	123	129	T	GGTTC	ok	True
chr5	20717666	20717667	-	0.522727	mod_ratio	88	99	T	GGTTT	ok	True
chr5	20717762	20717763	-	0.982759	mod_ratio	116	122	T	TGTCT	ok	True
chr5	20717818	20717819	-	0.429825	mod_ratio	114	121	T	TGTTC	ok	True
chr5	20718374	20718375	-	0.579439	mod_ratio	107	112	T	AGTTT	ok	True
chr5	20718428	20718429	-	1	mod_ratio	102	117	T	TGTCT	ok	True
chr5	20718532	20718533	-	0.857143	mod_ratio	105	114	T	GGTCC	ok	True
chr5	20718644	20718645	-	0.45122	mod_ratio	82	108	T	AGTTT	ok	True
chr5	20719428	20719429	-	0.311828	mod_ratio	93	95	T	TGTTC	ok	True
chr5	20719615	20719616	-	0.582278	mod_ratio	79	91	T	TGTCT	ok	True
chr5	20745084	20745085	+	0.79562	mod_ratio	137	182	A	AAACG	ok	False
chr5	20745361	20745362	+	0.48855	mod_ratio	131	156	A	AGACT	ok	True
chr5	20745402	20745403	+	0.569444	mod_ratio	72	188	A	AAACA	ok	True
chr5	20745469	20745470	+	0.590164	mod_ratio	61	153	A	AAACT	ok	True
chr5	20745592	20745593	-	0.544118	mod_ratio	68	87	T	GGTTT	ok	True
chr5	20745620	20745621	-	0.307692	mod_ratio	91	98	T	TGTTC	ok	True
chr5	20745691	20745692	-	0.75	mod_ratio	36	97	T	GGTCC	ok	True
chr5	20745897	20745898	-	0.329268	mod_ratio	82	98	T	CGTTC	ok	False
chr5	20746367	20746368	-	0.525	mod_ratio	80	88	T	GGTTT	ok	True
chr5	20746614	20746615	-	0.475	mod_ratio	80	86	T	TGTTC	ok	True
chr5	20747124	20747125	-	0.61194	mod_ratio	67	79	T	CGTTT	ok	False
chr5	20747184	20747185	-	0.492958	mod_ratio	71	78	T	AGTTC	ok	True
chr5	20751120	20751121	+	0.323232	mod_ratio	99	108	A	GAACT	ok	True
chr5	20751170	20751171	+	0.490196	mod_ratio	102	109	A	GGACG	ok	False
chr5	20751512	20751513	+	0.368932	mod_ratio	103	115	A	GAACA	ok	True
chr5	20751518	20751519	+	0.23301	mod_ratio	103	114	A	GAACA	ok	True
chr5	20751720	20751721	+	0.913043	mod_ratio	92	115	A	GGACA	ok	True
chr5	20751743	20751744	+	0.284314	mod_ratio	102	117	A	GGACG	ok	False
chr5	20751796	20751797	+	0.68932	mod_ratio	103	119	A	AAACT	ok	True
chr5	20765519	20765520	+	0.961538	mod_ratio	26	28	A	GAACA	ok	True
chr5	20766708	20766709	+	0.6875	mod_ratio	32	36	A	AAACA	ok	True
chr5	20767439	20767440	+	0.735294	mod_ratio	34	40	A	GGACA	ok	True
chr5	20768427	20768428	+	0.769231	mod_ratio	52	61	A	GGACC	ok	True
chr5	20778293	20778294	-	0.546729	mod_ratio	214	266	T	TGTTC	ok	True
chr5	20778294	20778295	-	0.625	mod_ratio	48	297	T	GTTCC	ok	False
chr5	20778504	20778505	-	0.208661	mod_ratio	254	294	T	AGTTC	ok	True
chr5	20778583	20778584	-	0.392996	mod_ratio	257	282	T	TGTTT	ok	True
chr5	20779102	20779103	-	0.712551	mod_ratio	247	272	T	CGTTT	ok	False
chr5	20780752	20780753	+	0.805556	mod_ratio	36	41	A	GGACA	ok	True
chr5	20781039	20781040	+	0.964286	mod_ratio	28	39	A	AGACC	ok	True
chr5	20781213	20781214	+	0.684211	mod_ratio	38	41	A	AGACG	ok	False
chr5	20781321	20781322	+	0.763158	mod_ratio	38	43	A	GGACG	ok	False
chr5	20784588	20784589	-	0.821429	mod_ratio	28	34	T	GGTCT	ok	True
chr5	20879325	20879326	-	0.45283	mod_ratio	53	57	T	AGTTT	ok	True
chr5	20879338	20879339	-	0.634615	mod_ratio	52	58	T	CGTCC	ok	False
chr5	20936714	20936715	+	0.5	mod_ratio	50	63	A	AAACC	ok	True
chr5	20936767	20936768	+	0.727273	mod_ratio	55	65	A	AAACG	ok	False
chr5	20939904	20939905	-	0.636364	mod_ratio	55	64	T	CGTTC	ok	False
chr5	20939915	20939916	-	0.62069	mod_ratio	58	65	T	TGTCC	ok	True
chr5	20940460	20940461	-	0.775	mod_ratio	40	46	T	AGTTT	ok	True
chr5	21009730	21009731	+	0.445161	mod_ratio	155	243	A	GGACG	ok	False
chr5	21010220	21010221	+	0.276995	mod_ratio	213	256	A	AAACA	ok	True
chr5	21105245	21105246	+	0.705882	mod_ratio	51	64	A	AAACA	ok	True
chr5	21105462	21105463	+	0.483333	mod_ratio	60	68	A	AGACT	ok	True
chr5	21105619	21105620	+	0.45283	mod_ratio	53	68	A	AGACG	ok	False
chr5	21105886	21105887	+	0.653846	mod_ratio	52	65	A	GAACT	ok	True
chr5	21105902	21105903	+	0.509434	mod_ratio	53	65	A	AAACT	ok	True
chr5	21112198	21112199	+	0.682927	mod_ratio	164	178	A	AGACC	ok	True
chr5	21112245	21112246	+	0.823529	mod_ratio	153	180	A	GGACA	ok	True
chr5	21112290	21112291	+	0.905063	mod_ratio	158	183	A	AAACA	ok	True
chr5	21112323	21112324	+	0.202454	mod_ratio	163	186	A	GAACC	ok	True
chr5	21112365	21112366	+	0.377143	mod_ratio	175	195	A	GGACG	ok	False
chr5	21112558	21112559	+	0.189189	mod_ratio	185	200	A	AAACA	ok	True
chr5	21112562	21112563	+	0.15847	mod_ratio	183	200	A	AAACG	ok	False
chr5	21112584	21112585	+	0.128655	mod_ratio	171	203	A	GGACC	ok	True
chr5	21112680	21112681	+	0.822368	mod_ratio	152	209	A	AAACA	ok	True
chr5	21112718	21112719	+	0.245989	mod_ratio	187	205	A	AAACT	ok	True
chr5	21112830	21112831	+	0.564706	mod_ratio	170	215	A	GAACA	ok	True
chr5	21112856	21112857	+	0.632124	mod_ratio	193	215	A	AAACA	ok	True
chr5	21113236	21113237	+	0.505495	mod_ratio	182	228	A	AAACC	ok	True
chr5	21113286	21113287	+	0.247863	mod_ratio	117	232	A	AAACA	ok	True
chr5	21132954	21132955	+	0.575	mod_ratio	40	41	A	GGACG	ok	False
chr5	21133389	21133390	+	0.568182	mod_ratio	44	52	A	AAACT	ok	True
chr5	21152270	21152271	-	0.606557	mod_ratio	61	70	T	TGTTT	ok	True
chr5	21152427	21152428	-	0.297297	mod_ratio	74	90	T	AGTTT	ok	True
chr5	21152730	21152731	-	0.430556	mod_ratio	72	76	T	TGTTT	ok	True
chr5	21153190	21153191	-	0.458333	mod_ratio	48	52	T	GGTTT	ok	True
chr5	21153561	21153562	-	0.867925	mod_ratio	53	56	T	GGTCC	ok	True
chr5	21153612	21153613	-	0.75	mod_ratio	52	55	T	GGTCT	ok	True
chr5	21154179	21154180	-	1	mod_ratio	26	29	T	TGTTT	ok	True
chr5	21172257	21172258	+	0.758621	mod_ratio	29	60	A	GAACA	ok	True
chr5	21213131	21213132	+	0.198347	mod_ratio	121	126	A	GAACT	ok	True
chr5	21213362	21213363	+	0.95283	mod_ratio	106	133	A	AAACA	ok	True
chr5	21213410	21213411	+	0.461538	mod_ratio	117	134	A	AAACA	ok	True
chr5	21214428	21214429	+	0.823529	mod_ratio	68	146	A	AAACC	ok	True
chr5	21261065	21261066	-	0.935484	mod_ratio	31	45	T	CGTTT	ok	False
chr5	21281952	21281953	+	0.536585	mod_ratio	41	50	A	AAACA	ok	True
chr5	21287896	21287897	+	0.75	mod_ratio	48	59	A	AAACG	ok	False
chr5	21287911	21287912	+	0.5	mod_ratio	52	58	A	AAACA	ok	True
chr5	21288411	21288412	+	0.810345	mod_ratio	58	67	A	AAACA	ok	True
chr5	21288423	21288424	+	0.418182	mod_ratio	55	65	A	AAACT	ok	True
chr5	21288462	21288463	+	0.694915	mod_ratio	59	65	A	AAACA	ok	True
chr5	21288704	21288705	+	0.7	mod_ratio	70	73	A	GGACG	ok	False
chr5	21288725	21288726	+	0.509804	mod_ratio	51	59	A	GGACA	ok	True
chr5	21294279	21294280	+	0.65	mod_ratio	60	85	A	AGACA	ok	True
chr5	21294294	21294295	+	0.74359	mod_ratio	78	87	A	AGACC	ok	True
chr5	21294762	21294763	+	0.186335	mod_ratio	161	177	A	AGACA	ok	True
chr5	21294959	21294960	+	0.60989	mod_ratio	182	192	A	GAACT	ok	True
chr5	21295141	21295142	+	0.542373	mod_ratio	177	194	A	AAACC	ok	True
chr5	21295181	21295182	+	0.505882	mod_ratio	170	190	A	GGACC	ok	True
chr5	21295418	21295419	+	0.4	mod_ratio	195	214	A	AGACA	ok	True
chr5	21296201	21296202	+	0.344086	mod_ratio	186	217	A	AAACT	ok	True
chr5	21296418	21296419	+	0.114155	mod_ratio	219	231	A	GAACA	ok	True
chr5	21296494	21296495	+	0.182243	mod_ratio	214	235	A	AGACC	ok	True
chr5	21296513	21296514	+	0.149038	mod_ratio	208	235	A	GAACT	ok	True
chr5	21296542	21296543	+	0.359375	mod_ratio	192	230	A	AGACT	ok	True
chr5	21296645	21296646	+	0.403509	mod_ratio	171	199	A	GAACT	ok	True
chr5	21312414	21312415	+	0.868421	mod_ratio	38	39	A	AAACA	ok	True
chr5	21313875	21313876	+	0.44898	mod_ratio	49	54	A	AAACT	ok	True
chr5	21321901	21321902	-	0.821429	mod_ratio	28	33	T	TGTCC	ok	True
chr5	21334858	21334859	-	0.477612	mod_ratio	67	98	T	AGTCC	ok	True
chr5	21334900	21334901	-	0.41573	mod_ratio	89	129	T	GGTTT	ok	True
chr5	21335145	21335146	-	0.808696	mod_ratio	115	128	T	GGTCC	ok	True
chr5	21335182	21335183	-	0.327103	mod_ratio	107	128	T	TGTCT	ok	True
chr5	21335830	21335831	-	0.761905	mod_ratio	84	111	T	CGTTT	ok	False
chr5	21335851	21335852	-	0.87234	mod_ratio	94	115	T	CGTTT	ok	False
chr5	21335877	21335878	-	0.40404	mod_ratio	99	119	T	GGTTT	ok	True
chr5	21335992	21335993	-	0.298077	mod_ratio	104	118	T	TGTTC	ok	True
chr5	21336689	21336690	-	0.298851	mod_ratio	87	107	T	GGTTT	ok	True
chr5	21336702	21336703	-	0.340659	mod_ratio	91	108	T	CGTCC	ok	False
chr5	21336848	21336849	-	0.811765	mod_ratio	85	100	T	GGTTT	ok	True
chr5	21354622	21354623	+	1	mod_ratio	22	27	A	AGACC	ok	True
chr5	21354967	21354968	+	0.903226	mod_ratio	31	35	A	AGACA	ok	True
chr5	21355653	21355654	-	0.555556	mod_ratio	108	415	T	TGTTT	ok	True
chr5	21355658	21355659	-	0.542169	mod_ratio	83	512	T	GATTC	ok	False
chr5	21355706	21355707	-	0.119342	mod_ratio	243	578	T	AATCT	ok	False
chr5	21355751	21355752	-	0.711198	mod_ratio	509	572	T	GGTCT	ok	True
chr5	21391010	21391011	-	0.285714	mod_ratio	98	108	T	AGTCT	ok	True
chr5	21391027	21391028	-	0.652174	mod_ratio	92	108	T	GGTTT	ok	True
chr5	21391114	21391115	-	0.697674	mod_ratio	86	107	T	CGTCC	ok	False
chr5	21391123	21391124	-	0.395062	mod_ratio	81	105	T	CGTTT	ok	False
chr5	21391361	21391362	-	0.574468	mod_ratio	47	65	T	GGTTT	ok	True
chr5	21413737	21413738	+	0.742188	mod_ratio	128	161	A	GGACG	ok	False
chr5	21414716	21414717	+	0.559322	mod_ratio	177	198	A	AAACG	ok	False
chr5	21414746	21414747	+	0.622754	mod_ratio	167	198	A	AAACA	ok	True
chr5	21414874	21414875	+	0.356322	mod_ratio	87	197	A	AAATT	ok	False
chr5	21414938	21414939	+	0.428571	mod_ratio	91	170	A	AAACA	ok	True
chr5	21463771	21463772	+	0.491803	mod_ratio	61	67	A	AAACC	ok	True
chr5	21464353	21464354	+	0.603175	mod_ratio	63	76	A	AAACT	ok	True
chr5	21464772	21464773	+	0.329268	mod_ratio	82	84	A	AGACT	ok	True
chr5	21465735	21465736	+	0.597826	mod_ratio	92	97	A	AGACA	ok	True
chr5	21465788	21465789	+	0.378049	mod_ratio	82	98	A	AAACT	ok	True
chr5	21466145	21466146	+	0.448276	mod_ratio	87	104	A	AAACA	ok	True
chr5	21466156	21466157	+	0.229167	mod_ratio	96	106	A	GAACT	ok	True
chr5	21477445	21477446	+	0.514286	mod_ratio	70	90	A	AGACG	ok	False
chr5	21477605	21477606	+	0.475	mod_ratio	80	94	A	AAACC	ok	True
chr5	21478307	21478308	+	0.674419	mod_ratio	43	90	A	AAACT	ok	True
chr5	21480761	21480762	+	0.943662	mod_ratio	71	86	A	AGACA	ok	True
chr5	21480995	21480996	+	0.453333	mod_ratio	75	91	A	AAACA	ok	True
chr5	21510289	21510290	-	0.735294	mod_ratio	34	39	T	AGTTT	ok	True
chr5	21510370	21510371	-	0.9375	mod_ratio	32	39	T	TGTCT	ok	True
chr5	21510548	21510549	-	0.705882	mod_ratio	34	54	T	GGTCC	ok	True
chr5	21512363	21512364	-	0.735294	mod_ratio	34	37	T	TGTCC	ok	True
chr5	21537235	21537236	+	0.867925	mod_ratio	53	61	A	AAACA	ok	True
chr5	21537451	21537452	+	0.881356	mod_ratio	59	61	A	AGACG	ok	False
chr5	21537687	21537688	+	0.588235	mod_ratio	51	60	A	AAACT	ok	True
chr5	21551922	21551923	+	0.860465	mod_ratio	43	49	A	AGACA	ok	True
chr5	21551943	21551944	+	0.621622	mod_ratio	37	49	A	AAACA	ok	True
chr5	21551947	21551948	+	0.702128	mod_ratio	47	50	A	AAACG	ok	False
chr5	21552093	21552094	+	0.708333	mod_ratio	48	53	A	AAACC	ok	True
chr5	21561012	21561013	+	0.790698	mod_ratio	43	45	A	AGACG	ok	False
chr5	21561913	21561914	+	0.425926	mod_ratio	54	58	A	GAACG	ok	False
chr5	21561971	21561972	+	0.54386	mod_ratio	57	58	A	AAACT	ok	True
chr5	21562056	21562057	+	0.888889	mod_ratio	36	56	A	GGACA	ok	True
chr5	21563123	21563124	-	0.740741	mod_ratio	54	67	T	CGTTT	ok	False
chr5	21563284	21563285	-	0.630435	mod_ratio	46	61	T	CGTTT	ok	False
chr5	21563487	21563488	-	0.690909	mod_ratio	55	59	T	GGTCC	ok	True
chr5	21563874	21563875	-	0.813953	mod_ratio	43	50	T	CGTTT	ok	False
chr5	21632630	21632631	-	0.34322	mod_ratio	236	781	T	GTTTT	ok	False
chr5	21632649	21632650	-	0.14433	mod_ratio	194	397	T	TTTTT	ok	False
chr5	21632650	21632651	-	0.108374	mod_ratio	203	617	T	TTTTT	ok	False
chr5	21632651	21632652	-	0.555556	mod_ratio	153	780	T	TTTTT	ok	False
chr5	21632656	21632657	-	0.691339	mod_ratio	635	781	T	TGTTT	ok	True
chr5	21632661	21632662	-	0.851541	mod_ratio	714	842	T	CGTTT	ok	False
chr5	21632687	21632688	-	0.267241	mod_ratio	580	859	T	GGTCC	ok	True
chr5	21632692	21632693	-	0.467105	mod_ratio	152	839	T	TGTCT	ok	True
chr5	21632724	21632725	-	0.302412	mod_ratio	539	764	T	TGTCT	ok	True
chr5	21632824	21632825	-	0.12091	mod_ratio	703	862	T	AGTCC	ok	True
chr5	21632863	21632864	-	0.142466	mod_ratio	730	859	T	AGTCT	ok	True
chr5	21632907	21632908	-	0.117162	mod_ratio	606	835	T	GGTTT	ok	True
chr5	21633305	21633306	-	0.625514	mod_ratio	729	819	T	GGTCC	ok	True
chr5	21635152	21635153	+	0.891892	mod_ratio	37	43	A	AAACG	ok	False
chr5	21635204	21635205	+	0.641026	mod_ratio	39	43	A	AGACT	ok	True
chr5	21636124	21636125	+	0.55	mod_ratio	40	44	A	AAACT	ok	True
chr5	21643989	21643990	+	0.685714	mod_ratio	35	37	A	AAACC	ok	True
chr5	21645020	21645021	+	0.652174	mod_ratio	46	54	A	GGACC	ok	True
chr5	21646498	21646499	+	0.466667	mod_ratio	60	63	A	AAACG	ok	False
chr5	21647318	21647319	+	0.446154	mod_ratio	65	72	A	AAACC	ok	True
chr5	21647668	21647669	+	0.46	mod_ratio	50	56	A	AAACT	ok	True
chr5	21650674	21650675	-	0.806452	mod_ratio	31	37	T	CGTCT	ok	False
chr5	21651477	21651478	-	0.896552	mod_ratio	29	31	T	GGTCC	ok	True
chr5	21651492	21651493	-	0.896552	mod_ratio	29	31	T	GGTTT	ok	True
chr5	21689370	21689371	+	0.833333	mod_ratio	30	34	A	AGACA	ok	True
chr5	21691486	21691487	+	0.471698	mod_ratio	53	58	A	AAACG	ok	False
chr5	21691834	21691835	+	0.419355	mod_ratio	62	65	A	AAACG	ok	False
chr5	21691957	21691958	+	0.584615	mod_ratio	65	67	A	AAACC	ok	True
chr5	21692225	21692226	+	0.521739	mod_ratio	69	73	A	GGACC	ok	True
chr5	21707911	21707912	+	0.964286	mod_ratio	28	34	A	AGACA	ok	True
chr5	21708313	21708314	+	0.941176	mod_ratio	34	41	A	GGACA	ok	True
chr5	21708445	21708446	+	0.571429	mod_ratio	42	44	A	GGACC	ok	True
chr5	21709268	21709269	+	0.47619	mod_ratio	63	70	A	GGACC	ok	True
chr5	21709517	21709518	+	0.72	mod_ratio	75	82	A	GGACG	ok	False
chr5	21709557	21709558	+	0.9	mod_ratio	80	84	A	AAACG	ok	False
chr5	21709607	21709608	+	0.468354	mod_ratio	79	84	A	AAACA	ok	True
chr5	21723412	21723413	-	0.754286	mod_ratio	175	185	T	AGTTT	ok	True
chr5	21723521	21723522	-	0.502793	mod_ratio	179	197	T	CGTTT	ok	False
chr5	21723554	21723555	-	0.210526	mod_ratio	190	199	T	GGTCT	ok	True
chr5	21723919	21723920	-	0.398649	mod_ratio	148	174	T	AGTTT	ok	True
chr5	21723959	21723960	-	0.273333	mod_ratio	150	170	T	GGTTT	ok	True
chr5	21724020	21724021	-	0.352941	mod_ratio	153	172	T	GGTCT	ok	True
chr5	21724025	21724026	-	0.180328	mod_ratio	122	172	T	GGTTC	ok	True
chr5	21746587	21746588	-	0.931034	mod_ratio	29	32	T	TGTTT	ok	True
chr5	21746630	21746631	-	0.733333	mod_ratio	30	34	T	CGTCT	ok	False
chr5	21759681	21759682	+	0.24	mod_ratio	375	436	A	AAACT	ok	True
chr5	21760215	21760216	+	0.624339	mod_ratio	378	456	A	GGACA	ok	True
chr5	21760252	21760253	+	0.420779	mod_ratio	385	482	A	AGACA	ok	True
chr5	21760348	21760349	+	0.134328	mod_ratio	402	488	A	AGACT	ok	True
chr5	21760456	21760457	+	0.721485	mod_ratio	377	477	A	AGACT	ok	True
chr5	21760479	21760480	+	0.298387	mod_ratio	248	485	A	GAACC	ok	True
chr5	21760562	21760563	+	0.15508	mod_ratio	187	275	A	AGACT	ok	True
chr5	21765181	21765182	-	0.568182	mod_ratio	44	58	T	GGTCT	ok	True
chr5	21765222	21765223	-	0.595238	mod_ratio	42	60	T	TGTCT	ok	True
chr5	21765337	21765338	-	0.425926	mod_ratio	54	60	T	TGTCT	ok	True
chr5	21765389	21765390	-	0.611111	mod_ratio	54	59	T	AGTTT	ok	True
chr5	21766079	21766080	-	0.840909	mod_ratio	44	55	T	TGTCC	ok	True
chr5	21766110	21766111	-	0.622222	mod_ratio	45	54	T	GGTCT	ok	True
chr5	21766234	21766235	-	0.65	mod_ratio	40	52	T	TGTCC	ok	True
chr5	21766675	21766676	-	0.581395	mod_ratio	43	48	T	TGTCC	ok	True
chr5	21792202	21792203	+	0.378378	mod_ratio	74	89	A	AGACA	ok	True
chr5	21792230	21792231	+	0.424658	mod_ratio	73	89	A	AGACA	ok	True
chr5	21792357	21792358	+	0.338235	mod_ratio	68	84	A	AAACA	ok	True
chr5	21792392	21792393	+	0.571429	mod_ratio	49	61	A	AAACT	ok	True
chr5	21861950	21861951	-	0.9375	mod_ratio	48	52	T	CGTTT	ok	False
chr5	21862639	21862640	-	0.586957	mod_ratio	46	48	T	TGTCT	ok	True
chr5	21867681	21867682	+	0.866667	mod_ratio	45	50	A	AAACG	ok	False
chr5	21868318	21868319	+	0.490196	mod_ratio	51	56	A	AGACC	ok	True
chr5	21868594	21868595	+	0.96	mod_ratio	50	60	A	AAACG	ok	False
chr5	21896997	21896998	-	0.892857	mod_ratio	28	36	T	CGTTT	ok	False
chr5	21897078	21897079	-	0.717949	mod_ratio	39	53	T	AGTTT	ok	True
chr5	21910640	21910641	+	0.586957	mod_ratio	46	51	A	AAACT	ok	True
chr5	21911772	21911773	+	0.484848	mod_ratio	66	70	A	GGACC	ok	True
chr5	21912047	21912048	+	0.782609	mod_ratio	69	80	A	GAACA	ok	True
chr5	21912465	21912466	+	0.46875	mod_ratio	64	80	A	GGACC	ok	True
chr5	21912563	21912564	+	0.642857	mod_ratio	70	88	A	AGACA	ok	True
chr5	21912648	21912649	+	0.32	mod_ratio	75	87	A	AAACA	ok	True
chr5	21945467	21945468	-	0.4	mod_ratio	70	99	T	CGTCC	ok	False
chr5	21960114	21960115	+	0.828571	mod_ratio	35	42	A	AAACG	ok	False
chr5	21972657	21972658	+	0.71875	mod_ratio	32	34	A	AAACG	ok	False
chr5	21982034	21982035	+	0.186813	mod_ratio	182	195	A	AAACA	ok	True
chr5	21982063	21982064	+	0.52514	mod_ratio	179	204	A	AAACC	ok	True
chr5	21982262	21982263	+	0.351648	mod_ratio	182	209	A	AAACT	ok	True
chr5	21982376	21982377	+	0.550725	mod_ratio	207	232	A	GAACG	ok	False
chr5	21982465	21982466	+	0.361386	mod_ratio	202	235	A	AGACA	ok	True
chr5	21983375	21983376	+	0.381395	mod_ratio	215	243	A	GGACT	ok	True
chr5	21983453	21983454	+	0.5	mod_ratio	242	261	A	AGACC	ok	True
chr5	21983890	21983891	+	0.296992	mod_ratio	266	297	A	GAACA	ok	True
chr5	21983975	21983976	+	0.269076	mod_ratio	249	295	A	AGACA	ok	True
chr5	21983982	21983983	+	0.121864	mod_ratio	279	315	A	AGACT	ok	True
chr5	21984001	21984002	+	0.25	mod_ratio	268	312	A	AAACA	ok	True
chr5	21984059	21984060	+	0.129412	mod_ratio	255	309	A	GAACC	ok	True
chr5	21984169	21984170	+	0.151625	mod_ratio	277	308	A	AAACA	ok	True
chr5	21984173	21984174	+	0.170124	mod_ratio	241	328	A	AAACA	ok	True
chr5	21984238	21984239	+	0.303502	mod_ratio	257	312	A	AAACT	ok	True
chr5	21984304	21984305	+	0.5	mod_ratio	142	161	A	GAACA	ok	True
chr5	21985045	21985046	-	0.803922	mod_ratio	51	59	T	GGTCT	ok	True
chr5	21985251	21985252	-	0.576923	mod_ratio	52	55	T	GGTTT	ok	True
chr5	21985390	21985391	-	0.511111	mod_ratio	45	53	T	CGTTT	ok	False
chr5	21985445	21985446	-	0.638889	mod_ratio	36	53	T	CGTTT	ok	False
chr5	21986260	21986261	-	0.918919	mod_ratio	37	41	T	GGTCT	ok	True
chr5	21986543	21986544	-	0.888889	mod_ratio	36	37	T	TGTCT	ok	True
chr5	22038369	22038370	+	0.264706	mod_ratio	102	3160	A	AAACA	ok	True
chr5	22038483	22038484	+	0.187977	mod_ratio	4325	4933	A	AGACT	ok	True
chr5	22038530	22038531	+	0.115741	mod_ratio	216	4949	A	GGATC	ok	False
chr5	22038667	22038668	+	0.291033	mod_ratio	4271	5147	A	GGACC	ok	True
chr5	22038672	22038673	+	0.836538	mod_ratio	104	5133	A	TGACA	ok	True
chr5	22038691	22038692	+	0.490262	mod_ratio	4775	5187	A	GGACC	ok	True
chr5	22038707	22038708	+	0.147609	mod_ratio	4600	5161	A	AAACT	ok	True
chr5	22038753	22038754	+	0.631807	mod_ratio	4609	5095	A	GGACA	ok	True
chr5	22038774	22038775	+	0.149358	mod_ratio	2571	5305	A	AGACC	ok	True
chr5	22038794	22038795	+	0.431193	mod_ratio	109	5317	A	AAAAC	ok	False
chr5	22038795	22038796	+	0.433841	mod_ratio	4663	5317	A	AAACA	ok	True
chr5	22039012	22039013	+	0.211333	mod_ratio	4500	4956	A	GGACT	ok	True
chr5	22039015	22039016	+	0.164557	mod_ratio	632	5462	A	CTACT	ok	False
chr5	22039168	22039169	+	0.632653	mod_ratio	49	5867	A	TGACC	ok	True
chr5	22039231	22039232	+	0.106606	mod_ratio	5450	6091	A	GAACG	ok	False
chr5	22039289	22039290	+	0.461066	mod_ratio	488	3915	A	GGAAA	ok	False
chr5	22039290	22039291	+	0.683824	mod_ratio	136	4844	A	GAAAA	ok	False
chr5	22039315	22039316	+	0.581395	mod_ratio	258	6061	A	TGACC	ok	True
chr5	22039339	22039340	+	0.68	mod_ratio	100	6003	A	TAACA	ok	True
chr5	22039420	22039421	+	0.227956	mod_ratio	5058	5784	A	GAACA	ok	True
chr5	22051074	22051075	+	0.846154	mod_ratio	26	45	A	GGACG	ok	False
chr5	22051616	22051617	+	0.553191	mod_ratio	47	52	A	AAACT	ok	True
chr5	22053938	22053939	+	0.403509	mod_ratio	57	62	A	AAACT	ok	True
chr5	22053955	22053956	+	0.403509	mod_ratio	57	64	A	AAACA	ok	True
chr5	22086639	22086640	+	0.746032	mod_ratio	63	68	A	AGACA	ok	True
chr5	22086840	22086841	+	0.484848	mod_ratio	66	74	A	GAACG	ok	False
chr5	22087171	22087172	+	0.493671	mod_ratio	79	84	A	AAACC	ok	True
chr5	22087464	22087465	+	0.632184	mod_ratio	87	95	A	AGACT	ok	True
chr5	22125135	22125136	+	0.517647	mod_ratio	85	97	A	AAACT	ok	True
chr5	22125929	22125930	+	0.602041	mod_ratio	98	105	A	AAACC	ok	True
chr5	22126142	22126143	+	0.378947	mod_ratio	95	109	A	GAACA	ok	True
chr5	22156717	22156718	+	0.417722	mod_ratio	79	103	A	AAACC	ok	True
chr5	22157459	22157460	+	0.491228	mod_ratio	114	120	A	AGACC	ok	True
chr5	22157607	22157608	+	0.447059	mod_ratio	85	124	A	GAACG	ok	False
chr5	22157655	22157656	+	0.504132	mod_ratio	121	129	A	GAACT	ok	True
chr5	22157675	22157676	+	0.217391	mod_ratio	115	130	A	GGACA	ok	True
chr5	22157847	22157848	+	0.927419	mod_ratio	124	136	A	AAACG	ok	False
chr5	22157923	22157924	+	0.463918	mod_ratio	97	131	A	AAACT	ok	True
chr5	22157958	22157959	+	0.49505	mod_ratio	101	127	A	AAACT	ok	True
chr5	22157991	22157992	+	0.477612	mod_ratio	67	123	A	GAACC	ok	True
chr5	22172732	22172733	+	0.574074	mod_ratio	54	71	A	GAACT	ok	True
chr5	22183675	22183676	+	0.213592	mod_ratio	103	570	A	GAACC	ok	True
chr5	22183885	22183886	+	0.239583	mod_ratio	96	622	A	GAACG	ok	False
chr5	22183905	22183906	+	0.890196	mod_ratio	510	614	A	AAACA	ok	True
chr5	22183969	22183970	+	0.397233	mod_ratio	506	636	A	GGACG	ok	False
chr5	22184051	22184052	+	0.288851	mod_ratio	592	651	A	AAACA	ok	True
chr5	22184307	22184308	+	0.371567	mod_ratio	619	681	A	AAACA	ok	True
chr5	22184445	22184446	+	0.609254	mod_ratio	389	618	A	AGACC	ok	True
chr5	22218531	22218532	+	0.563636	mod_ratio	55	57	A	AAACA	ok	True
chr5	22219135	22219136	+	0.480769	mod_ratio	52	67	A	GAACA	ok	True
chr5	22243141	22243142	+	0.522727	mod_ratio	44	50	A	GGACG	ok	False
chr5	22243381	22243382	+	0.705882	mod_ratio	51	54	A	GGACG	ok	False
chr5	22243437	22243438	+	0.52381	mod_ratio	42	54	A	AAACA	ok	True
chr5	22243514	22243515	+	0.682927	mod_ratio	41	53	A	AAACT	ok	True
chr5	22243597	22243598	+	0.545455	mod_ratio	44	49	A	AAACT	ok	True
chr5	22244997	22244998	+	0.164474	mod_ratio	152	161	A	GAACA	ok	True
chr5	22245103	22245104	+	0.211921	mod_ratio	151	165	A	GGACC	ok	True
chr5	22245152	22245153	+	0.19375	mod_ratio	160	168	A	GAACT	ok	True
chr5	22245158	22245159	+	0.324503	mod_ratio	151	168	A	GGACA	ok	True
chr5	22245355	22245356	+	0.148649	mod_ratio	148	166	A	GAACG	ok	False
chr5	22245546	22245547	+	0.5	mod_ratio	134	165	A	AAACC	ok	True
chr5	22246674	22246675	+	0.285276	mod_ratio	1304	1588	A	AAACC	ok	True
chr5	22246683	22246684	+	0.482307	mod_ratio	1526	1614	A	AGACT	ok	True
chr5	22246746	22246747	+	0.514946	mod_ratio	1472	1642	A	AAACC	ok	True
chr5	22246793	22246794	+	0.188424	mod_ratio	1555	1675	A	GAACG	ok	False
chr5	22246882	22246883	+	0.412044	mod_ratio	1262	1715	A	AGACT	ok	True
chr5	22246946	22246947	+	0.225412	mod_ratio	1637	1772	A	GAACC	ok	True
chr5	22247166	22247167	+	0.550459	mod_ratio	109	1831	A	AAACC	ok	True
chr5	22247218	22247219	+	0.178988	mod_ratio	257	1722	A	ACACC	ok	False
chr5	22247339	22247340	+	0.271186	mod_ratio	236	2004	A	AAACA	ok	True
chr5	22247384	22247385	+	0.417791	mod_ratio	1630	1867	A	GAACC	ok	True
chr5	22247387	22247388	+	0.345133	mod_ratio	113	1863	A	CCACC	ok	False
chr5	22247408	22247409	+	0.51962	mod_ratio	1682	2078	A	GGACC	ok	True
chr5	22247524	22247525	+	0.508475	mod_ratio	59	2213	A	GGATG	ok	False
chr5	22247537	22247538	+	0.722365	mod_ratio	1945	2221	A	GGACA	ok	True
chr5	22247555	22247556	+	0.308756	mod_ratio	434	2262	A	GGACG	ok	False
chr5	22247731	22247732	+	0.74409	mod_ratio	1946	2327	A	GGACC	ok	True
chr5	22247761	22247762	+	0.522773	mod_ratio	1976	2248	A	GGACA	ok	True
chr5	22247773	22247774	+	0.352514	mod_ratio	1929	2354	A	GGACA	ok	True
chr5	22247819	22247820	+	0.25449	mod_ratio	2283	2425	A	GAACT	ok	True
chr5	22247832	22247833	+	0.553785	mod_ratio	251	2449	A	AAACC	ok	True
chr5	22247876	22247877	+	0.394564	mod_ratio	2134	2456	A	AAACC	ok	True
chr5	22247986	22247987	+	0.256689	mod_ratio	2205	2401	A	GAACT	ok	True
chr5	22248018	22248019	+	0.302766	mod_ratio	2061	2296	A	GAACT	ok	True
chr5	22264766	22264767	-	0.851064	mod_ratio	47	61	T	TGTCT	ok	True
chr5	22264830	22264831	-	0.842105	mod_ratio	57	62	T	TGTCT	ok	True
chr5	22264878	22264879	-	0.48	mod_ratio	50	61	T	CGTCC	ok	False
chr5	22264883	22264884	-	0.62	mod_ratio	50	60	T	CGTCT	ok	False
chr5	22265119	22265120	-	0.5	mod_ratio	46	56	T	CGTCC	ok	False
chr5	22265149	22265150	-	0.888889	mod_ratio	45	56	T	GGTCC	ok	True
chr5	22265165	22265166	-	0.634146	mod_ratio	41	52	T	AGTCC	ok	True
chr5	22265383	22265384	-	0.697674	mod_ratio	43	47	T	TGTCC	ok	True
chr5	22265926	22265927	-	0.964286	mod_ratio	28	35	T	TGTCT	ok	True
chr5	22295430	22295431	+	0.957447	mod_ratio	47	51	A	AAACG	ok	False
chr5	22295446	22295447	+	0.511111	mod_ratio	45	53	A	GGACA	ok	True
chr5	22295852	22295853	+	0.46	mod_ratio	50	57	A	GGACA	ok	True
chr5	22296073	22296074	+	0.472727	mod_ratio	55	59	A	GGACA	ok	True
chr5	22297899	22297900	+	0.361111	mod_ratio	72	77	A	GAACG	ok	False
chr5	22298127	22298128	+	0.690141	mod_ratio	71	78	A	AAACA	ok	True
chr5	22298162	22298163	+	0.493333	mod_ratio	75	81	A	GAACA	ok	True
chr5	22298290	22298291	+	0.554054	mod_ratio	74	81	A	AAACT	ok	True
chr5	22308413	22308414	-	0.200521	mod_ratio	384	440	T	GGTTC	ok	True
chr5	22308418	22308419	-	0.881402	mod_ratio	371	426	T	AGTTT	ok	True
chr5	22308463	22308464	-	0.39418	mod_ratio	378	430	T	AGTTT	ok	True
chr5	22308534	22308535	-	0.190476	mod_ratio	378	435	T	TGTCC	ok	True
chr5	22308744	22308745	-	0.658402	mod_ratio	363	409	T	TGTCT	ok	True
chr5	22308800	22308801	-	0.84858	mod_ratio	317	388	T	TGTTT	ok	True
chr5	22309363	22309364	-	0.126437	mod_ratio	261	309	T	GGTTT	ok	True
chr5	22309368	22309369	-	0.115756	mod_ratio	311	354	T	TGTTC	ok	True
chr5	22348711	22348712	+	0.72973	mod_ratio	37	43	A	AAACT	ok	True
chr5	22349059	22349060	+	0.545455	mod_ratio	44	47	A	AAACC	ok	True
chr5	22349164	22349165	+	0.948718	mod_ratio	39	49	A	AAACA	ok	True
chr5	22349794	22349795	+	0.464286	mod_ratio	56	59	A	AGACT	ok	True
chr5	22350421	22350422	+	0.814286	mod_ratio	70	76	A	AGACA	ok	True
chr5	22350472	22350473	+	0.45	mod_ratio	60	75	A	AAACC	ok	True
chr5	22350522	22350523	+	0.554054	mod_ratio	74	76	A	AAACT	ok	True
chr5	22350627	22350628	+	0.588235	mod_ratio	51	70	A	GAACA	ok	True
chr5	22381673	22381674	+	0.648649	mod_ratio	37	40	A	AAACA	ok	True
chr5	22383606	22383607	-	0.482558	mod_ratio	172	194	T	AGTTT	ok	True
chr5	22384027	22384028	-	0.638889	mod_ratio	36	51	T	AGTTT	ok	True
chr5	22384028	22384029	-	0.60274	mod_ratio	73	129	T	GTTTT	ok	False
chr5	22384029	22384030	-	0.673469	mod_ratio	49	183	T	TTTTT	ok	False
chr5	22389926	22389927	+	1	mod_ratio	30	35	A	AAACG	ok	False
chr5	22393285	22393286	+	0.225564	mod_ratio	133	150	A	GGACA	ok	True
chr5	22393550	22393551	+	0.261438	mod_ratio	153	166	A	GAACC	ok	True
chr5	22394006	22394007	+	0.196203	mod_ratio	158	175	A	GAACT	ok	True
chr5	22396862	22396863	-	0.595238	mod_ratio	42	48	T	GGTCT	ok	True
chr5	22397810	22397811	+	0.362319	mod_ratio	69	75	A	AAACC	ok	True
chr5	22397830	22397831	+	0.734694	mod_ratio	49	62	A	GGACA	ok	True
chr5	22397948	22397949	+	0.424242	mod_ratio	66	74	A	AAACT	ok	True
chr5	22398180	22398181	+	0.373134	mod_ratio	67	76	A	AAACT	ok	True
chr5	22398800	22398801	+	0.376623	mod_ratio	77	83	A	GAACT	ok	True
chr5	22398899	22398900	+	0.813333	mod_ratio	75	87	A	AGACA	ok	True
chr5	22400244	22400245	+	0.326531	mod_ratio	98	111	A	AAACT	ok	True
chr5	22400471	22400472	+	0.238532	mod_ratio	109	122	A	AAACA	ok	True
chr5	22421284	22421285	-	0.594595	mod_ratio	37	37	T	AGTTC	ok	True
chr5	22422374	22422375	-	0.88	mod_ratio	25	28	T	CGTTT	ok	False
chr5	22422940	22422941	-	0.857143	mod_ratio	28	58	T	TGTTT	ok	True
chr5	22423005	22423006	-	0.415094	mod_ratio	53	72	T	AGTTT	ok	True
chr5	22423021	22423022	-	0.533333	mod_ratio	60	82	T	TGTCT	ok	True
chr5	22423044	22423045	-	0.939394	mod_ratio	66	78	T	TGTTT	ok	True
chr5	22530321	22530322	+	0.315789	mod_ratio	76	93	A	AAACC	ok	True
chr5	22530369	22530370	+	0.506849	mod_ratio	73	97	A	AGACA	ok	True
chr5	22530593	22530594	+	0.384615	mod_ratio	91	105	A	AAACA	ok	True
chr5	22554952	22554953	-	0.55	mod_ratio	40	56	T	GGTTT	ok	True
chr5	22555112	22555113	-	0.897959	mod_ratio	49	61	T	TGTCC	ok	True
chr5	22605112	22605113	+	0.630137	mod_ratio	73	129	A	AAACG	ok	False
chr5	22656231	22656232	-	0.788462	mod_ratio	52	61	T	AGTTT	ok	True
chr5	22656419	22656420	-	0.666667	mod_ratio	48	61	T	CGTCC	ok	False
chr5	22657834	22657835	-	0.586957	mod_ratio	46	51	T	AGTTT	ok	True
chr5	22681842	22681843	+	0.55	mod_ratio	40	56	A	GGACA	ok	True
chr5	22682096	22682097	+	0.4	mod_ratio	55	59	A	GAACA	ok	True
chr5	22682167	22682168	+	0.772727	mod_ratio	44	60	A	GGACA	ok	True
chr5	22682927	22682928	+	0.303279	mod_ratio	122	133	A	AAACA	ok	True
chr5	22683087	22683088	+	0.69697	mod_ratio	132	140	A	AAACA	ok	True
chr5	22683092	22683093	+	0.173228	mod_ratio	127	140	A	GAACC	ok	True
chr5	22683159	22683160	+	0.222222	mod_ratio	135	141	A	GGACT	ok	True
chr5	22683189	22683190	+	0.211268	mod_ratio	142	147	A	GAACG	ok	False
chr5	22683373	22683374	+	0.304054	mod_ratio	148	165	A	AAACT	ok	True
chr5	22683383	22683384	+	0.326087	mod_ratio	138	162	A	AGACT	ok	True
chr5	22683433	22683434	+	0.193798	mod_ratio	129	164	A	GGACT	ok	True
chr5	22683453	22683454	+	0.234177	mod_ratio	158	172	A	GGACG	ok	False
chr5	22683542	22683543	+	0.140127	mod_ratio	157	180	A	GGACT	ok	True
chr5	22683687	22683688	+	0.142045	mod_ratio	176	196	A	GAACG	ok	False
chr5	22683728	22683729	+	0.617284	mod_ratio	162	195	A	AGACC	ok	True
chr5	22683951	22683952	+	0.58011	mod_ratio	181	191	A	AGACA	ok	True
chr5	22683995	22683996	+	0.445161	mod_ratio	155	197	A	GAACT	ok	True
chr5	22684009	22684010	+	0.678788	mod_ratio	165	190	A	GAACT	ok	True
chr5	22686937	22686938	+	0.358209	mod_ratio	67	77	A	AAACC	ok	True
chr5	22687357	22687358	+	0.553846	mod_ratio	65	83	A	GGACA	ok	True
chr5	22687440	22687441	+	0.303797	mod_ratio	79	82	A	AGACT	ok	True
chr5	22687618	22687619	+	0.423077	mod_ratio	78	85	A	GAACA	ok	True
chr5	22687636	22687637	+	0.416667	mod_ratio	72	85	A	GAACC	ok	True
chr5	22688360	22688361	+	0.278571	mod_ratio	140	158	A	GGACA	ok	True
chr5	22688609	22688610	+	0.698795	mod_ratio	166	177	A	AAACA	ok	True
chr5	22688614	22688615	+	0.179487	mod_ratio	156	178	A	GAACC	ok	True
chr5	22688681	22688682	+	0.193182	mod_ratio	176	190	A	GGACT	ok	True
chr5	22688711	22688712	+	0.142857	mod_ratio	189	195	A	GAACG	ok	False
chr5	22688865	22688866	+	0.16895	mod_ratio	219	232	A	AAACT	ok	True
chr5	22688895	22688896	+	0.321101	mod_ratio	218	244	A	AAACT	ok	True
chr5	22688905	22688906	+	0.875	mod_ratio	208	241	A	AGACC	ok	True
chr5	22688955	22688956	+	0.196653	mod_ratio	239	251	A	GGACT	ok	True
chr5	22689064	22689065	+	0.200893	mod_ratio	224	266	A	GGACT	ok	True
chr5	22689107	22689108	+	0.102881	mod_ratio	243	271	A	AGACA	ok	True
chr5	22689209	22689210	+	0.150376	mod_ratio	266	284	A	GAACG	ok	False
chr5	22689227	22689228	+	0.102273	mod_ratio	264	286	A	GGACC	ok	True
chr5	22689250	22689251	+	0.675439	mod_ratio	228	285	A	AGACC	ok	True
chr5	22689290	22689291	+	0.323077	mod_ratio	260	276	A	AAACA	ok	True
chr5	22689330	22689331	+	0.545455	mod_ratio	220	278	A	GGACT	ok	True
chr5	22689476	22689477	+	0.203922	mod_ratio	255	287	A	AGACT	ok	True
chr5	22689507	22689508	+	0.294372	mod_ratio	231	285	A	AAACT	ok	True
chr5	22689579	22689580	+	0.254777	mod_ratio	157	182	A	GAACT	ok	True
chr5	22717438	22717439	+	0.69697	mod_ratio	33	39	A	AAACC	ok	True
chr5	22717511	22717512	+	0.857143	mod_ratio	28	42	A	AGACA	ok	True
chr5	22727942	22727943	+	0.666667	mod_ratio	39	40	A	GAACA	ok	True
chr5	22727974	22727975	+	0.611111	mod_ratio	36	41	A	AAACC	ok	True
chr5	22730901	22730902	+	0.833333	mod_ratio	36	42	A	AGACA	ok	True
chr5	22731005	22731006	+	0.594595	mod_ratio	37	42	A	AAACA	ok	True
chr5	22736298	22736299	+	0.471698	mod_ratio	53	60	A	AGACC	ok	True
chr5	22736842	22736843	+	0.421053	mod_ratio	57	60	A	GGACT	ok	True
chr5	22775517	22775518	-	0.488889	mod_ratio	45	50	T	AGTCT	ok	True
chr5	22775541	22775542	-	0.470588	mod_ratio	51	53	T	CGTTC	ok	False
chr5	22775794	22775795	-	0.702128	mod_ratio	47	50	T	TGTCC	ok	True
chr5	22783524	22783525	-	0.785714	mod_ratio	28	31	T	CGTCT	ok	False
chr5	22784076	22784077	-	0.88	mod_ratio	25	30	T	TGTCT	ok	True
chr5	22784493	22784494	-	1	mod_ratio	24	27	T	TGTCT	ok	True
chr5	22791353	22791354	+	0.875	mod_ratio	32	32	A	AAACA	ok	True
chr5	22791375	22791376	+	0.965517	mod_ratio	29	32	A	AAACG	ok	False
chr5	22820058	22820059	-	0.848485	mod_ratio	33	35	T	GGTTT	ok	True
chr5	22876057	22876058	+	0.821429	mod_ratio	28	33	A	AGACA	ok	True
chr5	22895838	22895839	-	0.727273	mod_ratio	66	78	T	TGTCT	ok	True
chr5	22895900	22895901	-	0.34375	mod_ratio	64	78	T	GGTTT	ok	True
chr5	22895997	22895998	-	0.4	mod_ratio	60	74	T	AGTTT	ok	True
chr5	22909747	22909748	-	0.407407	mod_ratio	54	113	T	GTTTT	ok	False
chr5	22909818	22909819	-	0.52381	mod_ratio	63	102	T	TTTTT	ok	False
chr5	22909879	22909880	-	0.458333	mod_ratio	96	118	T	AGTTT	ok	True
chr5	22909938	22909939	-	0.333333	mod_ratio	93	118	T	TGTCC	ok	True
chr5	22910624	22910625	-	0.362637	mod_ratio	91	110	T	CGTCT	ok	False
chr5	22935235	22935236	-	0.45	mod_ratio	60	91	T	GGTCT	ok	True
chr5	22935272	22935273	-	0.669014	mod_ratio	142	230	T	TGTTT	ok	True
chr5	22935307	22935308	-	0.72619	mod_ratio	84	547	T	TATTT	ok	False
chr5	22935336	22935337	-	0.573696	mod_ratio	441	577	T	AGTTC	ok	True
chr5	22935380	22935381	-	0.581006	mod_ratio	537	638	T	AGTTT	ok	True
chr5	22935433	22935434	-	0.694444	mod_ratio	36	657	T	GGTCC	ok	True
chr5	22935832	22935833	-	0.543636	mod_ratio	550	650	T	AGTTT	ok	True
chr5	22936014	22936015	-	0.357407	mod_ratio	540	616	T	CGTTC	ok	False
chr5	22936797	22936798	+	0.931034	mod_ratio	29	33	A	AAACG	ok	False
chr5	22937606	22937607	+	0.722222	mod_ratio	36	41	A	AGACC	ok	True
chr5	22938721	22938722	+	0.517241	mod_ratio	58	63	A	GAACA	ok	True
chr5	22938756	22938757	+	0.660714	mod_ratio	56	63	A	GAACG	ok	False
chr5	22943875	22943876	-	0.705128	mod_ratio	156	475	T	GGTCT	ok	True
chr5	22943988	22943989	-	0.108209	mod_ratio	536	609	T	TGTTC	ok	True
chr5	22944111	22944112	-	0.257028	mod_ratio	498	594	T	CGTTT	ok	False
chr5	22944183	22944184	-	0.204503	mod_ratio	533	601	T	TGTTC	ok	True
chr5	22944207	22944208	-	0.198783	mod_ratio	493	597	T	CGTCC	ok	False
chr5	22944701	22944702	-	0.115207	mod_ratio	434	562	T	CGTCT	ok	False
chr5	22961775	22961776	-	0.576271	mod_ratio	59	68	T	TGTTC	ok	True
chr5	22961858	22961859	-	0.559322	mod_ratio	59	63	T	GGTCT	ok	True
chr5	22962348	22962349	-	0.418182	mod_ratio	55	55	T	CGTTC	ok	False
chr5	22985424	22985425	-	0.909091	mod_ratio	33	36	T	TGTTT	ok	True
chr5	22985873	22985874	-	0.868421	mod_ratio	38	39	T	TGTTT	ok	True
chr5	22986467	22986468	-	0.92	mod_ratio	25	27	T	CGTTT	ok	False
chr5	23007697	23007698	+	0.903226	mod_ratio	31	32	A	GAACG	ok	False
chr5	23008144	23008145	+	0.694444	mod_ratio	36	40	A	AGACA	ok	True
chr5	23008196	23008197	+	0.771429	mod_ratio	35	40	A	GGACG	ok	False
chr5	23008439	23008440	+	0.688889	mod_ratio	45	47	A	GGACA	ok	True
chr5	23032067	23032068	+	0.784314	mod_ratio	51	56	A	GGACG	ok	False
chr5	23032140	23032141	+	0.54902	mod_ratio	51	58	A	AAACA	ok	True
chr5	23032273	23032274	+	0.794118	mod_ratio	34	56	A	AGACA	ok	True
chr5	23035318	23035319	+	0.947368	mod_ratio	38	43	A	AAACG	ok	False
chr5	23056639	23056640	-	0.870968	mod_ratio	31	35	T	TGTTT	ok	True
chr5	23056741	23056742	-	0.628571	mod_ratio	35	37	T	CGTTC	ok	False
chr5	23076495	23076496	+	0.827586	mod_ratio	29	36	A	GAACT	ok	True
chr5	23076849	23076850	+	0.756757	mod_ratio	37	39	A	AAACT	ok	True
chr5	23078917	23078918	+	0.42623	mod_ratio	61	73	A	AAACG	ok	False
chr5	23079314	23079315	+	0.409091	mod_ratio	66	80	A	AGACT	ok	True
chr5	23079322	23079323	+	0.76	mod_ratio	75	80	A	AAACA	ok	True
chr5	23079346	23079347	+	0.587302	mod_ratio	63	79	A	AGACA	ok	True
chr5	23079735	23079736	+	0.783333	mod_ratio	60	82	A	AAACA	ok	True
chr5	23079800	23079801	+	0.492958	mod_ratio	71	85	A	AAACC	ok	True
chr5	23083962	23083963	-	0.321101	mod_ratio	109	174	T	AGTTC	ok	True
chr5	23084003	23084004	-	0.536765	mod_ratio	136	158	T	AGTTT	ok	True
chr5	23084065	23084066	-	0.431694	mod_ratio	183	225	T	CGTCT	ok	False
chr5	23084222	23084223	-	0.765714	mod_ratio	175	225	T	TGTCT	ok	True
chr5	23084426	23084427	-	0.242604	mod_ratio	169	207	T	TGTTC	ok	True
chr5	23084449	23084450	-	0.439153	mod_ratio	189	214	T	CGTTC	ok	False
chr5	23084638	23084639	-	0.405172	mod_ratio	116	146	T	GGTTT	ok	True
chr5	23085098	23085099	-	0.244048	mod_ratio	168	184	T	GGTCT	ok	True
chr5	23163072	23163073	-	0.870968	mod_ratio	31	41	T	CGTCC	ok	False
chr5	23206971	23206972	-	0.363144	mod_ratio	369	490	T	AGTCT	ok	True
chr5	23207037	23207038	-	0.168421	mod_ratio	285	313	T	TGTTT	ok	True
chr5	23207038	23207039	-	0.345992	mod_ratio	237	564	T	GTTTT	ok	False
chr5	23207044	23207045	-	0.120507	mod_ratio	473	542	T	GGTCT	ok	True
chr5	23209477	23209478	-	0.647059	mod_ratio	34	36	T	CGTTT	ok	False
chr5	23209867	23209868	-	0.821429	mod_ratio	28	29	T	CGTTT	ok	False
chr5	23219961	23219962	+	0.5	mod_ratio	44	48	A	AGACA	ok	True
chr5	23220353	23220354	+	0.522727	mod_ratio	44	53	A	GGACG	ok	False
chr5	23220570	23220571	+	0.617021	mod_ratio	47	56	A	AAACC	ok	True
chr5	23220600	23220601	+	0.54902	mod_ratio	51	57	A	GAACT	ok	True
chr5	23220682	23220683	+	0.641026	mod_ratio	39	57	A	AAACA	ok	True
chr5	23220803	23220804	+	0.5	mod_ratio	56	59	A	AAACG	ok	False
chr5	23220850	23220851	+	0.461538	mod_ratio	52	60	A	AAACT	ok	True
chr5	23229447	23229448	-	0.348101	mod_ratio	158	198	T	GGTCT	ok	True
chr5	23229607	23229608	-	0.301115	mod_ratio	269	291	T	AGTTT	ok	True
chr5	23230442	23230443	-	0.882075	mod_ratio	212	251	T	AGTTT	ok	True
chr5	23230512	23230513	-	0.422414	mod_ratio	232	264	T	GGTTT	ok	True
chr5	23230540	23230541	-	0.213333	mod_ratio	225	258	T	TGTTT	ok	True
chr5	23230592	23230593	-	0.521739	mod_ratio	138	182	T	TGTTT	ok	True
chr5	23231230	23231231	-	0.972222	mod_ratio	36	42	T	TGTCT	ok	True
chr5	23231238	23231239	-	0.657895	mod_ratio	38	43	T	TGTCT	ok	True
chr5	23271332	23271333	-	0.75	mod_ratio	32	36	T	TGTTT	ok	True
chr5	23271516	23271517	-	0.925926	mod_ratio	27	37	T	CGTTT	ok	False
chr5	23283809	23283810	-	0.958333	mod_ratio	24	35	T	CGTTT	ok	False
chr5	23283856	23283857	-	0.733333	mod_ratio	30	34	T	AGTTT	ok	True
chr5	23307444	23307445	-	0.333333	mod_ratio	66	119	T	AGTCC	ok	True
chr5	23307451	23307452	-	0.221239	mod_ratio	113	130	T	TGTTT	ok	True
chr5	23307482	23307483	-	0.705882	mod_ratio	119	137	T	CGTTT	ok	False
chr5	23307552	23307553	-	0.391892	mod_ratio	74	92	T	GGTTT	ok	True
chr5	23307590	23307591	-	0.417323	mod_ratio	127	136	T	CGTTC	ok	False
chr5	23307619	23307620	-	0.238938	mod_ratio	113	135	T	GGTTT	ok	True
chr5	23307678	23307679	-	0.225	mod_ratio	120	130	T	AGTTC	ok	True
chr5	23307710	23307711	-	0.256881	mod_ratio	109	126	T	GGTTC	ok	True
chr5	23307760	23307761	-	0.614286	mod_ratio	70	97	T	AGTTT	ok	True
chr5	23307863	23307864	-	0.47	mod_ratio	100	123	T	CGTCC	ok	False
chr5	23307873	23307874	-	0.368421	mod_ratio	114	122	T	TGTTC	ok	True
chr5	23308054	23308055	-	0.965517	mod_ratio	58	108	T	GTTTT	ok	False
chr5	23355868	23355869	+	0.5	mod_ratio	56	77	A	GAACG	ok	False
chr5	23356193	23356194	+	0.768293	mod_ratio	82	88	A	AGACG	ok	False
chr5	23356832	23356833	+	0.282353	mod_ratio	85	101	A	AAACA	ok	True
chr5	23408972	23408973	-	0.786585	mod_ratio	164	177	T	CGTTC	ok	False
chr5	23409048	23409049	-	0.660714	mod_ratio	112	161	T	CGTTT	ok	False
chr5	23420932	23420933	+	0.793103	mod_ratio	29	36	A	AAACA	ok	True
chr5	23422037	23422038	+	0.714286	mod_ratio	42	45	A	AAACT	ok	True
chr5	23423469	23423470	+	0.660714	mod_ratio	56	61	A	GGACG	ok	False
chr5	23427276	23427277	+	0.508197	mod_ratio	61	73	A	AAACT	ok	True
chr5	23427596	23427597	+	0.520548	mod_ratio	73	84	A	GAACG	ok	False
chr5	23427616	23427617	+	0.342105	mod_ratio	76	83	A	GAACT	ok	True
chr5	23427802	23427803	+	0.673469	mod_ratio	49	72	A	AAACA	ok	True
chr5	23436000	23436001	-	0.694444	mod_ratio	36	42	T	TGTTC	ok	True
chr5	23436218	23436219	-	0.709677	mod_ratio	31	39	T	GGTTT	ok	True
chr5	23441875	23441876	+	0.956522	mod_ratio	23	25	A	AGACA	ok	True
chr5	23442217	23442218	+	0.821429	mod_ratio	28	28	A	AAACG	ok	False
chr5	23443163	23443164	+	0.5	mod_ratio	44	48	A	AAACT	ok	True
chr5	23443194	23443195	+	0.594595	mod_ratio	37	49	A	GGACG	ok	False
chr5	23443227	23443228	+	0.782609	mod_ratio	46	49	A	AAACA	ok	True
chr5	23449763	23449764	-	0.827586	mod_ratio	29	30	T	GGTTT	ok	True
chr5	23449801	23449802	-	0.9375	mod_ratio	32	33	T	CGTTT	ok	False
chr5	23450308	23450309	-	0.9	mod_ratio	30	31	T	CGTTT	ok	False
chr5	23455254	23455255	+	0.578947	mod_ratio	38	43	A	AGACG	ok	False
chr5	23455841	23455842	+	0.574468	mod_ratio	47	50	A	AAACT	ok	True
chr5	23482633	23482634	+	0.888889	mod_ratio	27	36	A	AAACA	ok	True
chr5	23485904	23485905	+	0.846154	mod_ratio	26	28	A	AAACC	ok	True
chr5	23487170	23487171	-	0.666667	mod_ratio	36	48	T	AGTTC	ok	True
chr5	23488459	23488460	-	0.891892	mod_ratio	37	41	T	TGTTT	ok	True
chr5	23498352	23498353	+	0.75	mod_ratio	48	61	A	GGACG	ok	False
chr5	23499310	23499311	+	0.9375	mod_ratio	64	68	A	AGACA	ok	True
chr5	23499579	23499580	+	0.887097	mod_ratio	62	69	A	GGACA	ok	True
chr5	23500161	23500162	+	0.555556	mod_ratio	54	68	A	AAACT	ok	True
chr5	23500492	23500493	-	0.403727	mod_ratio	161	179	T	AGTCT	ok	True
chr5	23500684	23500685	-	0.526316	mod_ratio	152	173	T	CGTCC	ok	False
chr5	23500984	23500985	-	0.472727	mod_ratio	110	158	T	CGTTT	ok	False
chr5	23500989	23500990	-	0.309353	mod_ratio	139	159	T	CGTTC	ok	False
chr5	23515236	23515237	+	0.571429	mod_ratio	42	62	A	AGACG	ok	False
chr5	23515344	23515345	+	0.5	mod_ratio	118	124	A	AGACG	ok	False
chr5	23515861	23515862	+	0.175573	mod_ratio	131	137	A	GAACA	ok	True
chr5	23516442	23516443	+	0.484375	mod_ratio	128	155	A	AAACT	ok	True
chr5	23516457	23516458	+	0.408451	mod_ratio	142	158	A	GAACA	ok	True
chr5	23516545	23516546	+	0.612245	mod_ratio	49	152	A	AAACA	ok	True
chr5	23525497	23525498	+	0.675	mod_ratio	40	45	A	AAACT	ok	True
chr5	23525939	23525940	+	0.583333	mod_ratio	48	52	A	AGACA	ok	True
chr5	23526032	23526033	+	0.96	mod_ratio	50	56	A	AGACA	ok	True
chr5	23526598	23526599	+	0.634615	mod_ratio	52	58	A	GGACC	ok	True
chr5	23526886	23526887	+	0.9	mod_ratio	50	60	A	AGACA	ok	True
chr5	23527165	23527166	+	0.607143	mod_ratio	56	58	A	AAACT	ok	True
chr5	23527281	23527282	+	0.448276	mod_ratio	58	62	A	GAACT	ok	True
chr5	23528926	23528927	+	0.409639	mod_ratio	83	91	A	AGACC	ok	True
chr5	23529183	23529184	+	0.408602	mod_ratio	93	97	A	AAACT	ok	True
chr5	23529976	23529977	+	0.763158	mod_ratio	76	93	A	GGACA	ok	True
chr5	23556646	23556647	+	1	mod_ratio	26	28	A	AGACA	ok	True
chr5	23558621	23558622	-	0.604167	mod_ratio	48	63	T	TGTCC	ok	True
chr5	23558779	23558780	-	0.525424	mod_ratio	59	63	T	GGTCT	ok	True
chr5	23558827	23558828	-	0.705882	mod_ratio	51	61	T	GGTCT	ok	True
chr5	23559540	23559541	+	0.294118	mod_ratio	85	132	A	AGACT	ok	True
chr5	23559664	23559665	+	0.331034	mod_ratio	145	154	A	AAACT	ok	True
chr5	23559725	23559726	+	0.201439	mod_ratio	139	162	A	AAACC	ok	True
chr5	23559932	23559933	+	0.513158	mod_ratio	152	165	A	GAACG	ok	False
chr5	23560028	23560029	+	0.298701	mod_ratio	154	176	A	AGACT	ok	True
chr5	23561853	23561854	-	0.930556	mod_ratio	72	83	T	TGTTT	ok	True
chr5	23569267	23569268	+	0.586207	mod_ratio	58	63	A	GAACG	ok	False
chr5	23569330	23569331	+	0.918033	mod_ratio	61	65	A	AAACG	ok	False
chr5	23569363	23569364	+	0.644068	mod_ratio	59	65	A	AAACG	ok	False
chr5	23569804	23569805	+	0.367647	mod_ratio	68	70	A	AAACA	ok	True
chr5	23569846	23569847	+	0.451613	mod_ratio	62	71	A	GGACC	ok	True
chr5	23570145	23570146	+	0.608108	mod_ratio	74	81	A	AAACA	ok	True
chr5	23571134	23571135	+	0.470588	mod_ratio	51	90	A	GAACC	ok	True
chr5	23579749	23579750	-	0.612245	mod_ratio	49	68	T	TGTTT	ok	True
chr5	23579775	23579776	-	0.359375	mod_ratio	64	125	T	AGTTT	ok	True
chr5	23579781	23579782	-	0.40678	mod_ratio	118	168	T	AGTTC	ok	True
chr5	23579810	23579811	-	0.772414	mod_ratio	145	172	T	CGTTT	ok	False
chr5	23579811	23579812	-	0.382353	mod_ratio	102	272	T	GTTTC	ok	False
chr5	23579901	23579902	-	0.550943	mod_ratio	265	280	T	AGTTT	ok	True
chr5	23579991	23579992	-	0.385057	mod_ratio	174	294	T	TGTTC	ok	True
chr5	23579998	23579999	-	0.329545	mod_ratio	264	304	T	CGTCC	ok	False
chr5	23580189	23580190	-	0.150735	mod_ratio	272	286	T	AGTTC	ok	True
chr5	23581137	23581138	-	0.752632	mod_ratio	190	230	T	CGTCT	ok	False
chr5	23581353	23581354	-	0.20202	mod_ratio	198	218	T	TGTTC	ok	True
chr5	23581395	23581396	-	0.772727	mod_ratio	176	215	T	TGTCC	ok	True
chr5	23581412	23581413	-	0.588517	mod_ratio	209	215	T	CGTTC	ok	False
chr5	23581489	23581490	-	0.402235	mod_ratio	179	206	T	TGTTC	ok	True
chr5	23581535	23581536	-	0.365	mod_ratio	200	210	T	AGTTC	ok	True
chr5	23581586	23581587	-	0.379121	mod_ratio	182	198	T	AGTTT	ok	True
chr5	23581724	23581725	-	0.317881	mod_ratio	151	198	T	ACTTT	ok	False
chr5	23582192	23582193	-	0.66879	mod_ratio	157	171	T	GGTTT	ok	True
chr5	23582256	23582257	-	0.887324	mod_ratio	142	158	T	CGTTT	ok	False
chr5	23587163	23587164	+	0.705882	mod_ratio	34	34	A	GAACT	ok	True
chr5	23596633	23596634	+	0.421053	mod_ratio	76	92	A	GGACA	ok	True
chr5	23596670	23596671	+	0.375	mod_ratio	88	97	A	GAACA	ok	True
chr5	23596692	23596693	+	0.913043	mod_ratio	46	97	A	AAACG	ok	False
chr5	23596755	23596756	+	0.434783	mod_ratio	69	96	A	GAACT	ok	True
chr5	23619596	23619597	+	0.248731	mod_ratio	197	241	A	AAACA	ok	True
chr5	23619970	23619971	+	0.138528	mod_ratio	231	267	A	AAACT	ok	True
chr5	23620109	23620110	+	0.288889	mod_ratio	180	211	A	GGACC	ok	True
chr5	23620156	23620157	+	0.213115	mod_ratio	244	280	A	GAACA	ok	True
chr5	23620239	23620240	+	0.368217	mod_ratio	258	282	A	GGACG	ok	False
chr5	23620248	23620249	+	0.217228	mod_ratio	267	286	A	AGACC	ok	True
chr5	23620290	23620291	+	0.164	mod_ratio	250	287	A	AGACC	ok	True
chr5	23620328	23620329	+	0.426471	mod_ratio	272	291	A	GGACG	ok	False
chr5	23620472	23620473	+	0.238298	mod_ratio	235	267	A	AAACT	ok	True
chr5	23620502	23620503	+	0.858407	mod_ratio	226	291	A	GGACA	ok	True
chr5	23620669	23620670	+	0.21673	mod_ratio	263	311	A	AAACA	ok	True
chr5	23620696	23620697	+	0.198473	mod_ratio	262	301	A	AAACC	ok	True
chr5	23620725	23620726	+	0.937956	mod_ratio	274	312	A	AGACA	ok	True
chr5	23620932	23620933	+	0.821429	mod_ratio	280	319	A	AGACG	ok	False
chr5	23620950	23620951	+	0.365759	mod_ratio	257	296	A	AGACT	ok	True
chr5	23620989	23620990	+	0.496183	mod_ratio	262	286	A	AAACT	ok	True
chr5	23621023	23621024	+	0.339901	mod_ratio	203	239	A	AAACA	ok	True
chr5	23643182	23643183	+	0.709677	mod_ratio	31	44	A	AAACC	ok	True
chr5	23644513	23644514	+	0.789474	mod_ratio	57	61	A	AAACA	ok	True
chr5	23680241	23680242	-	0.545455	mod_ratio	44	53	T	TGTTC	ok	True
chr5	23681318	23681319	-	0.882353	mod_ratio	34	49	T	TGTCT	ok	True
chr5	23681371	23681372	-	0.604167	mod_ratio	48	49	T	AGTTC	ok	True
chr5	23718671	23718672	+	0.9375	mod_ratio	80	108	A	AGACA	ok	True
chr5	23718683	23718684	+	0.701923	mod_ratio	104	110	A	AAACT	ok	True
chr5	23719001	23719002	+	0.576577	mod_ratio	111	117	A	AAACT	ok	True
chr5	23719571	23719572	+	0.70339	mod_ratio	118	135	A	AAACG	ok	False
chr5	23719598	23719599	+	0.342105	mod_ratio	76	127	A	AGATT	ok	False
chr5	23726691	23726692	-	0.693878	mod_ratio	49	64	T	TGTCC	ok	True
chr5	23734593	23734594	+	0.384236	mod_ratio	203	224	A	AAACT	ok	True
chr5	23734631	23734632	+	0.248848	mod_ratio	217	230	A	AAACA	ok	True
chr5	23734805	23734806	+	0.685714	mod_ratio	210	237	A	AGACC	ok	True
chr5	23734943	23734944	+	0.788288	mod_ratio	222	241	A	AAACA	ok	True
chr5	23735086	23735087	+	0.209677	mod_ratio	186	245	A	AAACT	ok	True
chr5	23735259	23735260	+	0.152672	mod_ratio	262	288	A	AGACG	ok	False
chr5	23735266	23735267	+	0.195021	mod_ratio	241	279	A	AGACT	ok	True
chr5	23735520	23735521	+	0.68254	mod_ratio	126	298	A	AAACT	ok	True
chr5	23735550	23735551	+	0.122066	mod_ratio	213	298	A	GAACT	ok	True
chr5	23770114	23770115	-	0.596491	mod_ratio	57	63	T	AGTTT	ok	True
chr5	23770722	23770723	-	0.857143	mod_ratio	49	53	T	GGTCC	ok	True
chr5	23771696	23771697	-	0.641026	mod_ratio	39	41	T	GGTCT	ok	True
chr5	23801216	23801217	-	0.709677	mod_ratio	62	72	T	GGTCC	ok	True
chr5	23801256	23801257	-	0.681159	mod_ratio	69	71	T	GGTCC	ok	True
chr5	23801300	23801301	-	0.393443	mod_ratio	61	68	T	CGTTC	ok	False
chr5	23801321	23801322	-	0.492537	mod_ratio	67	69	T	TGTTC	ok	True
chr5	23801753	23801754	-	0.509434	mod_ratio	53	65	T	CGTCC	ok	False
chr5	23801768	23801769	-	0.8	mod_ratio	40	45	T	CGTTT	ok	False
chr5	23802976	23802977	-	0.897436	mod_ratio	39	40	T	CGTTT	ok	False
chr5	23815182	23815183	+	0.966667	mod_ratio	30	35	A	AAACG	ok	False
chr5	23834138	23834139	-	0.461538	mod_ratio	52	62	T	GGTTT	ok	True
chr5	23881391	23881392	+	0.522727	mod_ratio	44	50	A	AAACC	ok	True
chr5	23904007	23904008	+	0.870968	mod_ratio	31	32	A	AAACG	ok	False
chr5	23904250	23904251	+	0.935484	mod_ratio	31	33	A	AGACG	ok	False
chr5	23905254	23905255	+	0.837838	mod_ratio	37	41	A	AGACA	ok	True
chr5	23905857	23905858	+	0.973684	mod_ratio	38	45	A	GGACA	ok	True
chr5	23906516	23906517	+	0.734694	mod_ratio	49	50	A	GGACC	ok	True
chr5	23906854	23906855	+	0.777778	mod_ratio	36	53	A	AAACG	ok	False
chr5	23906961	23906962	+	0.75	mod_ratio	32	38	A	AAACC	ok	True
chr5	23915811	23915812	-	0.432836	mod_ratio	67	80	T	GGTTT	ok	True
chr5	23915817	23915818	-	0.275862	mod_ratio	87	99	T	AGTTT	ok	True
chr5	23915925	23915926	-	0.5	mod_ratio	92	95	T	TGTCT	ok	True
chr5	23915939	23915940	-	0.673913	mod_ratio	92	95	T	TGTCT	ok	True
chr5	23916100	23916101	-	0.9	mod_ratio	80	90	T	CGTCT	ok	False
chr5	23916110	23916111	-	0.3625	mod_ratio	80	87	T	AGTTC	ok	True
chr5	23916333	23916334	-	0.363636	mod_ratio	77	85	T	GGTTT	ok	True
chr5	23917042	23917043	-	0.61194	mod_ratio	67	74	T	TGTCT	ok	True
chr5	23919786	23919787	-	0.808511	mod_ratio	47	62	T	CGTTT	ok	False
chr5	23919796	23919797	-	0.431373	mod_ratio	51	64	T	GGTTT	ok	True
chr5	23920979	23920980	-	0.702128	mod_ratio	47	51	T	GGTCC	ok	True
chr5	23929225	23929226	+	0.617021	mod_ratio	47	53	A	GAACA	ok	True
chr5	23929651	23929652	+	0.489362	mod_ratio	47	55	A	AAACT	ok	True
chr5	23964049	23964050	+	0.8125	mod_ratio	32	33	A	AAACG	ok	False
chr5	23964563	23964564	+	0.852941	mod_ratio	34	41	A	AAACG	ok	False
chr5	23964567	23964568	+	0.578947	mod_ratio	38	41	A	GGACC	ok	True
chr5	23970668	23970669	+	0.944444	mod_ratio	36	37	A	AAACG	ok	False
chr5	23979629	23979630	-	0.571429	mod_ratio	63	72	T	GGTTT	ok	True
chr5	23979764	23979765	-	0.810345	mod_ratio	58	68	T	GGTCC	ok	True
chr5	23979893	23979894	-	0.372881	mod_ratio	59	67	T	AGTTT	ok	True
chr5	23980059	23980060	-	0.5	mod_ratio	54	70	T	TGTTC	ok	True
chr5	23980187	23980188	-	0.794118	mod_ratio	34	44	T	AGTTT	ok	True
chr5	23980188	23980189	-	0.958333	mod_ratio	24	68	T	GTTTT	ok	False
chr5	23980720	23980721	-	0.509091	mod_ratio	55	58	T	AGTTC	ok	True
chr5	23991737	23991738	-	0.755556	mod_ratio	45	52	T	CGTTT	ok	False
chr5	23996212	23996213	-	0.617021	mod_ratio	47	58	T	GGTTT	ok	True
chr5	23996321	23996322	-	0.383333	mod_ratio	60	64	T	CGTTC	ok	False
chr5	23996720	23996721	-	0.577778	mod_ratio	45	53	T	TGTCT	ok	True
chr5	24015565	24015566	-	0.781022	mod_ratio	137	255	T	TGTTC	ok	True
chr5	24015614	24015615	-	0.178947	mod_ratio	380	440	T	TGTCT	ok	True
chr5	24015648	24015649	-	0.666667	mod_ratio	378	449	T	GGTTT	ok	True
chr5	24015674	24015675	-	0.433962	mod_ratio	53	455	T	AGTTT	ok	True
chr5	24051628	24051629	+	0.771689	mod_ratio	219	282	A	AAACT	ok	True
chr5	24082368	24082369	-	0.848485	mod_ratio	33	37	T	CGTTT	ok	False
chr5	24083111	24083112	-	0.916667	mod_ratio	24	27	T	TGTTT	ok	True
chr5	24107508	24107509	-	0.787879	mod_ratio	33	39	T	TGTTT	ok	True
chr5	24112229	24112230	-	0.722222	mod_ratio	72	92	T	CGTCT	ok	False
chr5	24112313	24112314	-	0.233766	mod_ratio	231	286	T	AGTCT	ok	True
chr5	24112556	24112557	-	0.196491	mod_ratio	285	354	T	GGTCC	ok	True
chr5	24112695	24112696	-	0.952542	mod_ratio	295	350	T	TGTCT	ok	True
chr5	24112718	24112719	-	0.119565	mod_ratio	276	349	T	GGTCC	ok	True
chr5	24112955	24112956	-	0.348123	mod_ratio	293	327	T	TGTTT	ok	True
chr5	24115761	24115762	-	0.192982	mod_ratio	171	214	T	CGTTC	ok	False
chr5	24116080	24116081	-	0.333333	mod_ratio	102	124	T	GGTTT	ok	True
chr5	24116175	24116176	-	0.733333	mod_ratio	150	183	T	AGTTT	ok	True
chr5	24121190	24121191	+	0.136842	mod_ratio	285	308	A	GGACA	ok	True
chr5	24121268	24121269	+	0.403226	mod_ratio	372	423	A	AAACC	ok	True
chr5	24121485	24121486	+	0.127226	mod_ratio	393	438	A	GGACA	ok	True
chr5	24121530	24121531	+	0.11054	mod_ratio	389	448	A	GGACA	ok	True
chr5	24121551	24121552	+	0.80597	mod_ratio	402	451	A	AGACG	ok	False
chr5	24121663	24121664	+	0.510152	mod_ratio	394	441	A	AAACT	ok	True
chr5	24121727	24121728	+	0.388268	mod_ratio	358	450	A	GAACA	ok	True
chr5	24121803	24121804	+	0.214511	mod_ratio	317	412	A	AAACT	ok	True
chr5	24121850	24121851	+	0.422727	mod_ratio	220	327	A	GAACC	ok	True
chr5	24121862	24121863	+	0.553763	mod_ratio	186	299	A	AAACA	ok	True
chr5	24123144	24123145	+	0.35	mod_ratio	160	175	A	GAACT	ok	True
chr5	24123498	24123499	+	0.133333	mod_ratio	165	191	A	GGACA	ok	True
chr5	24123601	24123602	+	0.321429	mod_ratio	168	190	A	AAACT	ok	True
chr5	24127176	24127177	+	0.636704	mod_ratio	267	319	A	AAACC	ok	True
chr5	24127184	24127185	+	0.426923	mod_ratio	260	329	A	AAACC	ok	True
chr5	24127196	24127197	+	0.395062	mod_ratio	162	338	A	AAACC	ok	True
chr5	24127243	24127244	+	0.52459	mod_ratio	305	364	A	AAACC	ok	True
chr5	24127306	24127307	+	0.284457	mod_ratio	341	388	A	AAACC	ok	True
chr5	24127540	24127541	+	0.382514	mod_ratio	366	427	A	AAACC	ok	True
chr5	24127625	24127626	+	0.153846	mod_ratio	208	419	A	GGACT	ok	True
chr5	24140685	24140686	+	0.852941	mod_ratio	34	39	A	AAACT	ok	True
chr5	24141526	24141527	+	0.660377	mod_ratio	53	59	A	AAACC	ok	True
chr5	24143150	24143151	-	0.684211	mod_ratio	38	40	T	AGTTC	ok	True
chr5	24275882	24275883	-	0.494624	mod_ratio	93	105	T	CGTCT	ok	False
chr5	24280055	24280056	+	0.278351	mod_ratio	97	336	A	AAACA	ok	True
chr5	24280131	24280132	+	0.666667	mod_ratio	321	346	A	AAACC	ok	True
chr5	24280339	24280340	+	0.182663	mod_ratio	323	357	A	GAACG	ok	False
chr5	24280427	24280428	+	0.159468	mod_ratio	301	347	A	AAACT	ok	True
chr5	24280918	24280919	+	0.135593	mod_ratio	354	380	A	GAACT	ok	True
chr5	24280974	24280975	+	0.13253	mod_ratio	332	381	A	AAACA	ok	True
chr5	24281181	24281182	+	0.219512	mod_ratio	369	391	A	GGACA	ok	True
chr5	24281501	24281502	+	0.799492	mod_ratio	394	430	A	AAACC	ok	True
chr5	24281523	24281524	+	0.479167	mod_ratio	96	431	A	AAACG	ok	False
chr5	24282010	24282011	+	0.102564	mod_ratio	468	487	A	GAACA	ok	True
chr5	24282218	24282219	+	0.691218	mod_ratio	353	437	A	AGACA	ok	True
chr5	24282237	24282238	+	0.451351	mod_ratio	370	456	A	GGACT	ok	True
chr5	24282310	24282311	+	0.402597	mod_ratio	385	473	A	AAACT	ok	True
chr5	24282317	24282318	+	0.737569	mod_ratio	362	474	A	AGACG	ok	False
chr5	24282354	24282355	+	0.215278	mod_ratio	144	227	A	GAACA	ok	True
chr5	24289406	24289407	+	0.717445	mod_ratio	407	490	A	GGACA	ok	True
chr5	24289468	24289469	+	0.653439	mod_ratio	378	411	A	AGACC	ok	True
chr5	24289471	24289472	+	0.366197	mod_ratio	71	494	A	CCACC	ok	False
chr5	24289506	24289507	+	0.137421	mod_ratio	473	497	A	GGACA	ok	True
chr5	24289621	24289622	+	0.305499	mod_ratio	491	525	A	AGACC	ok	True
chr5	24289920	24289921	+	0.318841	mod_ratio	69	553	A	AGACA	ok	True
chr5	24290016	24290017	+	0.702652	mod_ratio	528	598	A	AGACA	ok	True
chr5	24290069	24290070	+	0.465364	mod_ratio	563	607	A	GAACG	ok	False
chr5	24290083	24290084	+	0.822695	mod_ratio	423	612	A	GGACG	ok	False
chr5	24290093	24290094	+	0.363958	mod_ratio	566	612	A	AGACT	ok	True
chr5	24290331	24290332	+	0.18894	mod_ratio	434	629	A	GAACC	ok	True
chr5	24290554	24290555	+	0.442338	mod_ratio	633	764	A	GGACG	ok	False
chr5	24290613	24290614	+	0.542857	mod_ratio	105	771	A	GGACA	ok	True
chr5	24290622	24290623	+	0.518629	mod_ratio	671	777	A	GGACC	ok	True
chr5	24290679	24290680	+	0.170487	mod_ratio	698	766	A	AGACT	ok	True
chr5	24290724	24290725	+	0.630435	mod_ratio	46	736	A	AAAAC	ok	False
chr5	24290725	24290726	+	0.420962	mod_ratio	582	754	A	AAACT	ok	True
chr5	24290796	24290797	+	0.692308	mod_ratio	130	725	A	GGATA	ok	False
chr5	24290807	24290808	+	0.428829	mod_ratio	555	660	A	AGACT	ok	True
chr5	24290843	24290844	+	0.671875	mod_ratio	64	618	A	GGATA	ok	False
chr5	24290858	24290859	+	0.320611	mod_ratio	131	222	A	AAACT	ok	True
chr5	24359597	24359598	+	0.578947	mod_ratio	57	63	A	AAACC	ok	True
chr5	24359746	24359747	+	0.947368	mod_ratio	57	64	A	AGACA	ok	True
chr5	24359774	24359775	+	0.833333	mod_ratio	54	63	A	AGACG	ok	False
chr5	24359849	24359850	+	0.836066	mod_ratio	61	66	A	AAACG	ok	False
chr5	24359885	24359886	+	0.666667	mod_ratio	63	66	A	GAACT	ok	True
chr5	24360428	24360429	+	0.952381	mod_ratio	63	74	A	AGACG	ok	False
chr5	24360626	24360627	+	0.626866	mod_ratio	67	81	A	GGACA	ok	True
chr5	24360987	24360988	+	0.4625	mod_ratio	80	90	A	GGACG	ok	False
chr5	24361076	24361077	+	0.521739	mod_ratio	69	90	A	GGACG	ok	False
chr5	24361162	24361163	+	0.493671	mod_ratio	79	95	A	GGACA	ok	True
chr5	24361176	24361177	+	0.309859	mod_ratio	71	83	A	AAACT	ok	True
chr5	24361316	24361317	+	0.472222	mod_ratio	72	103	A	GGACG	ok	False
chr5	24361626	24361627	+	0.319588	mod_ratio	97	104	A	GAACT	ok	True
chr5	24361936	24361937	+	0.518868	mod_ratio	106	113	A	AAACG	ok	False
chr5	24362211	24362212	+	0.348214	mod_ratio	112	124	A	AAACA	ok	True
chr5	24362436	24362437	+	0.5125	mod_ratio	80	121	A	AAACT	ok	True
chr5	24362570	24362571	+	0.19469	mod_ratio	113	131	A	GGACA	ok	True
chr5	24362702	24362703	+	0.723881	mod_ratio	134	146	A	AGACG	ok	False
chr5	24363282	24363283	+	0.789809	mod_ratio	157	167	A	AAACG	ok	False
chr5	24363314	24363315	+	0.396396	mod_ratio	111	167	A	AAACT	ok	True
chr5	24363385	24363386	+	0.5	mod_ratio	122	170	A	GAACA	ok	True
chr5	24371059	24371060	-	0.766667	mod_ratio	30	41	T	AGTCC	ok	True
chr5	24371150	24371151	-	0.433962	mod_ratio	53	56	T	CGTCC	ok	False
chr5	24371263	24371264	-	0.469388	mod_ratio	49	54	T	GGTTT	ok	True
chr5	24371600	24371601	-	0.431373	mod_ratio	51	52	T	TGTTC	ok	True
chr5	24372005	24372006	-	0.777778	mod_ratio	45	48	T	CGTTC	ok	False
chr5	24372324	24372325	-	0.675	mod_ratio	40	44	T	ACTTT	ok	False
chr5	24373038	24373039	-	0.868421	mod_ratio	38	38	T	TGTTT	ok	True
chr5	24381123	24381124	-	0.20614	mod_ratio	228	248	T	GGTCT	ok	True
chr5	24381181	24381182	-	0.58371	mod_ratio	221	244	T	TGTTC	ok	True
chr5	24381266	24381267	-	0.579439	mod_ratio	214	238	T	TGTTT	ok	True
chr5	24453476	24453477	-	0.911765	mod_ratio	34	38	T	TGTTT	ok	True
chr5	24453950	24453951	-	0.897436	mod_ratio	39	43	T	TGTCT	ok	True
chr5	24511408	24511409	-	0.480769	mod_ratio	52	60	T	CGTTT	ok	False
chr5	24511751	24511752	-	0.865385	mod_ratio	52	55	T	CGTCT	ok	False
chr5	24512283	24512284	-	0.771429	mod_ratio	35	51	T	GGTTT	ok	True
chr5	24512363	24512364	-	0.44898	mod_ratio	49	51	T	TGTTC	ok	True
chr5	24512527	24512528	-	0.734694	mod_ratio	49	51	T	GGTCT	ok	True
chr5	24512569	24512570	-	0.695652	mod_ratio	46	51	T	GGTCC	ok	True
chr5	24558470	24558471	-	0.787879	mod_ratio	33	34	T	GGTCT	ok	True
chr5	24587559	24587560	-	0.655738	mod_ratio	61	77	T	TGTCC	ok	True
chr5	24588922	24588923	-	0.680851	mod_ratio	47	60	T	TGTCT	ok	True
chr5	24611172	24611173	+	0.827586	mod_ratio	261	392	A	AAACA	ok	True
chr5	24611529	24611530	+	0.21813	mod_ratio	353	402	A	AGACT	ok	True
chr5	24611740	24611741	+	0.306283	mod_ratio	382	428	A	GAACG	ok	False
chr5	24612282	24612283	+	0.283784	mod_ratio	148	439	A	AAACC	ok	True
chr5	24612334	24612335	+	0.353846	mod_ratio	65	420	A	AAATT	ok	False
chr5	24624241	24624242	+	0.958333	mod_ratio	24	32	A	AAACA	ok	True
chr5	24625334	24625335	+	0.72973	mod_ratio	37	39	A	AAACC	ok	True
chr5	24630166	24630167	+	0.861111	mod_ratio	36	45	A	GGACC	ok	True
chr5	24630208	24630209	+	0.615385	mod_ratio	39	45	A	AGACT	ok	True
chr5	24630441	24630442	+	0.690476	mod_ratio	42	46	A	AAACG	ok	False
chr5	24631467	24631468	+	0.926829	mod_ratio	41	49	A	AAACT	ok	True
chr5	24653454	24653455	-	0.575	mod_ratio	40	54	T	TGTCT	ok	True
chr5	24653618	24653619	-	0.423729	mod_ratio	59	64	T	CGTTC	ok	False
chr5	24683639	24683640	-	0.458333	mod_ratio	48	595	T	AGTCA	ok	True
chr5	24683679	24683680	-	0.483871	mod_ratio	434	491	T	TGTTT	ok	True
chr5	24683709	24683710	-	0.402174	mod_ratio	92	677	T	TATCC	ok	False
chr5	24683771	24683772	-	0.367378	mod_ratio	656	754	T	AGTTT	ok	True
chr5	24684049	24684050	-	0.228916	mod_ratio	415	753	T	AGTTT	ok	True
chr5	24684059	24684060	-	0.225895	mod_ratio	726	779	T	AGTCT	ok	True
chr5	24684238	24684239	-	0.115789	mod_ratio	665	758	T	AGTCC	ok	True
chr5	24684772	24684773	-	0.239683	mod_ratio	630	699	T	GGTTC	ok	True
chr5	24684944	24684945	-	0.5	mod_ratio	58	658	T	TGTTC	ok	True
chr5	24685007	24685008	-	0.290435	mod_ratio	575	670	T	GGTTC	ok	True
chr5	24685169	24685170	-	0.600666	mod_ratio	601	661	T	GGTCC	ok	True
chr5	24685200	24685201	-	0.119932	mod_ratio	592	658	T	CGTCC	ok	False
chr5	24685919	24685920	-	0.109589	mod_ratio	365	558	T	CGTTT	ok	False
chr5	24689459	24689460	-	0.840909	mod_ratio	44	48	T	TGTTT	ok	True
chr5	24689577	24689578	-	0.765957	mod_ratio	47	52	T	TGTCT	ok	True
chr5	24690574	24690575	-	0.793103	mod_ratio	29	36	T	CGTTT	ok	False
chr5	24708244	24708245	+	0.589744	mod_ratio	39	40	A	AAACA	ok	True
chr5	24708562	24708563	+	0.744681	mod_ratio	47	50	A	AGACG	ok	False
chr5	24708651	24708652	+	0.568627	mod_ratio	51	51	A	AAACA	ok	True
chr5	24708669	24708670	+	0.608696	mod_ratio	46	50	A	AAACG	ok	False
chr5	24737341	24737342	-	0.6875	mod_ratio	32	36	T	TGTCC	ok	True
chr5	24764656	24764657	-	0.596154	mod_ratio	52	58	T	AGTTT	ok	True
chr5	24764943	24764944	-	0.431373	mod_ratio	51	57	T	TGTCT	ok	True
chr5	24764977	24764978	-	0.666667	mod_ratio	45	58	T	GGTTT	ok	True
chr5	24765093	24765094	-	0.48	mod_ratio	50	54	T	GGTTC	ok	True
chr5	24765099	24765100	-	0.714286	mod_ratio	35	51	T	AGTTT	ok	True
chr5	24783933	24783934	+	0.942029	mod_ratio	69	76	A	AAACA	ok	True
chr5	24784132	24784133	+	0.42029	mod_ratio	69	76	A	AAACA	ok	True
chr5	24785336	24785337	+	0.956522	mod_ratio	46	67	A	AGACA	ok	True
chr5	24827391	24827392	-	0.372093	mod_ratio	86	95	T	TGTTC	ok	True
chr5	24827405	24827406	-	0.392857	mod_ratio	84	95	T	CGTCT	ok	False
chr5	24827708	24827709	-	0.341176	mod_ratio	85	89	T	AGTTC	ok	True
chr5	24827837	24827838	-	0.307692	mod_ratio	78	87	T	TGTTC	ok	True
chr5	24828054	24828055	-	0.60274	mod_ratio	73	82	T	TGTCT	ok	True
chr5	24828125	24828126	-	0.612903	mod_ratio	62	82	T	TGTCC	ok	True
chr5	24828172	24828173	-	0.984127	mod_ratio	63	79	T	TGTCT	ok	True
chr5	24828541	24828542	-	0.44898	mod_ratio	49	63	T	CGTCC	ok	False
chr5	24828681	24828682	-	0.704545	mod_ratio	44	48	T	GGTTT	ok	True
chr5	24829557	24829558	-	0.846154	mod_ratio	39	43	T	CGTTT	ok	False
chr5	24829636	24829637	-	0.975	mod_ratio	40	44	T	TGTCT	ok	True
chr5	24834334	24834335	-	0.821429	mod_ratio	28	67	T	AGTTT	ok	True
chr5	24834371	24834372	-	0.144578	mod_ratio	166	193	T	AGTTC	ok	True
chr5	24834491	24834492	-	0.322581	mod_ratio	93	118	T	GGTTT	ok	True
chr5	24834537	24834538	-	0.16	mod_ratio	200	221	T	CGTTT	ok	False
chr5	24834763	24834764	-	0.272222	mod_ratio	180	201	T	TGTTT	ok	True
chr5	24834787	24834788	-	0.205128	mod_ratio	156	213	T	GGTTC	ok	True
chr5	24835234	24835235	-	0.512195	mod_ratio	164	186	T	GGTTT	ok	True
chr5	24835426	24835427	-	0.751592	mod_ratio	157	176	T	TGTCC	ok	True
chr5	24835645	24835646	-	0.377193	mod_ratio	114	158	T	TGTCT	ok	True
chr5	24835757	24835758	-	0.452055	mod_ratio	146	155	T	GGTTT	ok	True
chr5	24835782	24835783	-	0.569444	mod_ratio	144	155	T	TGTCT	ok	True
chr5	24892934	24892935	+	0.758621	mod_ratio	29	33	A	GAACG	ok	False
chr5	24893188	24893189	+	0.741935	mod_ratio	31	35	A	AAACG	ok	False
chr5	24913926	24913927	+	0.741935	mod_ratio	31	37	A	GGACA	ok	True
chr5	24914103	24914104	+	0.846154	mod_ratio	39	41	A	AAACG	ok	False
chr5	24914309	24914310	+	0.641026	mod_ratio	39	44	A	GGACA	ok	True
chr5	24914630	24914631	+	0.756098	mod_ratio	41	47	A	GGACG	ok	False
chr5	24954548	24954549	-	0.458333	mod_ratio	48	60	T	GGTTT	ok	True
chr5	24954660	24954661	-	0.830508	mod_ratio	59	65	T	GGTCT	ok	True
chr5	24954704	24954705	-	0.45614	mod_ratio	57	67	T	CGTCC	ok	False
chr5	24955195	24955196	-	0.733333	mod_ratio	45	60	T	TGTTC	ok	True
chr5	24955280	24955281	-	0.657143	mod_ratio	35	50	T	AGTTT	ok	True
chr5	24980502	24980503	-	0.706897	mod_ratio	58	65	T	AGTTT	ok	True
chr5	24980532	24980533	-	0.431034	mod_ratio	58	68	T	GGTTC	ok	True
chr5	24980792	24980793	-	0.6	mod_ratio	40	48	T	TGTTT	ok	True
chr5	24982071	24982072	-	0.621622	mod_ratio	37	45	T	AGTTT	ok	True
chr5	25020957	25020958	+	0.961538	mod_ratio	26	31	A	AGACC	ok	True
chr5	25021269	25021270	-	0.728188	mod_ratio	298	368	T	GGTTT	ok	True
chr5	25021426	25021427	-	0.121581	mod_ratio	329	395	T	GGTTC	ok	True
chr5	25021514	25021515	-	0.495356	mod_ratio	323	398	T	TGTCC	ok	True
chr5	25021527	25021528	-	0.227273	mod_ratio	352	395	T	GGTTC	ok	True
chr5	25021815	25021816	-	0.195652	mod_ratio	322	366	T	AGTCT	ok	True
chr5	25022208	25022209	-	0.478873	mod_ratio	284	366	T	GGTTT	ok	True
chr5	25037612	25037613	+	0.604651	mod_ratio	43	54	A	AAACT	ok	True
chr5	25037706	25037707	+	0.533333	mod_ratio	45	56	A	AAACG	ok	False
chr5	25037719	25037720	+	0.692308	mod_ratio	39	55	A	AGACC	ok	True
chr5	25038057	25038058	+	0.72093	mod_ratio	43	70	A	GGACA	ok	True
chr5	25038064	25038065	+	0.881356	mod_ratio	59	71	A	AAACC	ok	True
chr5	25038118	25038119	+	0.430769	mod_ratio	65	72	A	AAACT	ok	True
chr5	25052390	25052391	-	0.869565	mod_ratio	46	58	T	CGTTT	ok	False
chr5	25052449	25052450	-	0.980769	mod_ratio	52	55	T	TGTCT	ok	True
chr5	25053021	25053022	-	0.52381	mod_ratio	42	50	T	GGTCC	ok	True
chr5	25099534	25099535	-	0.923077	mod_ratio	39	49	T	TGTCT	ok	True
chr5	25099594	25099595	-	0.883721	mod_ratio	43	47	T	TGTCT	ok	True
chr5	25099738	25099739	-	0.947368	mod_ratio	38	43	T	AGTTT	ok	True
chr5	25099899	25099900	-	0.6	mod_ratio	45	51	T	GGTCC	ok	True
chr5	25100164	25100165	-	0.909091	mod_ratio	44	48	T	CGTTT	ok	False
chr5	25100360	25100361	-	0.804878	mod_ratio	41	46	T	GGTCC	ok	True
chr5	25105047	25105048	+	0.507937	mod_ratio	63	69	A	AAACC	ok	True
chr5	25118112	25118113	+	0.510204	mod_ratio	49	56	A	AAACT	ok	True
chr5	25164930	25164931	+	0.784314	mod_ratio	51	56	A	AAACC	ok	True
chr5	25164991	25164992	+	0.6	mod_ratio	50	55	A	AAACT	ok	True
chr5	25181521	25181522	+	0.568627	mod_ratio	51	64	A	AAACC	ok	True
chr5	25181795	25181796	+	0.414286	mod_ratio	70	85	A	GGACC	ok	True
chr5	25182294	25182295	+	0.666667	mod_ratio	87	99	A	AAACT	ok	True
chr5	25182824	25182825	+	0.329897	mod_ratio	97	102	A	GAACC	ok	True
chr5	25183071	25183072	+	0.666667	mod_ratio	96	113	A	GGACG	ok	False
chr5	25183358	25183359	+	0.424779	mod_ratio	113	124	A	GGACG	ok	False
chr5	25184736	25184737	+	0.405797	mod_ratio	69	84	A	GGACC	ok	True
chr5	25184832	25184833	+	0.376471	mod_ratio	85	91	A	GAACT	ok	True
chr5	25185237	25185238	+	0.543478	mod_ratio	92	98	A	AAACT	ok	True
chr5	25185956	25185957	+	0.329897	mod_ratio	97	117	A	GGACT	ok	True
chr5	25185996	25185997	+	0.708738	mod_ratio	103	120	A	GGACG	ok	False
chr5	25186283	25186284	+	0.496454	mod_ratio	141	150	A	GGACG	ok	False
chr5	25186445	25186446	+	0.308511	mod_ratio	94	152	A	AAACC	ok	True
chr5	25194950	25194951	+	0.403509	mod_ratio	57	67	A	GAACG	ok	False
chr5	25202066	25202067	+	0.884615	mod_ratio	26	30	A	AAACG	ok	False
chr5	25214197	25214198	-	0.818182	mod_ratio	110	124	T	GGTTT	ok	True
chr5	25214211	25214212	-	0.957895	mod_ratio	95	121	T	AGTTT	ok	True
chr5	25214220	25214221	-	0.538462	mod_ratio	65	92	T	TGTTC	ok	True
chr5	25214469	25214470	-	0.883929	mod_ratio	112	125	T	CGTTT	ok	False
chr5	25214685	25214686	-	0.626168	mod_ratio	107	131	T	CGTCC	ok	False
chr5	25214728	25214729	-	0.765766	mod_ratio	111	131	T	TGTCT	ok	True
chr5	25215260	25215261	-	0.263736	mod_ratio	91	123	T	TGTTT	ok	True
chr5	25215492	25215493	-	0.389381	mod_ratio	113	119	T	TGTTC	ok	True
chr5	25215498	25215499	-	0.792079	mod_ratio	101	112	T	AGTTT	ok	True
chr5	25215854	25215855	-	0.408163	mod_ratio	98	112	T	TGTTC	ok	True
chr5	25215887	25215888	-	0.232323	mod_ratio	99	108	T	TGTTT	ok	True
chr5	25216245	25216246	-	0.284091	mod_ratio	88	99	T	AGTTT	ok	True
chr5	25216252	25216253	-	0.265306	mod_ratio	98	103	T	AGTCC	ok	True
chr5	25216656	25216657	-	0.527473	mod_ratio	91	99	T	TGTCT	ok	True
chr5	25217208	25217209	-	0.786667	mod_ratio	75	86	T	AGTTT	ok	True
chr5	25217278	25217279	-	0.472973	mod_ratio	74	81	T	AGTTT	ok	True
chr5	25217297	25217298	-	0.2875	mod_ratio	80	89	T	AGTCT	ok	True
chr5	25223218	25223219	+	0.675676	mod_ratio	37	55	A	AAACC	ok	True
chr5	25223286	25223287	+	0.407407	mod_ratio	54	59	A	AAACA	ok	True
chr5	25223300	25223301	+	0.40678	mod_ratio	59	61	A	GAACC	ok	True
chr5	25223573	25223574	+	0.370968	mod_ratio	62	65	A	AAACA	ok	True
chr5	25246575	25246576	+	0.862069	mod_ratio	29	39	A	AAACA	ok	True
chr5	25246926	25246927	+	0.589744	mod_ratio	39	40	A	GGACA	ok	True
chr5	25246986	25246987	+	0.676471	mod_ratio	34	45	A	GGACA	ok	True
chr5	25287277	25287278	+	0.614035	mod_ratio	57	69	A	GGACA	ok	True
chr5	25287294	25287295	+	0.716667	mod_ratio	60	69	A	AAACG	ok	False
chr5	25287528	25287529	+	0.509091	mod_ratio	55	68	A	AAACT	ok	True
chr5	25330383	25330384	+	0.627907	mod_ratio	43	50	A	AAACC	ok	True
chr5	25330522	25330523	+	0.808511	mod_ratio	47	53	A	AAACA	ok	True
chr5	25333362	25333363	-	0.515789	mod_ratio	95	125	T	AGTTT	ok	True
chr5	25334154	25334155	-	0.824074	mod_ratio	108	115	T	TGTCT	ok	True
chr5	25334171	25334172	-	0.782178	mod_ratio	101	114	T	GGTCC	ok	True
chr5	25334467	25334468	-	0.728395	mod_ratio	81	99	T	TGTTC	ok	True
chr5	25335358	25335359	-	0.4	mod_ratio	70	85	T	CGTTT	ok	False
chr5	25335376	25335377	-	0.818182	mod_ratio	55	75	T	CGTTT	ok	False
chr5	25335401	25335402	-	0.719298	mod_ratio	57	77	T	CGTTT	ok	False
chr5	25342042	25342043	-	0.727273	mod_ratio	33	40	T	TGTCC	ok	True
chr5	25342364	25342365	-	0.766667	mod_ratio	30	36	T	CGTCT	ok	False
chr5	25348000	25348001	+	0.903226	mod_ratio	31	33	A	AAACG	ok	False
chr5	25348107	25348108	+	0.766667	mod_ratio	30	36	A	AAACA	ok	True
chr5	25348474	25348475	+	0.805556	mod_ratio	36	39	A	GAACG	ok	False
chr5	25371957	25371958	-	0.411765	mod_ratio	136	183	T	GTTTT	ok	False
chr5	25372500	25372501	-	0.648649	mod_ratio	37	261	T	GTTTT	ok	False
chr5	25373174	25373175	-	0.431472	mod_ratio	197	229	T	AGTTT	ok	True
chr5	25373385	25373386	-	0.395	mod_ratio	200	225	T	GGTTT	ok	True
chr5	25373723	25373724	-	0.527919	mod_ratio	197	220	T	TGTTC	ok	True
chr5	25373773	25373774	-	0.137363	mod_ratio	182	222	T	AGTTT	ok	True
chr5	25373807	25373808	-	0.17	mod_ratio	200	221	T	AGTCC	ok	True
chr5	25393266	25393267	-	0.341667	mod_ratio	120	128	T	AGTCT	ok	True
chr5	25393334	25393335	-	0.27	mod_ratio	100	113	T	TGTTT	ok	True
chr5	25393471	25393472	-	0.44898	mod_ratio	98	121	T	AGTTT	ok	True
chr5	25393937	25393938	-	0.490566	mod_ratio	106	117	T	AGTCC	ok	True
chr5	25394170	25394171	-	0.293578	mod_ratio	109	115	T	GGTCT	ok	True
chr5	25394276	25394277	-	0.755102	mod_ratio	98	112	T	GGTCC	ok	True
chr5	25394715	25394716	-	0.705263	mod_ratio	95	111	T	CGTTT	ok	False
chr5	25394774	25394775	-	0.257143	mod_ratio	105	112	T	CGTCT	ok	False
chr5	25416027	25416028	-	0.725	mod_ratio	40	51	T	GGTTC	ok	True
chr5	25416514	25416515	-	0.738095	mod_ratio	42	50	T	TGTCC	ok	True
chr5	25423646	25423647	+	0.6875	mod_ratio	32	39	A	AAACG	ok	False
chr5	25424160	25424161	+	0.393939	mod_ratio	66	74	A	AAACC	ok	True
chr5	25424238	25424239	+	0.451613	mod_ratio	62	77	A	GGACA	ok	True
chr5	25424315	25424316	+	0.540541	mod_ratio	74	81	A	GGACG	ok	False
chr5	25425366	25425367	+	0.413333	mod_ratio	75	85	A	AGACC	ok	True
chr5	25425480	25425481	+	0.361111	mod_ratio	72	89	A	AAACC	ok	True
chr5	25425497	25425498	+	0.329268	mod_ratio	82	86	A	AAACT	ok	True
chr5	25425738	25425739	+	0.474359	mod_ratio	78	89	A	AAACG	ok	False
chr5	25425785	25425786	+	0.539683	mod_ratio	63	75	A	AAACT	ok	True
chr5	25435384	25435385	+	0.837838	mod_ratio	37	41	A	GGACG	ok	False
chr5	25435623	25435624	+	0.787879	mod_ratio	33	43	A	AAACG	ok	False
chr5	25452392	25452393	+	0.571429	mod_ratio	56	62	A	GGACA	ok	True
chr5	25452487	25452488	+	0.75	mod_ratio	56	63	A	AGACG	ok	False
chr5	25453315	25453316	+	0.810811	mod_ratio	74	88	A	AGACA	ok	True
chr5	25460937	25460938	-	0.970588	mod_ratio	34	46	T	TGTCT	ok	True
chr5	25461466	25461467	-	0.630435	mod_ratio	46	53	T	CGTCC	ok	False
chr5	25461635	25461636	-	0.851064	mod_ratio	47	53	T	CGTCT	ok	False
chr5	25461929	25461930	-	0.684211	mod_ratio	38	43	T	CGTCC	ok	False
chr5	25489237	25489238	+	0.492308	mod_ratio	65	87	A	AAACG	ok	False
chr5	25489317	25489318	+	0.513889	mod_ratio	72	86	A	AAACA	ok	True
chr5	25489382	25489383	+	0.410714	mod_ratio	56	71	A	AGACT	ok	True
chr5	25525586	25525587	+	0.851852	mod_ratio	27	33	A	AAACG	ok	False
chr5	25527573	25527574	-	0.821429	mod_ratio	28	31	T	CGTTT	ok	False
chr5	25565576	25565577	-	0.72973	mod_ratio	37	50	T	TGTCT	ok	True
chr5	25565611	25565612	-	0.828571	mod_ratio	35	50	T	TGTTT	ok	True
chr5	25565813	25565814	-	0.511111	mod_ratio	45	51	T	GGTTT	ok	True
chr5	25565817	25565818	-	0.575	mod_ratio	40	51	T	TGTCC	ok	True
chr5	25565932	25565933	-	0.659574	mod_ratio	47	47	T	TGTTC	ok	True
chr5	25609952	25609953	+	0.846154	mod_ratio	39	49	A	GGACG	ok	False
chr5	25611105	25611106	+	0.909091	mod_ratio	55	62	A	AGACG	ok	False
chr5	25611502	25611503	+	0.738462	mod_ratio	65	69	A	GGACC	ok	True
chr5	25611704	25611705	+	0.704918	mod_ratio	61	67	A	GGACA	ok	True
chr5	25628562	25628563	-	0.745455	mod_ratio	55	127	T	GGTTT	ok	True
chr5	25628563	25628564	-	0.789474	mod_ratio	95	234	T	GTTTT	ok	False
chr5	25628619	25628620	-	0.309091	mod_ratio	715	871	T	AGTTT	ok	True
chr5	25628620	25628621	-	0.57072	mod_ratio	403	1278	T	GTTTT	ok	False
chr5	25628763	25628764	-	0.135845	mod_ratio	3769	4446	T	TGTCC	ok	True
chr5	25628990	25628991	-	0.425926	mod_ratio	162	4178	T	AGTTT	ok	True
chr5	25629117	25629118	-	0.226635	mod_ratio	2921	3473	T	GGTTT	ok	True
chr5	25629289	25629290	-	0.211071	mod_ratio	3577	4119	T	TGTTT	ok	True
chr5	25629449	25629450	-	0.255474	mod_ratio	137	2867	T	AGTTT	ok	True
chr5	25629458	25629459	-	0.419048	mod_ratio	105	465	T	AGTTT	ok	True
chr5	25651076	25651077	-	0.686567	mod_ratio	67	76	T	CGTCT	ok	False
chr5	25651351	25651352	-	0.483871	mod_ratio	62	70	T	GGTCT	ok	True
chr5	25651429	25651430	-	0.55	mod_ratio	60	67	T	CGTCT	ok	False
chr5	25651461	25651462	-	0.636364	mod_ratio	55	63	T	CGTCC	ok	False
chr5	25651919	25651920	-	0.75	mod_ratio	40	53	T	CGTTT	ok	False
chr5	25664466	25664467	-	0.717742	mod_ratio	124	160	T	TGTTT	ok	True
chr5	25664467	25664468	-	0.441176	mod_ratio	68	224	T	GTTTC	ok	False
chr5	25664517	25664518	-	0.488889	mod_ratio	90	228	T	GTTTT	ok	False
chr5	25664845	25664846	-	0.458937	mod_ratio	207	230	T	GGTCC	ok	True
chr5	25665122	25665123	-	0.61658	mod_ratio	193	221	T	GGTTT	ok	True
chr5	25665346	25665347	-	0.732057	mod_ratio	209	222	T	TGTCT	ok	True
chr5	25666172	25666173	-	0.630435	mod_ratio	46	186	T	CGTTT	ok	False
chr5	25667391	25667392	-	0.675556	mod_ratio	225	322	T	TGTCT	ok	True
chr5	25667412	25667413	-	0.764706	mod_ratio	34	373	T	AATTA	ok	False
chr5	25667594	25667595	-	0.463259	mod_ratio	313	390	T	GGTCC	ok	True
chr5	25667604	25667605	-	0.163009	mod_ratio	319	386	T	CGTTC	ok	False
chr5	25667622	25667623	-	0.245847	mod_ratio	301	386	T	GGTCT	ok	True
chr5	25667674	25667675	-	0.247423	mod_ratio	291	383	T	AGTCC	ok	True
chr5	25667705	25667706	-	0.355769	mod_ratio	312	372	T	TGTTT	ok	True
chr5	25672939	25672940	-	0.706897	mod_ratio	58	68	T	GGTCT	ok	True
chr5	25673196	25673197	-	0.87037	mod_ratio	54	62	T	AGTTT	ok	True
chr5	25673563	25673564	-	0.641509	mod_ratio	53	59	T	TGTCC	ok	True
chr5	25673921	25673922	-	0.808511	mod_ratio	47	54	T	TGTCT	ok	True
chr5	25673993	25673994	-	0.829268	mod_ratio	41	50	T	CGTTT	ok	False
chr5	25674804	25674805	-	0.918919	mod_ratio	37	43	T	TGTCT	ok	True
chr5	25674809	25674810	-	0.882353	mod_ratio	34	42	T	GGTTT	ok	True
chr5	25677861	25677862	+	0.710526	mod_ratio	38	49	A	AAACG	ok	False
chr5	25678116	25678117	+	0.644444	mod_ratio	45	50	A	AAACG	ok	False
chr5	25678134	25678135	+	0.666667	mod_ratio	45	48	A	AAACT	ok	True
chr5	25678156	25678157	+	0.589744	mod_ratio	39	48	A	AAACG	ok	False
chr5	25681717	25681718	-	0.925926	mod_ratio	27	29	T	AGTTT	ok	True
chr5	25696005	25696006	+	0.888889	mod_ratio	27	28	A	AGACA	ok	True
chr5	25696513	25696514	+	0.833333	mod_ratio	30	33	A	AGACC	ok	True
chr5	25696521	25696522	+	0.8125	mod_ratio	32	33	A	AAACA	ok	True
chr5	25697587	25697588	-	0.511111	mod_ratio	45	52	T	AGTTT	ok	True
chr5	25697782	25697783	-	0.674419	mod_ratio	43	50	T	TGTTT	ok	True
chr5	25697929	25697930	-	0.756098	mod_ratio	41	48	T	CGTCC	ok	False
chr5	25698634	25698635	-	0.8	mod_ratio	35	38	T	TGTCT	ok	True
chr5	25704190	25704191	+	0.329897	mod_ratio	97	113	A	AAACT	ok	True
chr5	25704365	25704366	+	0.354839	mod_ratio	93	116	A	AAACT	ok	True
chr5	25704525	25704526	+	0.482456	mod_ratio	114	131	A	AGACG	ok	False
chr5	25704575	25704576	+	0.306306	mod_ratio	111	119	A	GGACC	ok	True
chr5	25704582	25704583	+	0.65	mod_ratio	120	133	A	AAACG	ok	False
chr5	25704637	25704638	+	0.315385	mod_ratio	130	134	A	AAACC	ok	True
chr5	25704954	25704955	+	0.835616	mod_ratio	146	156	A	AGACG	ok	False
chr5	25705086	25705087	+	0.264286	mod_ratio	140	153	A	AAACT	ok	True
chr5	25714378	25714379	-	0.833333	mod_ratio	42	48	T	TGTCT	ok	True
chr5	25714987	25714988	-	0.536585	mod_ratio	41	42	T	GGTTT	ok	True
chr5	25720055	25720056	+	0.9375	mod_ratio	32	34	A	AGACG	ok	False
chr5	25720198	25720199	+	0.722222	mod_ratio	36	36	A	AGACA	ok	True
chr5	25720364	25720365	+	0.727273	mod_ratio	33	35	A	GGACA	ok	True
chr5	25720798	25720799	+	0.738095	mod_ratio	42	45	A	AAACC	ok	True
chr5	25720804	25720805	+	0.829268	mod_ratio	41	45	A	GGACG	ok	False
chr5	25731006	25731007	-	0.923077	mod_ratio	26	27	T	CGTTT	ok	False
chr5	25734662	25734663	-	0.635071	mod_ratio	211	411	T	GGTCT	ok	True
chr5	25734691	25734692	-	0.834586	mod_ratio	133	351	T	TGTCC	ok	True
chr5	25734699	25734700	-	0.454198	mod_ratio	262	335	T	AGTTT	ok	True
chr5	25734700	25734701	-	0.531429	mod_ratio	175	479	T	GTTTT	ok	False
chr5	25734726	25734727	-	0.330769	mod_ratio	130	248	T	AGTTT	ok	True
chr5	25734727	25734728	-	0.250896	mod_ratio	279	459	T	GTTTT	ok	False
chr5	25734770	25734771	-	0.625323	mod_ratio	387	434	T	TGTTT	ok	True
chr5	25734789	25734790	-	0.629108	mod_ratio	426	479	T	AGTTT	ok	True
chr5	25734852	25734853	-	0.721106	mod_ratio	398	485	T	AGTTT	ok	True
chr5	25735266	25735267	-	0.771186	mod_ratio	236	279	T	GGTTT	ok	True
chr5	25735267	25735268	-	0.198198	mod_ratio	111	391	T	GTTTT	ok	False
chr5	25735268	25735269	-	0.425287	mod_ratio	87	477	T	TTTTT	ok	False
chr5	25735279	25735280	-	0.41769	mod_ratio	407	476	T	CGTCC	ok	False
chr5	25735929	25735930	-	0.255981	mod_ratio	418	460	T	GGTTT	ok	True
chr5	25735945	25735946	-	0.334184	mod_ratio	392	454	T	GGTTT	ok	True
chr5	25735963	25735964	-	0.336658	mod_ratio	401	464	T	GGTCT	ok	True
chr5	25736020	25736021	-	0.941176	mod_ratio	68	403	T	TGTTT	ok	True
chr5	25739578	25739579	+	0.941176	mod_ratio	34	35	A	GGACG	ok	False
chr5	25740050	25740051	+	0.75	mod_ratio	36	38	A	GGACC	ok	True
chr5	25740425	25740426	+	0.880952	mod_ratio	42	47	A	AGACG	ok	False
chr5	25749689	25749690	+	0.376471	mod_ratio	425	488	A	GAACC	ok	True
chr5	25750217	25750218	+	0.337662	mod_ratio	77	522	A	GAATT	ok	False
chr5	25750249	25750250	+	0.636364	mod_ratio	55	498	A	GGATA	ok	False
chr5	25750296	25750297	+	0.58006	mod_ratio	331	406	A	AAACT	ok	True
chr5	25750337	25750338	+	0.210762	mod_ratio	223	277	A	AGACT	ok	True
chr5	25750360	25750361	+	0.296651	mod_ratio	209	260	A	AAACA	ok	True
chr5	25772953	25772954	-	0.635135	mod_ratio	74	102	T	TGTTT	ok	True
chr5	25772994	25772995	-	0.390625	mod_ratio	64	92	T	TGTCC	ok	True
chr5	25773102	25773103	-	0.801802	mod_ratio	111	117	T	TGTCC	ok	True
chr5	25773362	25773363	-	0.878788	mod_ratio	66	83	T	CGTTT	ok	False
chr5	25773713	25773714	-	0.25	mod_ratio	108	114	T	AGTTC	ok	True
chr5	25774306	25774307	-	0.695652	mod_ratio	92	107	T	AGTTT	ok	True
chr5	25774693	25774694	-	0.376344	mod_ratio	93	101	T	AGTTC	ok	True
chr5	25774922	25774923	-	0.653333	mod_ratio	75	90	T	TGTCT	ok	True
chr5	25783475	25783476	+	0.827586	mod_ratio	29	34	A	AGACA	ok	True
chr5	25839404	25839405	-	0.916667	mod_ratio	24	34	T	GTTTT	ok	False
chr5	25852612	25852613	-	0.793103	mod_ratio	29	38	T	CGTCC	ok	False
chr5	25886055	25886056	+	0.6875	mod_ratio	32	35	A	AAACG	ok	False
chr5	25897511	25897512	-	0.595506	mod_ratio	89	137	T	CGTTT	ok	False
chr5	25897525	25897526	-	0.213675	mod_ratio	117	152	T	TGTTC	ok	True
chr5	25897601	25897602	-	0.688073	mod_ratio	109	146	T	TGTTT	ok	True
chr5	25897676	25897677	-	0.445312	mod_ratio	128	153	T	TGTTT	ok	True
chr5	25913765	25913766	+	0.442308	mod_ratio	52	57	A	GAACT	ok	True
chr5	25916942	25916943	-	0.833333	mod_ratio	72	201	T	GTTTT	ok	False
chr5	25916950	25916951	-	0.375723	mod_ratio	173	190	T	TGTTT	ok	True
chr5	25916959	25916960	-	0.417989	mod_ratio	189	204	T	AGTTC	ok	True
chr5	25916997	25916998	-	0.933333	mod_ratio	165	190	T	TGTTT	ok	True
chr5	25917125	25917126	-	0.306452	mod_ratio	186	200	T	TGTTC	ok	True
chr5	25917307	25917308	-	0.256098	mod_ratio	164	193	T	TGTTT	ok	True
chr5	25917359	25917360	-	0.512195	mod_ratio	164	187	T	CGTTT	ok	False
chr5	25917500	25917501	-	0.795181	mod_ratio	166	187	T	TGTCT	ok	True
chr5	25917517	25917518	-	0.285714	mod_ratio	161	181	T	GGTTC	ok	True
chr5	25917521	25917522	-	0.585987	mod_ratio	157	186	T	CGTCC	ok	False
chr5	25917640	25917641	-	0.437086	mod_ratio	151	181	T	CGTCC	ok	False
chr5	25917696	25917697	-	0.487013	mod_ratio	154	178	T	AGTTT	ok	True
chr5	25917708	25917709	-	0.731092	mod_ratio	119	145	T	TGTTT	ok	True
chr5	25917849	25917850	-	0.559748	mod_ratio	159	173	T	TGTTC	ok	True
chr5	25917859	25917860	-	0.5	mod_ratio	136	175	T	AGTTT	ok	True
chr5	25917955	25917956	-	0.916667	mod_ratio	156	170	T	CGTTT	ok	False
chr5	25918137	25918138	-	0.337079	mod_ratio	89	109	T	TGTTT	ok	True
chr5	25918138	25918139	-	0.649123	mod_ratio	57	162	T	GTTTT	ok	False
chr5	25918168	25918169	-	0.601504	mod_ratio	133	166	T	TGTCC	ok	True
chr5	25918250	25918251	-	0.356061	mod_ratio	132	149	T	AGTTT	ok	True
chr5	25918594	25918595	-	0.748344	mod_ratio	151	157	T	TGTCC	ok	True
chr5	25919428	25919429	-	0.830769	mod_ratio	65	104	T	GTTTT	ok	False
chr5	25919445	25919446	-	0.777778	mod_ratio	99	118	T	CGTTT	ok	False
chr5	25919505	25919506	-	0.696078	mod_ratio	102	116	T	CGTCT	ok	False
chr5	25919516	25919517	-	0.625	mod_ratio	104	111	T	TGTTT	ok	True
chr5	25919527	25919528	-	0.288462	mod_ratio	104	115	T	GGTCT	ok	True
chr5	25919576	25919577	-	0.442105	mod_ratio	95	115	T	CGTCT	ok	False
chr5	25923252	25923253	+	0.542373	mod_ratio	59	71	A	AGACA	ok	True
chr5	25949158	25949159	+	0.651685	mod_ratio	89	89	A	AAACA	ok	True
chr5	25949177	25949178	+	0.867647	mod_ratio	68	92	A	AGACA	ok	True
chr5	25949368	25949369	+	0.81	mod_ratio	100	107	A	AAACG	ok	False
chr5	25949428	25949429	+	0.553398	mod_ratio	103	109	A	GAACG	ok	False
chr5	25952435	25952436	+	0.180328	mod_ratio	183	198	A	AAACC	ok	True
chr5	25952647	25952648	+	0.125683	mod_ratio	183	206	A	GGACC	ok	True
chr5	25952665	25952666	+	0.761905	mod_ratio	168	204	A	GGACA	ok	True
chr5	25952699	25952700	+	0.817204	mod_ratio	186	207	A	AGACA	ok	True
chr5	25952738	25952739	+	0.552764	mod_ratio	199	208	A	GAACG	ok	False
chr5	25952903	25952904	+	0.372093	mod_ratio	172	215	A	AAACA	ok	True
chr5	25953209	25953210	+	0.278409	mod_ratio	176	218	A	AGACA	ok	True
chr5	25953304	25953305	+	0.298246	mod_ratio	114	233	A	AAACT	ok	True
chr5	25953317	25953318	+	0.585366	mod_ratio	205	234	A	GAACA	ok	True
chr5	25953460	25953461	+	0.470238	mod_ratio	168	192	A	AAACC	ok	True
chr5	25953560	25953561	+	0.508065	mod_ratio	124	187	A	AAACC	ok	True
chr5	25953695	25953696	+	0.122905	mod_ratio	179	241	A	GAACT	ok	True
chr5	25953739	25953740	+	0.595745	mod_ratio	188	209	A	AGACT	ok	True
chr5	25958077	25958078	+	0.741935	mod_ratio	31	39	A	AAACC	ok	True
chr5	25969273	25969274	+	0.545455	mod_ratio	66	68	A	AAACG	ok	False
chr5	25970080	25970081	+	0.549296	mod_ratio	71	78	A	GGACG	ok	False
chr5	25971076	25971077	+	0.287234	mod_ratio	94	105	A	GGACG	ok	False
chr5	25971721	25971722	+	0.387931	mod_ratio	116	137	A	AGACA	ok	True
chr5	25971898	25971899	+	0.915254	mod_ratio	118	145	A	AAACG	ok	False
chr5	25971957	25971958	+	0.236641	mod_ratio	131	146	A	GAACC	ok	True
chr5	25972272	25972273	+	0.448052	mod_ratio	154	163	A	GAACA	ok	True
chr5	25972483	25972484	+	0.74359	mod_ratio	117	162	A	AGACA	ok	True
chr5	25972494	25972495	+	0.774648	mod_ratio	71	146	A	GGACC	ok	True
chr5	25972521	25972522	+	0.75	mod_ratio	140	157	A	AGACG	ok	False
chr5	25972543	25972544	+	0.491379	mod_ratio	116	133	A	GAACT	ok	True
chr5	25974444	25974445	+	0.268293	mod_ratio	82	95	A	GAACG	ok	False
chr5	25974516	25974517	+	0.848485	mod_ratio	66	96	A	AGACA	ok	True
chr5	25975273	25975274	+	0.408163	mod_ratio	98	112	A	GGACG	ok	False
chr5	25975292	25975293	+	0.878049	mod_ratio	82	106	A	AAACT	ok	True
chr5	25975416	25975417	+	0.277228	mod_ratio	101	114	A	GAACT	ok	True
chr5	25975433	25975434	+	0.22449	mod_ratio	98	118	A	GAACG	ok	False
chr5	25975477	25975478	+	0.576471	mod_ratio	85	109	A	GGACC	ok	True
chr5	25975538	25975539	+	0.5	mod_ratio	98	118	A	GGACA	ok	True
chr5	25975555	25975556	+	0.346535	mod_ratio	101	119	A	AAACT	ok	True
chr5	25975623	25975624	+	0.460784	mod_ratio	102	119	A	AAACT	ok	True
chr5	26009964	26009965	-	0.764706	mod_ratio	34	35	T	AGTTT	ok	True
chr5	26010325	26010326	-	0.892857	mod_ratio	28	30	T	TGTTT	ok	True
chr5	26010372	26010373	-	0.774194	mod_ratio	31	32	T	TGTTC	ok	True
chr5	26060067	26060068	+	0.870968	mod_ratio	31	32	A	AAACA	ok	True
chr5	26060610	26060611	+	0.766667	mod_ratio	30	34	A	AGACA	ok	True
chr5	26060617	26060618	+	0.875	mod_ratio	32	34	A	AAACA	ok	True
chr5	26061330	26061331	+	0.372414	mod_ratio	290	810	A	GGACG	ok	False
chr5	26061461	26061462	+	0.250643	mod_ratio	778	860	A	AAACC	ok	True
chr5	26062332	26062333	+	0.484375	mod_ratio	64	894	A	GGATG	ok	False
chr5	26062430	26062431	+	0.188321	mod_ratio	685	808	A	AGACC	ok	True
chr5	26062451	26062452	+	0.121532	mod_ratio	757	903	A	AAACT	ok	True
chr5	26062509	26062510	+	0.581395	mod_ratio	43	911	A	AAAAC	ok	False
chr5	26062510	26062511	+	0.363363	mod_ratio	666	893	A	AAACC	ok	True
chr5	26062583	26062584	+	0.371134	mod_ratio	485	866	A	GAACC	ok	True
chr5	26080498	26080499	-	0.586957	mod_ratio	46	48	T	GGTTT	ok	True
chr5	26080732	26080733	-	0.934783	mod_ratio	46	51	T	TGTTT	ok	True
chr5	26103431	26103432	-	0.827586	mod_ratio	29	35	T	TGTCC	ok	True
chr5	26103476	26103477	-	0.84375	mod_ratio	32	35	T	CGTTT	ok	False
chr5	26120075	26120076	-	0.318777	mod_ratio	229	277	T	AGTCT	ok	True
chr5	26120268	26120269	-	0.692308	mod_ratio	169	187	T	TGTTT	ok	True
chr5	26120269	26120270	-	0.666667	mod_ratio	84	275	T	GTTTT	ok	False
chr5	26120373	26120374	-	0.472803	mod_ratio	239	267	T	AGTTC	ok	True
chr5	26123042	26123043	-	0.765432	mod_ratio	81	132	T	GTTTT	ok	False
chr5	26123433	26123434	-	0.572581	mod_ratio	124	132	T	GGTTT	ok	True
chr5	26123587	26123588	-	0.438017	mod_ratio	121	127	T	AGTTT	ok	True
chr5	26123648	26123649	-	0.228571	mod_ratio	105	123	T	AGTTT	ok	True
chr5	26123829	26123830	-	0.322581	mod_ratio	93	102	T	AGTTT	ok	True
chr5	26123842	26123843	-	0.79	mod_ratio	100	112	T	CGTCT	ok	False
chr5	26125270	26125271	-	0.368421	mod_ratio	76	87	T	AGTTT	ok	True
chr5	26125317	26125318	-	0.382353	mod_ratio	68	89	T	GGTCC	ok	True
chr5	26125813	26125814	-	0.450704	mod_ratio	71	81	T	CGTCC	ok	False
chr5	26126240	26126241	-	0.634615	mod_ratio	52	68	T	TGTCT	ok	True
chr5	26148700	26148701	-	0.673469	mod_ratio	196	226	T	GGTCC	ok	True
chr5	26148747	26148748	-	0.11	mod_ratio	200	226	T	TGTCC	ok	True
chr5	26149378	26149379	-	0.457895	mod_ratio	190	213	T	TGTTT	ok	True
chr5	26149496	26149497	-	0.256684	mod_ratio	187	214	T	CGTCC	ok	False
chr5	26149966	26149967	-	0.361111	mod_ratio	180	202	T	AGTCT	ok	True
chr5	26150162	26150163	-	0.523529	mod_ratio	170	190	T	TGTTC	ok	True
chr5	26173373	26173374	+	0.862069	mod_ratio	29	31	A	AAACG	ok	False
chr5	26174531	26174532	+	0.675676	mod_ratio	37	43	A	AGACA	ok	True
chr5	26174724	26174725	+	0.658537	mod_ratio	41	46	A	AGACG	ok	False
chr5	26174732	26174733	+	0.594595	mod_ratio	37	47	A	AGACC	ok	True
chr5	26174753	26174754	+	0.769231	mod_ratio	39	47	A	GGACA	ok	True
chr5	26174855	26174856	+	0.911111	mod_ratio	45	47	A	AAACA	ok	True
chr5	26176100	26176101	+	0.651163	mod_ratio	43	48	A	GGACG	ok	False
chr5	26176105	26176106	+	0.883721	mod_ratio	43	48	A	AAACG	ok	False
chr5	26177116	26177117	+	0.508197	mod_ratio	61	68	A	GGACC	ok	True
chr5	26177403	26177404	+	0.786667	mod_ratio	75	77	A	GAACA	ok	True
chr5	26224683	26224684	+	0.757576	mod_ratio	33	38	A	GGACG	ok	False
chr5	26224859	26224860	+	0.694444	mod_ratio	36	42	A	AAACA	ok	True
chr5	26225552	26225553	+	0.673913	mod_ratio	46	52	A	GGACA	ok	True
chr5	26245614	26245615	-	0.186992	mod_ratio	123	141	T	GGTTT	ok	True
chr5	26246035	26246036	-	0.420168	mod_ratio	119	137	T	GGTTT	ok	True
chr5	26246108	26246109	-	0.605769	mod_ratio	104	132	T	TGTCC	ok	True
chr5	26254448	26254449	+	0.287234	mod_ratio	94	100	A	AAACC	ok	True
chr5	26254946	26254947	+	0.385417	mod_ratio	96	112	A	AAACA	ok	True
chr5	26255485	26255486	+	0.733945	mod_ratio	109	136	A	AGACC	ok	True
chr5	26256142	26256143	+	0.378788	mod_ratio	132	146	A	GAACA	ok	True
chr5	26256208	26256209	+	0.31405	mod_ratio	121	138	A	AAACA	ok	True
chr5	26299417	26299418	+	0.484472	mod_ratio	161	184	A	GGACG	ok	False
chr5	26299438	26299439	+	0.426829	mod_ratio	164	180	A	AAACT	ok	True
chr5	26299676	26299677	+	0.358382	mod_ratio	173	195	A	AAACA	ok	True
chr5	26299776	26299777	+	0.234043	mod_ratio	188	204	A	AAACA	ok	True
chr5	26299943	26299944	+	0.179487	mod_ratio	195	203	A	AAACA	ok	True
chr5	26300118	26300119	+	0.528736	mod_ratio	174	239	A	GGACC	ok	True
chr5	26300138	26300139	+	0.14359	mod_ratio	195	240	A	GAACC	ok	True
chr5	26300457	26300458	+	0.307692	mod_ratio	130	160	A	AAACA	ok	True
chr5	26318495	26318496	+	0.69697	mod_ratio	33	35	A	GAACA	ok	True
chr5	26318586	26318587	+	0.857143	mod_ratio	28	36	A	AAACC	ok	True
chr5	26343867	26343868	-	0.775	mod_ratio	40	49	T	TGTCT	ok	True
chr5	26343898	26343899	-	0.744186	mod_ratio	43	51	T	GGTTT	ok	True
chr5	26344094	26344095	-	0.692308	mod_ratio	65	76	T	TGTTT	ok	True
chr5	26344638	26344639	-	0.5	mod_ratio	58	67	T	CGTTC	ok	False
chr5	26410638	26410639	+	0.398104	mod_ratio	211	299	A	AGACG	ok	False
chr5	26410880	26410881	+	0.347985	mod_ratio	273	305	A	GAACC	ok	True
chr5	26410896	26410897	+	0.359712	mod_ratio	278	307	A	GAACA	ok	True
chr5	26410917	26410918	+	0.643411	mod_ratio	258	309	A	GGACA	ok	True
chr5	26411157	26411158	+	0.589928	mod_ratio	278	318	A	AAACA	ok	True
chr5	26432536	26432537	-	0.642857	mod_ratio	42	43	T	TGTTT	ok	True
chr5	26432972	26432973	-	0.62	mod_ratio	50	56	T	CGTTT	ok	False
chr5	26433008	26433009	-	0.594595	mod_ratio	37	55	T	TGTCC	ok	True
chr5	26437736	26437737	-	0.470588	mod_ratio	51	54	T	AGTTT	ok	True
chr5	26451065	26451066	-	0.825926	mod_ratio	270	399	T	AGTTT	ok	True
chr5	26451095	26451096	-	0.51	mod_ratio	200	377	T	TGTTT	ok	True
chr5	26451096	26451097	-	0.522321	mod_ratio	224	608	T	GTTTT	ok	False
chr5	26451108	26451109	-	0.223214	mod_ratio	224	604	T	AATCC	ok	False
chr5	26451489	26451490	-	0.625767	mod_ratio	489	645	T	TGTCT	ok	True
chr5	26451560	26451561	-	0.281139	mod_ratio	562	632	T	TGTCT	ok	True
chr5	26451566	26451567	-	0.251012	mod_ratio	494	626	T	GGTTC	ok	True
chr5	26451897	26451898	-	0.126087	mod_ratio	460	538	T	AGTTC	ok	True
chr5	26451903	26451904	-	0.40678	mod_ratio	472	539	T	TGTTC	ok	True
chr5	26452033	26452034	-	0.28903	mod_ratio	474	533	T	GGTCT	ok	True
chr5	26452065	26452066	-	0.153499	mod_ratio	443	529	T	GGTCC	ok	True
chr5	26452244	26452245	-	0.117914	mod_ratio	441	470	T	AGTCT	ok	True
chr5	26452351	26452352	-	0.287912	mod_ratio	455	507	T	GGTCT	ok	True
chr5	26452633	26452634	-	0.119241	mod_ratio	369	450	T	TGTTC	ok	True
chr5	26452660	26452661	-	0.167431	mod_ratio	436	466	T	GGTTC	ok	True
chr5	26452668	26452669	-	0.58753	mod_ratio	417	460	T	GGTTT	ok	True
chr5	26466817	26466818	+	0.488889	mod_ratio	45	54	A	GGACG	ok	False
chr5	26467743	26467744	+	0.576271	mod_ratio	59	66	A	AAACC	ok	True
chr5	26468143	26468144	+	0.328358	mod_ratio	67	71	A	GAACT	ok	True
chr5	26468202	26468203	+	0.365079	mod_ratio	63	71	A	GGACG	ok	False
chr5	26468337	26468338	+	0.578947	mod_ratio	38	64	A	AAACC	ok	True
chr5	26547443	26547444	-	0.816327	mod_ratio	49	65	T	GGTCC	ok	True
chr5	26547659	26547660	-	0.511111	mod_ratio	45	61	T	GGTTT	ok	True
chr5	26549754	26549755	-	0.870968	mod_ratio	62	86	T	TGTCT	ok	True
chr5	26550097	26550098	-	0.38835	mod_ratio	103	115	T	TGTTT	ok	True
chr5	26550124	26550125	-	0.446809	mod_ratio	94	117	T	CGTCC	ok	False
chr5	26550640	26550641	-	0.37931	mod_ratio	87	97	T	GGTCT	ok	True
chr5	26550679	26550680	-	0.358025	mod_ratio	81	95	T	GGTCC	ok	True
chr5	26551444	26551445	-	0.347222	mod_ratio	72	82	T	AGTTT	ok	True
chr5	26553859	26553860	-	0.774648	mod_ratio	71	88	T	TGTCC	ok	True
chr5	26554000	26554001	-	0.280488	mod_ratio	82	88	T	AGTCT	ok	True
chr5	26554593	26554594	-	0.443038	mod_ratio	79	83	T	GGTTT	ok	True
chr5	26554975	26554976	-	0.714286	mod_ratio	70	78	T	GGTCC	ok	True
chr5	26555627	26555628	-	0.764706	mod_ratio	34	37	T	CGTCC	ok	False
chr5	26568732	26568733	+	0.202765	mod_ratio	434	2879	A	AGACT	ok	True
chr5	26568866	26568867	+	0.217026	mod_ratio	2502	3189	A	AAACT	ok	True
chr5	26569339	26569340	+	0.201148	mod_ratio	3137	3478	A	AGACA	ok	True
chr5	26569366	26569367	+	0.585765	mod_ratio	3358	3574	A	GAACG	ok	False
chr5	26569391	26569392	+	0.673077	mod_ratio	52	3588	A	TGACG	ok	False
chr5	26569419	26569420	+	0.432423	mod_ratio	2967	3610	A	AAACC	ok	True
chr5	26569481	26569482	+	0.561728	mod_ratio	162	3662	A	AGACA	ok	True
chr5	26569566	26569567	+	0.24874	mod_ratio	3373	3746	A	GGACC	ok	True
chr5	26569672	26569673	+	0.482587	mod_ratio	3618	3841	A	AGACG	ok	False
chr5	26569745	26569746	+	0.546512	mod_ratio	86	3923	A	GAACG	ok	False
chr5	26569772	26569773	+	0.694927	mod_ratio	2937	3852	A	AAACA	ok	True
chr5	26569780	26569781	+	0.8	mod_ratio	30	3976	A	TGACG	ok	False
chr5	26569793	26569794	+	0.52439	mod_ratio	82	3994	A	AAACC	ok	True
chr5	26569798	26569799	+	0.836818	mod_ratio	3444	3982	A	AGACA	ok	True
chr5	26569852	26569853	+	0.740858	mod_ratio	3473	4143	A	GGACC	ok	True
chr5	26569945	26569946	+	0.179331	mod_ratio	329	4322	A	GAACG	ok	False
chr5	26570010	26570011	+	0.314732	mod_ratio	448	4323	A	AGACA	ok	True
chr5	26570265	26570266	+	0.559767	mod_ratio	343	625	A	AAACA	ok	True
chr5	26572696	26572697	+	0.814815	mod_ratio	27	30	A	AAACG	ok	False
chr5	26573116	26573117	+	0.866667	mod_ratio	30	35	A	AGACA	ok	True
chr5	26574328	26574329	+	0.837838	mod_ratio	37	44	A	AAACT	ok	True
chr5	26574334	26574335	+	0.692308	mod_ratio	39	44	A	AAACC	ok	True
chr5	26574340	26574341	+	0.714286	mod_ratio	42	43	A	AAACA	ok	True
chr5	26619065	26619066	-	0.571429	mod_ratio	42	45	T	GGTTC	ok	True
chr5	26639180	26639181	-	0.731707	mod_ratio	41	41	T	GGTCT	ok	True
chr5	26639256	26639257	-	0.722222	mod_ratio	36	40	T	TGTTC	ok	True
chr5	26655886	26655887	+	0.72973	mod_ratio	37	42	A	GGACC	ok	True
chr5	26655968	26655969	+	0.589744	mod_ratio	39	48	A	AGACC	ok	True
chr5	26656495	26656496	+	0.666667	mod_ratio	51	58	A	GGACA	ok	True
chr5	26656513	26656514	+	0.867925	mod_ratio	53	58	A	AAACG	ok	False
chr5	26656918	26656919	+	0.730769	mod_ratio	52	65	A	AAACG	ok	False
chr5	26657350	26657351	+	0.430769	mod_ratio	65	74	A	AAACT	ok	True
chr5	26701297	26701298	-	0.885246	mod_ratio	61	65	T	GGTTT	ok	True
chr5	26701427	26701428	-	0.804878	mod_ratio	41	61	T	AGTTT	ok	True
chr5	26702428	26702429	-	0.897959	mod_ratio	49	56	T	CGTCT	ok	False
chr5	26753591	26753592	-	0.639423	mod_ratio	208	253	T	TGTCT	ok	True
chr5	26753612	26753613	-	0.412	mod_ratio	250	282	T	TGTTT	ok	True
chr5	26753752	26753753	-	0.680702	mod_ratio	285	343	T	TGTCT	ok	True
chr5	26754122	26754123	-	0.14658	mod_ratio	307	330	T	GGTTC	ok	True
chr5	26754163	26754164	-	0.165563	mod_ratio	302	325	T	CGTCT	ok	False
chr5	26754677	26754678	-	0.793893	mod_ratio	262	291	T	CGTTC	ok	False
chr5	26754845	26754846	-	0.352381	mod_ratio	105	121	T	AGTTT	ok	True
chr5	26755347	26755348	-	0.863208	mod_ratio	212	240	T	CGTTT	ok	False
chr5	26755874	26755875	-	0.125	mod_ratio	184	203	T	TGTTT	ok	True
chr5	26755880	26755881	-	0.673575	mod_ratio	193	214	T	TGTCC	ok	True
chr5	26756655	26756656	-	0.147727	mod_ratio	176	185	T	TGTTC	ok	True
chr5	26757000	26757001	-	0.944882	mod_ratio	127	136	T	TGTTT	ok	True
chr5	26757130	26757131	-	0.935897	mod_ratio	78	103	T	CGTTT	ok	False
chr5	26768633	26768634	+	0.916667	mod_ratio	72	107	A	AAACG	ok	False
chr5	26820180	26820181	-	0.87234	mod_ratio	47	53	T	CGTTT	ok	False
chr5	26820265	26820266	-	0.66	mod_ratio	50	55	T	AGTTT	ok	True
chr5	26820546	26820547	-	0.914894	mod_ratio	47	52	T	GGTCT	ok	True
chr5	26821810	26821811	-	0.714286	mod_ratio	35	40	T	CGTCT	ok	False
chr5	26836346	26836347	+	0.55102	mod_ratio	49	55	A	AAACG	ok	False
chr5	26836390	26836391	+	0.52	mod_ratio	50	53	A	AAACC	ok	True
chr5	26836546	26836547	+	0.973684	mod_ratio	38	56	A	AAACG	ok	False
chr5	26836805	26836806	+	0.76	mod_ratio	50	61	A	AGACC	ok	True
chr5	26836936	26836937	+	0.604167	mod_ratio	48	64	A	AGACG	ok	False
chr5	26837474	26837475	+	0.977273	mod_ratio	44	67	A	GGACA	ok	True
chr5	26837627	26837628	+	0.397059	mod_ratio	68	73	A	AAACC	ok	True
chr5	26837692	26837693	+	0.5	mod_ratio	56	70	A	AAACA	ok	True
chr5	26837754	26837755	+	0.605263	mod_ratio	38	56	A	GAACA	ok	True
chr5	26854094	26854095	+	0.588235	mod_ratio	51	59	A	AAACA	ok	True
chr5	26854195	26854196	+	0.75	mod_ratio	44	60	A	GGACA	ok	True
chr5	26854309	26854310	+	0.431373	mod_ratio	51	62	A	AGACG	ok	False
chr5	26854406	26854407	+	0.360656	mod_ratio	61	62	A	GAACT	ok	True
chr5	26854730	26854731	+	0.72	mod_ratio	50	60	A	AAACC	ok	True
chr5	26855170	26855171	+	0.8125	mod_ratio	32	69	A	GGACG	ok	False
chr5	26862588	26862589	+	0.604651	mod_ratio	43	47	A	AGACG	ok	False
chr5	26862988	26862989	+	0.818182	mod_ratio	44	51	A	GGACA	ok	True
chr5	26863099	26863100	+	0.636364	mod_ratio	44	54	A	GGACA	ok	True
chr5	26863251	26863252	+	0.454545	mod_ratio	55	58	A	AAACG	ok	False
chr5	26872087	26872088	-	0.96875	mod_ratio	32	104	T	GTTTT	ok	False
chr5	26872103	26872104	-	0.426966	mod_ratio	89	117	T	GGTTT	ok	True
chr5	26872353	26872354	-	0.443038	mod_ratio	79	105	T	GGTTC	ok	True
chr5	26872406	26872407	-	0.361702	mod_ratio	94	106	T	AGTCC	ok	True
chr5	26872539	26872540	-	0.632184	mod_ratio	87	101	T	CGTCT	ok	False
chr5	26872844	26872845	-	0.646154	mod_ratio	65	80	T	CGTCC	ok	False
chr5	26872956	26872957	-	0.5	mod_ratio	66	77	T	GGTTT	ok	True
chr5	26873022	26873023	-	0.681818	mod_ratio	66	72	T	GGTTT	ok	True
chr5	26873494	26873495	-	0.931818	mod_ratio	44	55	T	CGTTT	ok	False
chr5	26873880	26873881	-	0.761905	mod_ratio	42	50	T	GGTCC	ok	True
chr5	26877929	26877930	-	0.203791	mod_ratio	211	239	T	GGTTC	ok	True
chr5	26877977	26877978	-	0.553957	mod_ratio	139	156	T	GGTTT	ok	True
chr5	26877978	26877979	-	0.353659	mod_ratio	82	240	T	GTTTT	ok	False
chr5	26878046	26878047	-	0.304545	mod_ratio	220	236	T	TGTTC	ok	True
chr5	26878058	26878059	-	0.397129	mod_ratio	209	230	T	TGTTT	ok	True
chr5	26878062	26878063	-	0.127358	mod_ratio	212	230	T	TGTTT	ok	True
chr5	26878624	26878625	-	0.664835	mod_ratio	182	222	T	GGTTT	ok	True
chr5	26878687	26878688	-	0.505051	mod_ratio	198	218	T	AGTCT	ok	True
chr5	26878841	26878842	-	0.255	mod_ratio	200	208	T	AGTTC	ok	True
chr5	26879199	26879200	-	0.310345	mod_ratio	174	193	T	GGTCT	ok	True
chr5	26881010	26881011	-	0.774194	mod_ratio	31	35	T	CGTTT	ok	False
chr5	26881178	26881179	-	0.615385	mod_ratio	39	42	T	GGTTT	ok	True
chr5	26881334	26881335	-	0.714286	mod_ratio	35	41	T	TGTCT	ok	True
chr5	26886034	26886035	+	0.590909	mod_ratio	44	55	A	GGACA	ok	True
chr5	26886199	26886200	+	0.5	mod_ratio	58	58	A	GAACG	ok	False
chr5	26886654	26886655	+	0.508475	mod_ratio	59	64	A	AGACC	ok	True
chr5	26886788	26886789	+	0.436364	mod_ratio	55	65	A	GAACT	ok	True
chr5	26886803	26886804	+	0.854545	mod_ratio	55	66	A	AAACG	ok	False
chr5	26886976	26886977	+	0.365079	mod_ratio	63	66	A	AAACT	ok	True
chr5	26887049	26887050	+	0.923077	mod_ratio	39	43	A	AAACC	ok	True
chr5	26887204	26887205	+	0.688889	mod_ratio	45	60	A	AAACT	ok	True
chr5	26904485	26904486	-	0.517544	mod_ratio	114	145	T	GGTCC	ok	True
chr5	26904568	26904569	-	0.926316	mod_ratio	95	105	T	CGTTT	ok	False
chr5	26904604	26904605	-	0.295455	mod_ratio	132	144	T	CGTTT	ok	False
chr5	26904667	26904668	-	0.190083	mod_ratio	121	139	T	CGTCC	ok	False
chr5	26904809	26904810	-	0.682692	mod_ratio	104	127	T	CGTTT	ok	False
chr5	26905004	26905005	-	0.504348	mod_ratio	115	128	T	GGTCT	ok	True
chr5	26905030	26905031	-	0.627273	mod_ratio	110	126	T	TGTTT	ok	True
chr5	26905333	26905334	-	0.51087	mod_ratio	92	103	T	GGTTT	ok	True
chr5	26905461	26905462	-	0.506173	mod_ratio	81	100	T	AGTTT	ok	True
chr5	26905483	26905484	-	0.494382	mod_ratio	89	96	T	GGTTT	ok	True
chr5	26905509	26905510	-	0.3	mod_ratio	90	102	T	TGTCT	ok	True
chr5	26934551	26934552	-	0.288889	mod_ratio	90	108	T	CGTCC	ok	False
chr5	26934683	26934684	-	0.271605	mod_ratio	81	87	T	TGTTC	ok	True
chr5	26937821	26937822	-	0.430769	mod_ratio	65	151	T	AGTCC	ok	True
chr5	26938038	26938039	-	0.617925	mod_ratio	212	248	T	CGTCC	ok	False
chr5	26938229	26938230	-	0.471795	mod_ratio	195	242	T	CGTCC	ok	False
chr5	26938287	26938288	-	0.18593	mod_ratio	199	235	T	TGTTT	ok	True
chr5	26951913	26951914	+	0.6875	mod_ratio	48	64	A	AAACT	ok	True
chr5	26958099	26958100	+	0.196507	mod_ratio	229	264	A	GGACT	ok	True
chr5	26958402	26958403	+	0.502439	mod_ratio	205	281	A	GAACA	ok	True
chr5	26958676	26958677	+	0.11157	mod_ratio	242	287	A	GGACT	ok	True
chr5	26959315	26959316	+	0.424603	mod_ratio	252	296	A	GGACA	ok	True
chr5	26959351	26959352	+	0.327586	mod_ratio	174	299	A	AAACT	ok	True
chr5	26959396	26959397	+	0.559322	mod_ratio	236	297	A	AAACC	ok	True
chr5	26959465	26959466	+	0.201087	mod_ratio	184	286	A	GAACC	ok	True
chr5	26959519	26959520	+	0.5	mod_ratio	160	216	A	AAACA	ok	True
chr5	26959957	26959958	-	0.787611	mod_ratio	113	151	T	CGTTT	ok	False
chrm	8943	8944	-	0.988764	mod_ratio	89	106	T	CGTTT	ok	False
chrm	9004	9005	-	0.409524	mod_ratio	105	116	T	TGTTC	ok	True
chrm	9016	9017	-	0.401869	mod_ratio	107	117	T	TGTTC	ok	True
chrm	9204	9205	-	0.862069	mod_ratio	87	107	T	TGTCT	ok	True
chrm	9437	9438	-	0.608696	mod_ratio	69	76	T	TGTTC	ok	True
chrm	9450	9451	-	0.656716	mod_ratio	67	79	T	GGTCT	ok	True
chrm	9729	9730	-	0.516667	mod_ratio	60	63	T	GGTCT	ok	True
chrm	9737	9738	-	0.666667	mod_ratio	51	63	T	CGTCT	ok	False
chrm	11884	11885	-	0.392857	mod_ratio	56	74	T	GGTCT	ok	True
chrm	11920	11921	-	0.761905	mod_ratio	63	71	T	TGTTT	ok	True
